,Cov_0,Cov_1,Cov_2,Cov_3,Cov_4,Cov_5,Cov_6,Cov_7,Cov_8,Cov_9,Cov_10,Cov_11,Cov_12,Cov_36,Cov_37,Cov_38,Cov_39,Cov_40,Cov_41,Cov_42,Cov_43,Cov_44,Cov_45,Cov_46,Cov_47,Cov_48,Cov_49,Cov_50,Cov_51,Cov_52,Cov_53,Cov_54,Cov_55,Cov_56,Cov_57,Cov_58,Cov_59,Cov_60,Cov_61,Cov_62,Cov_63,Cov_64,Cov_65,Cov_66,Cov_67,Cov_68,Cov_69,Cov_70,Cov_71,C_0,C_1,C_2,C_3,C_4,C_5,C_6,C_7,C_8,C_9,C_10,C_11,C_12,C_36,C_37,C_38,C_39,C_40,C_41,C_42,C_43,C_44,C_45,C_46,C_47,C_48,C_49,C_50,C_51,C_52,C_53,C_54,C_55,C_56,C_57,C_58,C_59,C_60,C_61,C_62,C_63,C_64,C_65,C_66,C_67,C_68,C_69,C_70,C_71,Mean,Std
0,1052.6503655811,8.29385990284747,866.441136880151,754.08325382694,12.2732544618426,266.34872498962,3.36168093073176,29.1468990312633,-4.44239748699584,19.8219276800853,74.9040465268854,6.18268833753255,45.4868954055868,-3.31216606133906,11.1445480182838,-2.01331419038331,0.318725638095045,-5.9462149960044,-13.0815032159952,-8.87328573517326,-54.0154365417148,-3.10569504667746,6.54967855200911,-11.739491482303,2.39698919759663,-38.7877849813176,5.05020313456634,41.8191037924432,-1.31866214078934,3.89591158932407,-7.67100118332213,-13.9091122147115,3.87316266461032,34.3107313825418,20.8024371890931,-6.69818147427859,0.30742762396755,55.6202033838497,-8.83190885453644,46.1606661433251,21.4531495419812,124.433640093167,59.3911108997718,21.7472916972847,-0.87114670972991,-36.8578615717344,-135.606020851139,13.7113273135489,61.9652722368337,0.25748046315779716,0.014264563375381713,-0.2110806535701549,-0.07891203079779746,0.0687076732890114,0.13684784111214282,0.03824541427700124,-0.04806464373093518,0.07032755940672639,0.15200659060285088,-0.12264636699622643,0.010926714227572092,0.14527727431242432,0.024153804491271646,-0.1117085895813275,-0.04966045855469151,-0.2895250167997224,-0.11544003665930916,0.023315816570702506,0.0521774405034662,-0.03380508138932192,-0.101531007831603,0.038191450012566415,-0.14485369055493025,-0.1570894262250947,0.10023700672660746,0.10523617018419625,0.039466877460259654,-0.002144354658267539,0.08205077012833778,-0.04875054735141151,-0.0041973041397183565,-0.009853663122410367,-0.22507900612143442,-0.10389765614378843,-0.050364157436341865,0.009285346066493814,-0.0854318180907653,0.0005115223252997594,-0.10922057150979479,0.1456349019713617,-0.08723907175876132,-0.05463561426739751,0.2606760034025779,-0.16009511942307023,0.1348767448633768,0.0037882212212241,0.01326213072943835,-0.1241759002999066,13.51388888888889,32.444419636989934
1,8.29385990284747,30.7325095785441,-3.87343173645472,-11.9922114532171,9.82623849913018,4.22263588529291,-6.12393064044311,-3.71416754984764,1.79347414885978,-8.90695722530752,9.93542504782322,8.15619277974984,3.32102357658973,3.64199180834617,1.35420315292519,3.16605261776579,-0.3863313850301,-2.22755116519029,3.23061259260398,-0.252118411345193,0.318063580768132,-0.272766557132626,-5.27677850728145,-7.07368243557482,-2.47165087027143,0.944075681561645,1.96143899239923,2.18156095168655,-3.05442071521729,0.319720322489247,14.8903882948572,-12.1050299430886,1.56275735229185,4.46178766339435,-1.63844067875013,3.83050474002506,-10.4176216402422,-2.15414443176912,25.8964897466112,26.9328059856447,5.57237377752645,30.5315006096495,75.2263952331175,52.6251640744712,32.5805379972464,-7.71474584344194,10.7401699496988,2.72164818738351,20.1402579233347,0.014293604248171471,1.7731168847841128,-0.14705324462322705,0.18008545652423888,-0.42241696622424246,-0.027233114803772364,0.38937344126288076,0.1743835162433636,0.23189843626875167,0.20762181933264928,-0.3105755883057696,-0.411623514582243,0.07347063591696762,-0.04698422212072444,0.09629392528025886,-0.29788126415077293,-0.06984639401076743,-0.3960846642832713,-0.20319377965409116,0.13300247897221432,0.04566304915615423,0.14908712392000625,-0.042305805518746076,0.6458852501376695,0.7369324693142325,0.1423103859667667,-0.012446990833315814,-0.011337583035151878,0.03894379732724299,-0.5992486783887649,-0.5760329066494393,-0.011910265209224209,0.028221275149559015,-0.021021652797208516,0.27783877685530267,-0.3446628622322221,0.21141461497944306,0.2833709025674229,-0.11465015281161213,-0.14510892629106242,-0.02465852558967955,0.013266651811939341,0.012791830481812795,0.021124475770035622,-0.1692720027741778,0.35030776382456724,0.04654399731848006,0.03546374575555581,-0.08734102169789794,1.7166666666666666,5.542788971135746
2,866.441136880151,-3.87343173645472,903.349886653895,711.619366333549,26.6949184778934,338.401567448948,11.1396586309457,19.2082341373639,7.89985306267592,33.5188907009537,62.4814718934281,-8.23675162115485,47.7669418833897,-4.29870877838812,3.91951713320385,-4.73096076114261,-4.0481975666197,-11.1584397040251,-4.9104605998651,0.115097561983948,-30.9040027565507,-6.02619641298935,9.25925669790671,-7.79556155920379,1.35027149631875,-35.6788257374164,1.65242144825083,27.2406968548768,17.5070288471103,1.08454937324855,-19.4962388908472,-17.3288002873891,-4.32058078171551,8.09464120101178,11.0789797588991,-15.1234831420045,-3.03312701363959,32.2600893218101,-25.2116689687788,-33.5104757500568,20.0008681823404,118.78462301153,-34.1079886322422,-10.6445736860793,-20.903939794723,-33.2016062923456,-69.1073143117165,8.12416575260719,29.1977618382989,-0.21237005268213757,-0.14490592486905227,0.341510152042831,-0.006838791459251595,-0.031685186587364626,-0.20366325053526455,-0.06167831344944406,-0.13825520005222164,-0.06250956341313871,-0.06897369354513944,-0.10583131245181046,-0.07033846347721416,-0.24005494917043246,0.06538466580740786,0.015390938736736276,0.08189183724531886,0.2121397582784517,0.15417803336246508,-0.18218097853643198,-0.046589703429527736,0.009582032254139453,0.004969290627824588,0.003694648321053728,0.02662940467402796,0.09723222925439513,0.07139466950814506,-0.094850345385871,-0.2523881004577944,-0.0006649444966076288,0.014176835170413613,0.055393466081108504,0.050552414194145925,0.1217032151758572,0.19823155296772887,0.021002850065795668,0.15173892507709444,-0.091384026483255,-0.022899718719049843,0.0021694697453058798,0.22326656660716532,-0.18447620809673182,0.12789402692229054,0.09186866870940097,-0.26978261925929775,0.11781299882409982,-0.1628392241399042,-0.005791477354558293,0.09085627509986652,0.09877556575738747,8.70277777777778,30.05561323037504
3,754.08325382694,-11.9922114532171,711.619366333549,947.907956577267,65.5921264922264,329.637319487142,11.2311563976433,-0.676309178433345,27.0640063116514,34.6872842023726,63.0362869330532,-6.26435328622964,49.4157308674403,-2.86767683440239,-2.06789445463202,-4.36360884806755,0.580833800892395,-8.31140238731749,-4.50187108070134,-1.20055262974038,-54.8265556241563,-2.81144194397754,17.2358294949514,-21.258149317954,1.80572424471477,-27.7939704218763,4.83496979485041,26.398848950143,17.1716532015369,8.75001494353339,-7.24551388097326,-21.7546256670581,5.39803502212753,11.295872840967,6.61964363214075,-7.52738055964406,-26.2855653250614,11.3150663313415,-18.0749095662275,44.7369112485487,47.6216968400831,206.306761995716,75.4230726014756,39.0822685967816,-19.7804526762366,-26.4937947554012,-32.5229934037868,27.5436161368722,27.8358072271485,-0.08141963020366524,0.1790863151162203,-0.007846341183266837,0.16006622803913192,-0.06437732269927988,-0.02701702769508428,0.03672422300248895,0.1588505824195152,-0.026656345363407417,-0.1980913454222873,0.0656760733288863,-0.058791559869761235,-0.1345602645268062,-0.03176435274483124,-0.008413902905598288,-0.05173204399125833,0.09528284769179098,0.06962942128044976,0.05746159424909127,-0.03196009493929801,0.1216013197846218,0.10496057381129552,-0.08293855722013574,0.22625288775784488,0.11018191191922261,0.09215087746643688,-0.1578451263250816,0.11099453902668432,0.051871336300102315,-0.06783767844849557,0.04351610406293941,-0.0010155488578059062,-0.06008707475600005,0.013448201488513226,0.1201476881021816,-0.0768370388005036,0.021049896568654483,0.09229950815402453,0.01232779237506389,-0.036180551471873976,-0.030513522616989936,-0.10215544058835932,-0.02468128191758851,-0.008957097697663398,0.07822101323575494,0.02143680311193763,0.0014223041452566965,-0.03928412158624837,0.1222501016452262,11.005555555555555,30.787951483937135
4,12.2732544618426,9.82623849913018,26.6949184778934,65.5921264922264,99.9689798850575,32.5199347016084,-4.38964496474927,-1.63217468680658,13.8859103970433,-7.20056110244401,-3.50407976673545,-9.02236528892462,-3.91077460778509,-0.920703695422602,2.31850601710349,0.663280685431568,4.81230186814032,-4.95062168239161,9.83272563404469,2.08794059842361,-15.1638780725308,0.676991436560559,2.97730407700544,-4.73221663731665,-2.01879891980465,0.17679455922647,-4.20534480960748,-7.19277579540839,58.833159500928,-8.01079235412162,-6.93059176780333,-11.1817192971247,-0.643326751867104,-0.352340542100192,-5.36530718162728,-10.9692509550849,-14.2764014455507,1.16455039713585,-9.66784496302487,2.59254541611187,1.73801182075498,43.9165635454632,-20.8914484734593,-14.7830094592462,-14.5963098453341,2.27862111411604,105.8578707202,-7.53257705277465,1.51112748858768,0.07208277357787043,-0.41957285790683296,-0.04564647163779091,-0.05923288437931301,0.5955850897092501,0.049761415628519025,-0.08117992986535649,0.27430763267782343,-0.33091170371025375,0.25180303053409187,0.06698324429525901,0.06605598747687087,0.24958601442044934,0.059585708252328416,-0.14599690234263016,0.055752447196994084,0.0011902482884521032,-0.0020604282480949187,-0.12614039123301005,-0.29869517715940525,0.05513828951666554,0.06934942014724642,-0.05202125082610141,-0.09079662664064359,-0.105059736959233,0.0023207817203517705,-0.07814922119702203,0.049799873848107794,-0.1792530687748986,0.4693481124158059,0.2593812136988395,-0.014857448560653585,-0.023890609262668294,-0.10345255873053555,-0.021120258381012887,0.22206709728279705,0.07646361291108558,-0.11014074800916208,0.025576331972867433,-0.08408429839519901,-0.27684487308424927,-0.13589693500492533,-0.030120116428337743,0.30200719195751025,0.01408462753581705,0.04286225344044925,-0.007500951343673812,0.3340731344542465,-0.2594867170661979,1.2583333333333333,9.997948783878496
5,266.34872498962,4.22263588529291,338.401567448948,329.637319487142,32.5199347016084,252.134130248651,2.1782906073766,-3.089988489584,25.3831974842549,22.860398244671,25.5479861277497,-9.87953637005375,22.0816979134105,-1.27510615685774,-2.92005130176256,-0.951730465215219,3.24255032846371,-9.4793972956222,-2.69456787792033,5.66323766606591,3.74691206597956,0.559502192296892,7.64828655467973,-2.65053690829658,-2.50334011000312,-10.9916740268908,-4.82989318913691,14.4295058251039,11.241707253867,2.92338763296917,-4.3763663104674,-13.0709485451289,0.108520515236498,9.46901150503732,5.49122187458941,-4.32270362977794,-9.70576225112166,0.719555032848595,5.19512850514167,41.5226440119051,13.8794315424945,63.0892703194919,-29.5138201353589,-14.3098819718531,-16.6771591421153,-15.9027955753825,-31.9283914022766,10.5509075158551,-8.20508750070478,0.14066946688832607,-0.0328196609708843,-0.206362101984062,-0.027007036631935086,0.04924247084371067,0.3339553485162352,0.07883888665832178,0.10304340840218675,0.028233223926696017,-0.12194431174263587,0.013491382657889805,0.3626478683510402,-0.006378224258528039,-0.010325658015008647,-0.0036075945047268337,-0.07710816486450416,-0.06114368069671457,0.010588016311480656,0.2243746801006875,-0.1349248863761849,-0.08769092177185131,0.013500734096437888,-0.0885672965187609,-0.17836737532475502,-0.07027538566146023,0.05734055106647381,0.2530938468035291,0.19124944623257795,0.01472321215419234,-0.10224326237452186,-0.07731484627299334,0.0022184854936708174,0.1130287129574439,-0.11791263185604586,-0.0498452332768593,-0.08882763736097146,0.014068750939888413,-0.10397626561172282,-0.06099562158333865,-0.20362355124175205,0.045978900829467276,-0.20689397621585273,0.004407406887242083,0.2158559722317194,-0.09986611393900575,0.16758620014082554,-0.003328543388428609,-0.03784268723390029,-0.09565279231969376,1.6807142857142856,15.878417120376046
6,3.36168093073176,-6.12393064044311,11.1396586309457,11.2311563976433,-4.38964496474927,2.1782906073766,14.1368541666667,0.282293464085928,2.26965770851837,3.83103114410694,1.76738436561224,1.5971785766294,1.76283402220058,-0.645715922572322,-0.345241539580137,-1.58610524847256,-0.636844025613492,0.700333712470457,-0.801155899757386,2.74897051938864,-0.373190806492691,0.740217940642251,1.42609645607709,2.65593070549254,2.07960194031929,1.11743859077987,2.45688861763731,2.05463139571914,-18.2791039752139,0.384152383837613,-3.32099124192429,5.08555335088835,0.296439085391667,-1.22713069303071,-1.43682730437083,0.854926414523379,1.88409058310424,-4.43045315500673,-1.19462859625118,0.408565778382885,2.73557880492288,-3.65769288986298,-20.7523956406595,-4.91082331224246,-1.00633987851445,-0.214708816099142,-22.0492346354754,4.48814161165378,5.24506837966356,0.03578990730389655,0.3926468459395291,-0.06178954917651967,0.03945242397931506,-0.08448672839722943,0.07614201650728464,2.3068977734133864,-0.386517122493658,0.17705731445917722,0.037598739043294006,-0.17273981608733338,0.06680311437873106,-0.022183709285429853,-0.021942022398199618,-0.2302257046075072,0.18131506207607814,0.07405899016749627,-0.008761367238764603,0.052697004174222066,-0.4299990620748605,-0.08697242698849451,-0.222952753845014,0.09966222191153479,-0.034061483406401444,-0.2575685273015674,-0.19380203352510156,-0.5952025502259477,-0.027540326138105385,0.548425434784166,-0.10199216387349032,0.2601499976068697,-0.27906080574442765,0.2606803533429109,-0.014636567831895951,0.36959356262563364,-0.11867896485655292,0.49356533385501355,0.24630136172411257,0.01382497999478973,-0.13917488292176416,-0.3767933147420903,-0.4177509265512459,0.46307455521228824,-0.0022516581021571323,-0.24156336349455573,-0.4155064856664861,0.03349064023559557,-0.04658121636816996,-0.410874428326249,-3.3941666666666666,3.758570761162635
7,29.1468990312633,-3.71416754984764,19.2082341373639,-0.676309178433345,-1.63217468680658,-3.089988489584,0.282293464085928,23.0183750423541,-3.98660408443366,-2.71784373639978,-2.39055894789859,-1.35890990614868,2.18700821003007,5.46945618319662,4.61803958028449,3.97141919951302,1.09427563334763,-0.395800817350085,-3.92985701045356,0.782157318726368,-8.91044167900543,-2.05731614350928,1.31237450316576,2.3826458709129,-0.504647251442424,1.65144805378443,2.66348135548191,-0.82528598981544,21.1340165668813,1.61475774245981,-1.41351419344037,0.408275782788577,-1.51974219700986,-0.0413579174882216,-1.90802802039485,1.14895353785993,4.89822935531493,4.656209037864,-2.65905928234714,-5.88144291586711,2.82003008581357,-0.143209582114976,-7.05048548484011,-16.5240541315902,-20.5564250144507,-1.40493050907659,-37.3401343587786,2.7786396229422,3.93631220993473,-0.04564045539087276,0.152660047294972,-0.1497997435409801,0.15807886834850307,0.2707610093454778,0.10640504148137374,-0.389555197453914,1.3494982545824206,-0.18819996021286883,-0.0245108629922827,0.4852704818447058,0.08723819557495603,-0.04064185463125991,-0.2823891741406719,-0.19197937756640335,-0.2888529490502552,0.05942796245325271,0.08342786646704797,0.018788126080276957,-0.26602028557673735,0.20242295863982077,0.40516326613320125,0.06732770295134129,0.16204678948461912,0.5833436088966044,-0.4615979640892616,-0.1990381137732565,0.23380039664830582,-0.14164153731788431,0.09528772961643789,-0.07864678182243504,0.1379231422792513,0.08621801952861657,-0.11972168366697399,0.24036886888347822,-0.018649086961053978,-0.00013275096220758436,-0.2305806858375783,0.11909965994723991,-0.18904350600535802,-0.349665483226137,-0.2475471196968218,-0.16113507010185502,0.34419836486715766,0.1947103756306336,0.24955902906965927,0.005412239981609856,-0.04947331145798265,0.010641889928632879,-1.2418253968253967,4.796704602365472
8,-4.44239748699584,1.79347414885978,7.89985306267592,27.0640063116514,13.8859103970433,25.3831974842549,2.26965770851837,-3.98660408443366,32.3871203117262,15.8620467000621,5.66220550456235,-4.07960828535064,-4.05063779728471,3.50791260610545,-1.3309466249583,4.78673505113062,11.3087776285587,-0.761682828438804,0.767905582471401,3.49183046701629,15.2220394157338,1.99934897971152,-4.17811630116967,-6.57793887226364,0.761372206902752,1.41323729405167,0.865108662528228,4.56097744512897,4.39005998023351,1.04893859500848,2.19370408016404,-3.93744497283527,1.24596401659064,8.88437987697777,-5.53841376699325,0.277647488921423,-1.42522430602764,-7.33840701399034,9.08269050971451,3.81497492392881,2.15298534021261,0.935734077893356,-17.3809524872755,-6.32422305545731,4.01144205007612,4.08021093548141,-7.56576403380672,9.14101141491446,-3.89909721821589,0.06973423039033319,0.21981291662130634,-0.04936167127344414,-0.02606827416360512,-0.3353432266397593,0.02741987934902634,0.17142116133908578,-0.17515181991620993,1.433430281303486,-0.7169435986367518,-0.2951922784758854,0.1956358275626037,0.3617653169665121,-0.11564588648129101,0.4074531579844663,0.0851822693144827,-1.0104755261501674,0.05890162592401762,-0.36143603553901915,-0.12298799543677244,0.031041828481336076,-0.07848319143588992,0.34736681477057585,-0.047668614967140414,0.06570028958010969,-0.16187857530058908,0.20434814315226385,-0.10109049172517152,0.10807001649729388,0.36210638361423336,-0.21088306790333067,0.1259425467815089,0.020096852386705426,-0.013640613297407452,0.2205373185282108,-0.1442286497848463,-0.23511502691771613,0.021606358012887263,-0.16512672696900624,-0.04028539285834195,0.0040623735838906695,0.002590237850324203,0.074168338436678,-0.1049731630013614,-0.1628152673515648,0.03986177928701558,0.041394727807882656,-0.5305065146224793,0.18769491784559106,-3.5742063492063494,5.690089657617551
9,19.8219276800853,-8.90695722530752,33.5188907009537,34.6872842023726,-7.20056110244401,22.860398244671,3.83103114410694,-2.71784373639978,15.8620467000621,25.0508873771731,4.16203850421445,2.36685770780993,2.50198012542441,2.80538890090495,-1.12993024939716,0.4260786985605,6.68848688880059,4.38665595285457,0.451415091172985,0.562216927292292,22.1081832143253,-0.459104993642613,1.66001892772906,1.11666601285247,1.30899415465871,2.03228623342052,3.24003901656932,5.65714863278163,7.10217181886408,2.87076988390623,-2.8476246008432,-5.91821266563385,2.81855720789293,5.62209781763113,3.89178787557927,-2.2135076368677,-3.37180478827687,-7.28272706941307,-5.37777540069119,-6.14234081063573,-4.17359170768649,-9.75449648758339,-46.3085612727918,-24.6999895520125,-11.3343143005069,4.21485416474426,-12.0797837300972,4.79528377515122,-5.88236111739056,0.1555369756845188,0.22309744341673188,-0.07252068036935748,-0.18865988628478064,0.24298348133493686,-0.12070411924370988,0.09024227312916346,-0.022174275089767402,-0.7040371445836482,2.257160029607821,0.01782952205287527,-0.2134685244072608,-0.03765983216299292,-0.4103888842668804,-0.06307341252711023,0.0375123591785752,-0.28133835877409524,-0.8648165338488135,-0.3827468539238902,0.16096770821329381,-0.36394519756922405,-0.0018498530747350183,-0.08580322837792873,-0.10932219105975932,0.020206474410647622,-0.46494063305410865,-0.5284502606727698,-0.21304164592838615,-0.026832982750236527,-0.29255424075126957,-0.11588056131445829,0.09903118097356184,-0.17292219412545382,-0.24000527356019322,-0.4150958433355736,0.31122597184405615,0.04087661026910879,-0.2143287854640404,0.22764207066158915,0.10207776258560584,0.25947798643509257,0.2234887869379678,0.07212488843572637,0.09521586873173675,-0.21489488530328651,-0.23056807193532886,-0.006479159583581666,0.20242146811981573,-0.38773133399572524,-3.7360317460317463,5.0040870673053925
10,74.9040465268854,9.93542504782322,62.4814718934281,63.0362869330532,-3.50407976673545,25.5479861277497,1.76738436561224,-2.39055894789859,5.66220550456235,4.16203850421445,19.2464071158157,8.19622508787012,7.05789641036417,2.41817968036046,-1.65598249606492,-0.445378795280547,0.600507779531129,-2.42975949744533,-1.58457955203824,-0.604424755329314,2.40545538022369,-3.38438962619817,-0.868511652233863,-5.45541621710244,1.07763232922086,-1.28614389431666,1.10823065000497,5.96616891061347,-3.89460451692372,2.95086889147142,6.1837980320375,-1.62474696804655,3.49488192353105,5.99090225449757,-0.819611384859282,0.425390419065796,-0.351664201178113,1.66312624657122,6.09472371480703,11.6635406888177,7.59482174497589,36.8787200867741,55.0007577623489,39.6299534336378,17.4692343423352,-2.05047969711841,2.88494489162142,14.8279468828936,31.2611904087777,-0.11080123127339515,-0.299723501580585,-0.11848612515916128,0.056361950919433926,0.07283475132200933,0.02013177045342875,-0.18305667993144553,0.48898411592898255,-0.24244256762668973,0.023865030911656936,2.6584071504106186,-0.1941547104816534,0.026708525085222534,-0.2995876181137064,0.8262114275788222,0.4282240934023762,-0.022660678796640427,0.4044887902820518,0.26968750988108503,0.4399046668402826,-0.22324087312396074,0.5878429050224853,0.1741123713659137,0.027072850988190757,-0.43683173330661695,-0.03225942706138942,0.008348372511856253,-0.23793902750864243,0.04488837528151439,-0.38245152769007884,-0.05472366532033572,-0.13307162517799567,-0.06622733511067502,-0.060818378653372404,0.38925477670293507,-0.19746184360686095,0.40148870842698653,-0.18020848416104207,0.018478074967360474,-0.043488234515264235,-0.08681275236471211,-0.13807999479431377,-0.06586973338019972,-0.03768475785679587,0.300279909144259,-0.09577932144300444,0.017417992163061464,-0.2662909546958193,-0.2788698948021754,-5.149246031746031,4.385932867226273
11,6.18268833753255,8.15619277974984,-8.23675162115485,-6.26435328622964,-9.02236528892462,-9.87953637005375,1.5971785766294,-1.35890990614868,-4.07960828535064,2.36685770780993,8.19622508787012,20.0378920687049,9.3800933002568,0.631035540323451,0.550337482025812,-2.06414645589389,-2.51675709345346,0.23262923264152,0.682653966062515,0.814605932433575,2.06512783740186,-5.45624840784442,3.43007863830392,5.59023901980166,-0.302623201797931,3.35146617178733,6.13853386708229,2.92400134479453,-2.10661754447544,1.79519512719086,6.13128453881145,3.67935490224337,4.28573270549175,-1.25005261936331,6.88910958778192,4.26587410304912,5.56611855086745,2.09291428974348,18.1181198440046,28.8174927385708,2.52693140595314,9.52110457596569,33.0893422722037,25.2642853934115,11.2473274086353,2.16891162387031,-14.9819614774472,10.8732195418059,25.0828847648361,0.013309122967486752,-0.4379707990701875,-0.06560752995484774,-0.061892576164594496,0.07745510328139782,0.3514054720676695,0.06868457732120387,0.08525802065538261,0.19207638910232933,-0.21232731330885182,-0.18949423985967556,2.651252195654212,-0.7064772412093457,0.2463947452013436,0.2685028769202985,0.040222061861972,-0.10306223093704135,-0.24160860316350877,-0.1293155530441668,-0.5261464560551071,-0.4102332478672518,0.6014677968642871,-0.09277226302964993,-0.4236290335394957,0.11829147634333727,0.00832426205595973,-0.16975235186645618,0.4836936649824685,-0.09812774878850448,0.03553403557574847,-0.3576092333778751,-0.14427970096528545,-0.0896682196960439,0.46265710458666565,-0.22986809619609763,0.011337503447450676,0.02790505249763289,-0.07997908571031315,-0.020134793437321167,-0.41955207858359517,0.21882697946881616,0.017025163083921182,0.15879720541003872,-0.17342802486256334,0.01494523367021812,-0.09851430729695006,0.03550666928082208,-0.2760159122870176,-0.32071030002011586,-3.584126984126984,4.475253296597287
12,45.4868954055868,3.32102357658973,47.7669418833897,49.4157308674403,-3.91077460778509,22.0816979134105,1.76283402220058,2.18700821003007,-4.05063779728471,2.50198012542441,7.05789641036417,9.3800933002568,11.1455102366617,2.10527462167792,0.662491870865869,-2.19486914862053,-3.80701049350736,-0.297958446774028,-0.079426309424094,0.126454212338639,-4.81189668736173,-2.00944231221569,2.12639926231311,2.1054002875893,0.446173903240766,0.522058391586822,3.35944563172158,3.2636802400908,8.05476036656484,2.19452028471247,2.42448771651626,0.740047075073177,2.04522598661234,-1.55761638825026,4.30929709502763,0.334541720520618,1.93015006791161,0.441335391812725,7.03891741945204,14.7180256678067,4.50076410811958,21.9813393873805,18.9865334104066,16.1744468572325,4.52003525997301,-2.64672623521111,-17.0890007305993,8.15618455637992,15.158092325321,0.14038213149767387,0.0067279322631209,-0.2292877388064247,-0.13655016791678506,0.23977404026489868,0.001549080406804088,-0.013882023247831776,-0.019671877622858852,0.40306922660169997,-0.07641982289418475,0.06732817325947926,-0.724921833175631,3.7908258069252923,-0.5507812230404722,-0.07858780603927303,0.2649778402551224,0.6156653505934115,-0.06402643086684166,-0.2903745332660292,0.0016658503056660632,-0.11956359737946942,-0.07045385722886517,0.1972405619541546,-0.036115614397609526,-0.35216191799492363,-0.04048364305114205,-0.06717949409057848,0.11354496756453611,-0.31296414017664875,0.02457493481636654,-0.07122480565006781,0.111950120123411,-0.020365669696882714,0.5223118533008678,-0.2535843159189484,0.25554952533241837,-0.14064072174162046,0.2850132273220667,-0.022201927574001603,-0.35865819075371763,-0.17846592690149768,0.0023473234686383036,0.05587129174166641,0.003205522896683332,-0.06855175848578524,0.4435879022703113,0.05046676275324415,-0.21457659745704055,-0.21508620464610917,-2.99484126984127,3.336991195172938
36,-3.31216606133906,3.64199180834617,-4.29870877838812,-2.86767683440239,-0.920703695422602,-1.27510615685774,-0.645715922572322,5.46945618319662,3.50791260610545,2.80538890090495,2.41817968036046,0.631035540323451,2.10527462167792,7.95508301404853,1.57500286455101,2.44929664837309,2.78656829066528,-1.00040120415526,-0.692512993132107,-0.0376456894645126,3.23346576637623,0.0376989430688733,-1.76665873033496,-0.324655612078386,0.721648585479692,1.54366741708676,1.18323668280672,-0.286244500100845,14.9169030972356,2.13249558801337,3.42519035976737,-4.72514298543817,-0.471331092952222,2.3611686542319,-6.33507895599063,-1.98303662428874,-4.20459777595368,-5.51750237671131,-3.41584654471359,-2.84998851782796,-1.38065723065747,7.4099437716535,4.579993849476,4.89198852078573,0.332241687546026,-3.06562940838012,-19.4617372487001,1.26664619337806,3.65936858450979,0.015169207458030852,-0.05162961755410509,0.06888224471741143,-0.031520542403877715,0.06477535154509173,-0.012422821743108122,-0.018318413925319584,-0.31938168309094134,-0.11089241730714841,-0.4214369124603903,-0.30485127793529615,0.23754684959624522,-0.5817070164641933,3.0924662830570777,-0.21152964102207186,0.30657265450719223,0.04744425183419444,0.28055313030611395,-0.26676748374830905,0.5234360581181429,0.029856233944175185,0.016306455820597116,0.44105464794280763,-0.03561939916411769,-0.24820280746951942,-0.23036026492860867,-0.1336664177220193,0.20149052408993912,-0.322098174321085,-0.16754204583135063,-0.4356807245237513,0.08122396413555275,0.33946489431842725,-0.1478651323186228,0.6393219391661054,0.06813498384134142,0.028370306919434703,0.37422174441711653,0.06748426550099869,-0.008849117688168432,0.07316901363137424,0.18252587406765694,-0.1400963294648599,0.23212391178538688,-0.01920528743936716,0.45716096414470747,0.1055907453931661,0.21497649751039025,-0.35910163809795836,-2.5277777777777777,2.818702363508523
37,11.1445480182838,1.35420315292519,3.91951713320385,-2.06789445463202,2.31850601710349,-2.92005130176256,-0.345241539580137,4.61803958028449,-1.3309466249583,-1.12993024939716,-1.65598249606492,0.550337482025812,0.662491870865869,1.57500286455101,3.40614463601533,1.94973740488398,1.10375633317971,0.258338391388382,-0.839049388437959,0.535460187551479,0.500603050615417,1.52649546992376,-0.262630805446123,1.339679495375,-0.658052202254804,0.712411752896777,3.10764493908046,0.56403310001267,9.08690680287323,0.0530085526461039,-0.412888163910895,-1.5153388014204,-0.306595670216009,0.109037986049693,-0.704128567465077,0.716466034890493,-1.03218427064828,1.73665099105824,6.71031148317857,1.6467107804546,-0.949011630586761,2.18123576679185,3.00374441382897,0.631533669304417,-1.24444167961542,-0.957617778989481,-18.7128387452429,-2.2242687742543,-0.270580906224554,-0.12786168313412818,0.1168523660095751,0.030984172822039278,-0.008051238250933646,-0.16277817321570284,-0.017873528201125838,-0.2656625090033692,-0.18404152081200767,0.43216802780393276,-0.04616668074053579,0.8696732055343863,0.2130004768432651,-0.03054962977003752,-0.16656264244656724,4.272627539131681,-0.6442081122787409,-0.03938460133193389,-0.03929401768321268,-0.019736694292998343,-0.025460933202990737,-0.21596461375370826,-0.42327540610110126,-0.1990455344481563,-0.022075850116230394,-0.06496083005519096,-0.027930156941174757,-0.5943755861945705,0.02842721730209556,-0.229500912131646,-0.030410078784476383,0.09554331739356031,0.10275406559003263,0.011400630320173683,-0.014937940088067854,0.3458962463723254,0.21994173152733357,-0.041194586135897805,0.025293094675649733,-0.36153246555406077,-0.051246296671185805,-0.015079536141335654,0.24025407909833146,-0.12756867382735448,0.07959389579395178,-0.09438342196947859,-0.027190459559062286,0.03803805384709587,0.3196929872151987,-0.405692839595525,-1.6916666666666667,1.8428631625856884
38,-2.01331419038331,3.16605261776579,-4.73096076114261,-4.36360884806755,0.663280685431568,-0.951730465215219,-1.58610524847256,3.97141919951302,4.78673505113062,0.4260786985605,-0.445378795280547,-2.06414645589389,-2.19486914862053,2.44929664837309,1.94973740488398,6.24098060344828,4.05018556198633,-1.08980328049187,-1.41015126829216,2.31180886735504,1.69009043317136,-0.26543531646389,-1.58866619184539,-2.37766007020966,1.28314049412475,1.52424120214975,1.33250161208053,0.931413021757091,5.00301532628725,1.62589711788305,3.86140755684966,0.0744010482755398,-0.260288078616189,4.14603330001188,-2.19236788609238,1.17572409730437,0.779709886024229,-1.84462825745957,4.18929333509957,-2.87606084068209,1.25831232554103,1.03249493198292,6.15940015501465,3.58430862632086,-0.249574158862211,-0.579637347695973,-20.2765646898497,-1.2279821371511,-1.31674546471411,-0.04445945542685958,-0.31816896419443175,0.0842074191096234,-0.06267105565766624,0.0650875151483017,-0.07554473593619261,0.141524056946528,-0.2874206564050527,0.09297863195035995,0.031057957746392122,0.43277379930516424,0.03923605096393422,0.2728589802598305,0.3024391275650971,-0.6430754967270643,2.4649321913753277,-0.7888862668223723,0.14210968360600648,0.17828548405145708,-0.15465841125007304,-0.02697116097690158,0.1142124210671454,-0.5894584446246021,0.3872888966125947,-0.2531583303985443,-0.056079823726221306,0.03455735711183714,0.11703680296016875,-0.01844365231659833,-0.18773166925414542,-0.5400484548079758,0.12186864373046823,-0.24418318544977072,-0.272615644160258,0.20436469982695982,0.25431991016092614,-0.19427095872436043,0.08068952315666282,-0.20503047909724245,0.2096016157681086,-0.3067905941592816,0.14107883902336998,0.22199640493242132,-0.408403870882929,0.1500183978248446,-0.06883669676685893,0.022616007817379727,0.10442030751378058,-0.04604738237624276,-0.7375,2.496193222378483
39,0.318725638095045,-0.3863313850301,-4.0481975666197,0.580833800892395,4.81230186814032,3.24255032846371,-0.636844025613492,1.09427563334763,11.3087776285587,6.68848688880059,0.600507779531129,-2.51675709345346,-3.80701049350736,2.78656829066528,1.10375633317971,4.05018556198633,8.42873847027104,0.597439546440678,-0.362697965429051,2.02821905376123,12.2380536937818,2.62188779203503,-0.934459844984161,-0.864284532707914,0.48703208462492,0.340709317537984,0.28063980386712,0.153880511786947,6.29457362890214,1.29869963555043,0.359226357866268,-3.62223884340147,-0.755374355725152,3.58186773522808,-5.04299386572772,-0.784400310324099,-3.71245292743938,-2.7245863146856,-2.94774209699861,-1.56679178821611,-2.36568518047508,-4.1512428515997,-9.93130260590809,-8.24545743362127,-7.14803321429143,1.79680122840845,-12.395959212677,-2.44714181747702,-6.82278605708818,-0.2901199456078459,-0.06885107552681542,0.21317135165018652,0.08517829194069193,-0.011224363542054201,-0.05942469606627884,0.08538814517865553,0.030067856150278776,-0.9789228796209262,-0.2838978956017911,-0.02602568073042717,-0.09451168576682108,0.6038782407309108,0.052467490775112854,-0.039705478712063695,-0.7877498051938684,3.420388935253986,-0.04288653669556725,-0.059372846679118595,-0.09285366582398136,-0.25829157081215925,-0.27248764719846835,-0.3757896402116841,-0.16205413519281298,-0.04431020302417927,-0.025269833649836565,0.051276290001556084,0.16554663053887422,-0.04881668485148299,-0.49742170727325163,-0.20303746822984597,-0.013463638340785898,0.015535655208074569,0.3449288366901494,0.4243779684694651,-0.23100504983692302,-0.04217222575376709,-0.04149345550486017,0.09714206824697154,-0.015396859763871685,0.03658653232756361,-0.1485974096993281,0.07622783347555673,-0.17012234185741879,0.33393446361073403,-0.20483476534079847,0.012470035187588002,0.30860223901041717,0.038469539722604015,-0.487962962962963,2.901506241639166
40,-5.9462149960044,-2.22755116519029,-11.1584397040251,-8.31140238731749,-4.95062168239161,-9.4793972956222,0.700333712470457,-0.395800817350085,-0.761682828438804,4.38665595285457,-2.42975949744533,0.23262923264152,-0.297958446774028,-1.00040120415526,0.258338391388382,-1.08980328049187,0.597439546440678,9.87647154817653,-1.4172208671448,-0.293948478213164,6.37946862426771,4.68671283007113,-0.812790017603994,0.585844947408435,-0.46517443585945,-0.472537613010317,0.730624363132686,0.863249452953298,-5.39485683299275,0.175620230321569,-0.933107567098289,-3.8377312874488,0.264805734566176,-2.12213117225894,4.76858031187602,-3.37977821474453,-6.17917843388455,-0.906577341092456,0.365478718168223,-6.60676758105461,0.924601881330228,-1.5565683990422,-1.06191733489796,-6.80287435312729,-7.83800907158826,-0.499451685036038,-34.9125412368663,0.457837294266331,-5.85982053846081,-0.11758086878852855,-0.36311715085559204,0.13631315171861622,0.07409990062444911,-0.005318430792007567,0.012350780893761787,-0.009693069811793317,0.059901447173997695,0.08563126901650335,-0.8939284941173333,0.40135944439991617,-0.2612482613754901,-0.05529074759435204,0.2686933009129477,-0.03833809282256269,0.14241361788766388,-0.041388450954016,2.2628327144905054,-0.2607300276419886,-0.12641191528795087,0.15041032838864515,-0.6785632175807489,0.0021771289889081146,0.0015216646440665389,-0.013377839658939702,0.19342548674701684,-0.10923486613281694,-0.22401335842368728,0.10273865630577418,-0.5053211017726896,-0.0376172194991728,-0.21924520924429883,-0.03746432989443001,0.366762858640796,-0.3438550293396369,0.29772405134371177,0.504264743473298,-0.31356220509918425,0.043274927155633934,0.24085266078754938,-0.2908905284369987,-0.10867222451961527,-0.16136805223176462,0.3753771623165506,0.004287856830798335,0.23540942005296922,0.0437717301349172,-0.30832746008217327,0.034823810100091446,-1.3370370370370372,3.141094004988792
41,-13.0815032159952,3.23061259260398,-4.9104605998651,-4.50187108070134,9.83272563404469,-2.69456787792033,-0.801155899757386,-3.92985701045356,0.767905582471401,0.451415091172985,-1.58457955203824,0.682653966062515,-0.079426309424094,-0.692512993132107,-0.839049388437959,-1.41015126829216,-0.362697965429051,-1.4172208671448,11.9311845466156,-0.676158290916597,-4.10151367872434,-0.621406349017568,1.46181264398518,-0.0319191178302536,2.25833846427662,1.70200865490361,0.171959594867686,-3.5117807059956,-1.49142331800242,0.423559626868798,1.84528632148704,-3.52961194534043,-1.15958363790668,-2.33801707155919,-1.08998535782233,2.57101714119325,-2.00506339716126,-5.16531056429025,1.636564395097,3.35353181007941,-1.34958593320162,-5.70188499775428,-8.74342958094539,-4.21968615546899,-0.52711144270273,-1.28619533316197,120.121422485031,-1.85374347577845,2.98285530444477,0.02316668700253896,-0.22061297529214585,-0.19453087355338472,0.06349650176244409,-0.11863448020580346,0.24113204658274845,0.022099386846398134,0.017642252596407195,-0.3721964768121022,-0.37261679902013983,0.1891581473576417,-0.1313765931536314,-0.30330768342376013,-0.3059554019786034,-0.01642600517503924,0.17225102165572415,-0.06088200281159115,-0.25834505745001624,3.996130262385585,0.1088629703227628,0.1595849293894292,-0.3343793958837348,0.03696305943222517,-0.12062191902616881,0.019038480279692533,-0.10185779579827668,-0.008855717890406893,0.12657416030610324,0.10137614108170567,-0.022332929995365333,-0.39988510100699604,-0.1057865527922124,0.3844025744663095,0.43151974491476697,-0.21462507576643525,0.14150917268309202,-0.21261522873671682,0.6623101641684768,-0.1355840019152749,-0.23557445964525922,0.08873394888923831,-0.11424882057896502,0.03537103673870842,0.01988680532378014,0.028714305631704278,0.036311902497376994,-0.3008114352130777,0.4761335702308752,0.01977874824242641,-0.7305555555555555,3.4527068434223582
42,-8.87328573517326,-0.252118411345193,0.115097561983948,-1.20055262974038,2.08794059842361,5.66323766606591,2.74897051938864,0.782157318726368,3.49183046701629,0.562216927292292,-0.604424755329314,0.814605932433575,0.126454212338639,-0.0376456894645126,0.535460187551479,2.31180886735504,2.02821905376123,-0.293948478213164,-0.676158290916597,7.38602969348659,5.4012111164803,0.93453453099099,-0.83698756459114,0.462761367517326,2.35605717677031,1.23003463258301,1.54940635320602,-0.141858094302933,-7.97311830733396,-0.0268502995356189,-0.520542868960491,4.45038047737173,0.159995340769785,-0.0347138066731441,-1.1529626043838,3.05500929567796,3.75612624688742,-1.34114045596538,1.33973589338198,-0.851504032569421,1.2360131282711,-4.67115296842639,-3.0367334060421,0.937009383259407,-6.72720597697981,-7.30998195719356,-13.5164942555089,-0.0123806217897567,0.841958907387164,0.05255425671075634,0.13989947191021018,-0.04939131737024147,-0.03751009245973113,-0.2884158285242433,-0.13342923567320836,-0.4373721472079796,-0.26780253586639485,-0.08066399140588534,0.16096270239055682,0.46057835517340573,-0.5342805707060284,0.0021480047025721097,0.5205937692622864,-0.018130852404301307,-0.1520691494345077,-0.08627809801956915,-0.12008523103697566,0.10048778244527336,1.9292799532980471,-0.18283728060280396,-0.12195093496657224,0.33423148926145146,-0.24618446951584524,-0.33864468330991193,0.16017254063838193,-0.08427336329936787,0.09019381233656235,-0.11607924489775165,0.13464070055056046,-0.3148317478684101,-0.20411160764406375,0.3158121921450886,-0.3212697845143529,-0.10820471590954875,-0.43083110923558077,0.1124543619961557,0.04241591179686873,0.21268042341231674,0.099622569857637,0.038673380675123166,0.36457292793737345,-0.0097763140521736,-0.49475470749096767,0.18474851186248714,0.24221125230918678,0.00810864697059557,-0.34164974075948923,0.14743541047880043,-0.6083333333333335,2.7158846981207785
