,Cov_0,Cov_1,Cov_2,Cov_3,Cov_4,Cov_5,Cov_6,Cov_7,Cov_8,Cov_9,Cov_10,Cov_11,Cov_12,Cov_13,Cov_14,Cov_15,Cov_39,Cov_40,Cov_41,Cov_42,Cov_43,Cov_44,Cov_45,Cov_46,Cov_47,Cov_48,Cov_49,Cov_50,Cov_51,Cov_52,Cov_53,Cov_54,Cov_55,Cov_56,Cov_57,Cov_58,Cov_59,Cov_60,Cov_61,Cov_62,Cov_63,Cov_64,Cov_65,Cov_66,Cov_67,Cov_68,Cov_69,Cov_70,Cov_71,C_0,C_1,C_2,C_3,C_4,C_5,C_6,C_7,C_8,C_9,C_10,C_11,C_12,C_13,C_14,C_15,C_39,C_40,C_41,C_42,C_43,C_44,C_45,C_46,C_47,C_48,C_49,C_50,C_51,C_52,C_53,C_54,C_55,C_56,C_57,C_58,C_59,C_60,C_61,C_62,C_63,C_64,C_65,C_66,C_67,C_68,C_69,C_70,C_71,Mean,Std
0,27.7672050517951,19.3270498517093,-5.95111733120265,6.92422439431081,20.6069233562103,7.72098760460771,-0.445543709559704,-4.70774252840927,-3.03847725944055,2.40020842141748,4.32192396039534,15.5998424129163,3.30895341271826,7.60360825468697,6.0271821933388,5.72030283601231,2.06692919400438,1.774121190743,2.1160788000413,-1.01527016013161,4.62967661837743,0.751269464713199,0.808117918027149,-2.99597685087052,5.38617158230837,3.41776291586743,0.447198039470743,3.42754377057099,2.6571058721698,5.06881428481387,-1.31292969934086,15.1296328311282,2.60670664735814,-2.26356240712769,6.82693509762156,2.33006003948185,-1.93868607768718,1.90404402408316,4.66891744172555,-4.25148932504695,16.3485370517691,0.815127092248355,1.3626998096243,0.335492702198568,0.482086507100263,1.18974134465702,-6.3112597235632,27.2528115491852,4.91268688790322,1.8735625166081464,-0.3852022844415857,0.22502967656163272,0.2694602939619268,-0.5712705873885062,0.2121469222697274,0.08757236740171088,-0.007158992313992728,0.11859487999992913,-0.498957140092269,-0.09031286731611853,-0.42458413012342333,-0.1290820612935551,-0.23142649257310124,0.046722323875231356,-0.01574425290880737,-0.038767144381448945,-0.0061968045836758795,-0.44028098223061496,0.4472566459545377,-0.3611100023477435,-0.17443298674221383,0.32454432653850657,-0.034624093362315395,-0.282298542180001,-0.10065239481932568,-0.07987415421410739,-0.025502828423618056,0.01745765203333942,-0.2100721557123612,0.4043362643470862,-0.5123918241596936,-0.23784758937895664,-0.06482938883224008,-0.027125993558540257,0.27114809851767746,0.16950879470450206,0.03078698389784047,0.009324965246480342,0.023370983147431575,0.05432766048982752,0.27813867839447465,-0.3515036165164822,0.19815053231520346,-0.05036923553661884,0.05744641385137421,0.31543480807423924,-0.17117894267665076,-0.09807611371031971,4.075687830687831,5.268510705293774
1,19.3270498517093,40.7123282312925,10.6452126461815,18.336227100008,18.2650731547946,15.2197898247055,8.12840587100324,7.18478230537637,1.02297293599524,5.1469025224619,18.5646990757401,19.8231695525278,1.82030500828351,10.4977921356263,11.9272813668464,5.86750339360781,1.54129286434625,4.10921660598048,1.09920923400287,-1.72429616656233,-2.04217390223568,1.02369295319577,0.0845308000115489,-0.76400281725869,0.872978651023927,1.43443980181029,-0.1621573402062,6.24612904321077,-1.14893975542252,5.62097488094254,0.851010648285668,15.0064221774924,0.639025390140606,-0.153989002635124,-2.07655822659903,7.91192612018197,6.79714210767505,2.34128896067486,12.3404556298041,-4.33373344102991,5.20755061102453,-4.07226281386027,7.3857232154132,14.5348173311149,1.05823250658742,13.283366540392,34.2856678321032,45.2712121251182,15.7296672158435,-0.38670024087268556,1.8469564274716068,-0.2574334345137954,-0.3711392726120843,0.08310514055317321,-0.46554711435180784,-0.2491998445978251,-0.08810157904290068,0.24298125985129546,0.5031978416807511,-0.05849275451104902,-0.10396846250488043,0.06909469911266919,0.027838526178198833,0.09502313008395415,-0.17846548236877846,0.020578805714336717,-0.030996813840966354,0.07717676439413576,0.19150418104902828,0.07779449507996486,0.012576847947631269,0.07839036272672181,-0.038756266274662304,0.21296582207673678,-0.46364701047910306,0.3743450504693373,0.01778785022027435,-0.04467219540409931,0.013392689134309146,0.2966348751469864,-0.7965248893180864,-0.0329970376319284,0.3196531805845325,0.1140665050957516,-0.10938351580120324,-0.20490683451354005,0.1824058762503704,-0.08830491989358816,0.3364834048816203,0.2419327969137359,0.18221687939375936,-0.12962920983335804,-0.26290605927032085,0.09269833879073268,0.0515294265104738,-0.21154994616640643,-0.436681728097037,0.08818312942763266,3.7507142857142854,6.379837633615179
2,-5.95111733120265,10.6452126461815,58.5931125672598,-1.24999855985078,-0.982926811804929,1.34946453940258,1.31286131873563,14.0998948048621,5.14219343987938,7.74777074051695,1.64793915087705,-6.89372493603564,11.9048026931161,4.91701354309128,4.42470070450509,23.4674081717853,-0.760136309242025,0.701286975994867,-1.67048572636857,-4.17303257415472,7.3310553869788,4.2952031595651,-2.53797510847255,6.88372574685607,-1.29549559586894,1.56951379490864,-3.4351331914158,-0.83855359264565,7.90944100164267,-10.5159298830563,7.71346603710298,1.0541415970687,4.97450381747205,15.2129603078143,-3.82929155122724,18.2027426099038,19.609443383565,0.786324826285095,3.35104621221775,-4.07538131978208,-16.3168524955987,-6.60406191539662,4.93333514211783,11.7682124238851,8.93244387428095,44.8578236338755,-0.658608232840676,-3.99856485559536,25.1387777721321,0.22577561256645204,-0.25243772440257817,1.2331782344554654,0.00449857686941675,0.1615691648601964,0.4808994228338746,0.08165363344105896,-0.3470405010465621,0.2238736077684037,0.09214953702684817,-0.062298424846315155,-0.09671673565818784,-0.024911429378593728,0.32680977952596196,-0.17346638798964062,-0.30617539943344246,0.08847986358588202,0.008462701392973488,-0.029232579381459626,-0.013345899372640361,-0.3233877343977925,-0.47154286100044546,0.3148804632395321,-0.16801494282310986,0.2291354350266659,0.19008541470994447,0.08647995563022166,-0.23097707365210027,-0.28991984026667433,0.08562134841934047,-0.05752844744067923,0.07798052117577803,-0.02253402000014558,-0.18540554940919332,0.5371541993413693,-0.23998230020960645,-0.6273511498254137,0.10135139826792264,0.09086188351447633,-0.064522012338462,-0.11830545805755407,0.11014931020616722,-0.003203614519537439,-0.11355935393027485,-0.24820358170973633,-0.3362373269876161,0.2191388045018668,-0.09407000332628093,-0.22233518108518857,5.699378306878307,7.653960580461581
3,6.92422439431081,18.336227100008,-1.24999855985078,68.9757605378824,12.4030983508388,8.19279024967806,4.74109076986397,-0.0603168169780844,5.5251592520551,7.33608609934386,5.92209936534273,0.78614109767794,9.20477896558537,20.5972313297923,9.55711731003503,19.1997868325879,0.269876903530871,-0.0512506070496632,0.532839733482329,5.1383272174548,-1.60092530952217,-1.97551692234688,-0.538985780199061,-0.623617981840662,3.37482703920365,-3.16931247207968,-5.5247378159712,4.43106040663248,-0.783402603961125,64.6679095558396,5.11335121642385,0.0554334482000674,4.72799993183547,-5.25298773338386,-4.92097183884616,-0.526119933219359,0.809755011942389,-1.29505316479637,4.91967278573189,-10.4745271257376,6.71415836326239,0.746923168099408,3.14466543643729,6.2763654667606,-4.5278274944443,16.3229509300666,-2.57227065090611,3.21866281742956,1.41616153510476,0.26977030330973717,-0.3693342148546227,0.0042241937856398555,0.8483079431320729,-0.33149752100323665,-0.0514215059844371,-0.2890178233819175,0.08541163669385772,0.12414498991685989,-0.18413505591215232,0.0019077005553388658,0.19788377798060516,0.15511328389400497,-0.2122218897245783,-0.01055022794830019,-0.15320880557923494,0.12540765958740144,0.32673163751619616,-0.3395647033887541,0.1452610547640719,0.07939643449148456,0.006935146796266996,-0.0856505481459532,0.1084996513050005,-0.3477188910949444,0.09505490158421492,0.40511455915744876,-0.23407727735820893,0.1061200350806044,-0.3830969507978096,-0.04855819041419172,0.25997136428581763,0.12520298327656154,0.1275922503191964,0.1662478506134369,-0.10619398884312586,0.06972501438142915,0.38747594276049485,-0.009890510299392514,-0.026574356476665388,-0.2414161075190626,-0.021334657175939638,0.0024920505890876714,0.03615148635259372,0.18030581325412956,-0.16320965808457422,-0.028648790808169025,0.09607190151189754,0.15760741628176855,3.7436026936026936,8.30456263375034
4,20.6069233562103,18.2650731547946,-0.982926811804929,12.4030983508388,55.9858915474236,14.298699765041,-1.76284517656746,-5.6224534223772,-0.204208109561067,2.38114135683684,10.2663806811209,5.97354161914503,-8.58094116373103,-0.744077568374204,0.860396421566418,17.627816831953,0.345267054663622,0.436750363640659,-1.41039423104218,4.81876503174326,11.5646703468616,2.93130082504995,0.372515825715894,0.855736062424887,-1.0792805075984,1.29473874113105,0.787118227725969,8.1415597329952,1.05727742491195,-9.25616843788125,-0.810820989459481,7.65744443634303,6.62189329150682,3.27219675790358,17.8740450398034,6.13616887365769,7.13579694761356,0.575151241972529,5.15041558094484,-9.59641296963503,8.79922337322959,9.53990420308136,2.71786624915762,10.9049953028266,-2.07763690398065,4.3652164109264,13.7122424340275,17.7818549664962,27.4588575075983,-0.5720039699834594,0.08424329111508402,0.16435287322822323,-0.3299646621060729,0.8964071067061148,-0.15214643977837197,0.3803953820126219,0.1241963480635149,-0.018426774088642864,0.0933193469138182,-0.1445458844062443,0.10206304798844398,-0.0420972544425453,-0.08760953764798453,0.04039262624840793,0.0011481465260157113,0.05396601546807444,-0.14736020847531694,0.15108897390508075,-0.39254568485362784,-0.04377291728526585,0.048589930021431346,-0.05045164882256295,0.10345625352308908,0.10603064024428288,0.1015610909622553,-0.166189618372869,-0.5899734571882689,-0.1052436271783618,0.2855839536652121,-0.04596792701256192,0.08302012662792303,0.11507871918652658,0.11318426027475073,0.003331437521199612,-0.23241841293590143,-0.2172202537510341,0.08572243877034504,0.1461501045417675,0.12481098871340245,0.04549914250723361,-0.14564122326741596,-0.06949883961411464,-0.14571217238517378,-0.16068169439552296,0.21789485883389983,0.02908110991803801,0.08680747289755598,-0.5375148060515103,4.200476190476191,7.481703786399431
5,7.72098760460771,15.2197898247055,1.34946453940258,8.19279024967806,14.298699765041,40.4307622609708,3.7977090513595,1.28216844173226,-3.61796289063379,3.06879479274449,12.8935165103259,18.6932545982009,-9.44133873846077,4.51374352174877,-3.14428838880945,-6.67507496616642,1.7912691618455,-0.919594675579897,-1.75345826482145,1.48543385639664,14.329670703358,1.02633806281388,1.60468757454324,-3.4287633173991,-0.412916916183652,1.70170303079681,1.23243111595825,4.61368138356212,1.94974738072118,-1.04531730055,-1.81761211205859,1.04027765453056,4.26067076188182,9.78991462919063,1.99631889461029,3.44131445091528,6.20902623534805,6.12221935366306,14.1552860374288,0.956625948287657,3.74076149626312,9.02818187725348,2.79026159488708,12.5756528614146,4.73547573828876,29.0609785744228,-1.68544691221562,7.94082970397521,4.60108267712639,0.21256852897031533,-0.4633913861362065,0.48109758490618915,-0.048330768675143014,-0.15011104690832583,1.280025384357942,-0.18667450174516936,-0.0337408377997649,0.13241428676119035,-0.06526271273146243,-0.2577282094745832,-0.43844721906399464,-0.12632290462098816,0.28956948907279,0.13532994282159536,0.1419959110716901,-0.16741842487870764,0.014415343740362269,0.07653402205312995,-0.2962018615730669,-0.29505837381966443,0.021423129991590715,-0.09867489016676571,0.061928677166220344,0.23715326740520004,-0.4354411362826226,0.18907284917199044,-0.014325913253884034,0.08106266676298345,0.02751777322746687,-0.26752329244429823,0.07897740141253015,-0.04774436631282666,-0.38967943631901825,0.062585598159596,-0.10742987039212187,-0.18382416025184897,-0.4562467193844972,0.03672639213495046,-0.14203936242427714,-0.01988836779956315,-0.17664722931073806,-0.2088242130362962,-0.26220215412010095,-0.12991574993064073,-0.35365718403172536,0.14690476388218204,0.1598370318153388,0.20861643353510395,3.257777777777777,6.357732477933529
6,-0.445543709559704,8.12840587100324,1.31286131873563,4.74109076986397,-1.76284517656746,3.7977090513595,18.4475495152084,9.80245530049735,-1.17681319730984,4.62939760943885,9.91592196372034,10.8887366575022,5.59302985927147,1.24968232667047,19.1027167919129,-1.95856619648773,1.65160975609024,0.878053827239374,3.34300960915202,-0.782611012852096,-3.13077785588737,1.71123118048054,1.73011049259854,-1.38519598324366,-1.68691140494444,-1.08663043835751,0.117158129358736,0.365380126358772,-1.42699932561574,11.8314056549066,2.64312789198486,-1.61967270466076,2.51559121113187,7.63655219860937,1.12939078175361,-4.26851549229523,5.98048462281756,4.26203949505237,-1.58392598986645,-4.89951549864305,-1.38561828911347,3.02581275684226,5.0418107647136,-2.25419948616749,-0.213402408303206,-3.74641417194192,44.9578624792852,9.33396067984164,21.4402260831821,0.09122435828225214,-0.2499646454142272,0.08025620894549931,-0.2878581057756837,0.3805723918558315,-0.18921729897499812,2.0589819135244904,-0.055347751200105,0.0868576963404662,0.057523785266001395,-0.20247950075138887,-0.08790529713589064,-0.3488146634376453,-0.049091928367374575,-0.229930630156161,0.08964478768287291,-0.007419127115408623,0.3059283556478351,-0.5005861285035458,0.5060423655565995,0.10116733887676416,0.3077660039743355,-0.2791945598751418,-0.2776212632522755,0.1543311461640457,0.3918310032152856,-0.0256531926170799,-0.29872087868294317,-0.27095423541542024,0.20258601793347214,0.035595587653886734,0.4896670215171423,-0.216002556162249,-0.0022226696286752196,-0.3304473467356173,0.2666537273516512,-0.07303822271225477,-0.6708749205285013,0.015574957759960501,0.293555784907844,0.1772294359855613,-0.18716674251582904,-0.4123106667580427,0.2517381867317858,-0.22424739941755398,0.1841929519164593,-0.07412822602165953,-0.0906378699119569,-0.24411687015217706,0.5849999999999999,4.293896775099324
7,-4.70774252840927,7.18478230537637,14.0998948048621,-0.0603168169780844,-5.6224534223772,1.28216844173226,9.80245530049735,19.8924732517528,0.63771502471292,4.33384887553544,7.64577775441055,7.27069305587797,-0.980770953183731,5.59515984089088,14.0634352293386,0.0307378928340745,-0.448757301371074,0.0364146815338333,-1.10231220981464,-1.41708649679426,-2.47582442064468,1.93567629213171,0.215337221735969,-0.582341137690976,-3.09899741529236,-1.14478545673502,-2.32403710490449,-0.862416635265116,-2.63422096670379,0.344882510255716,5.94200063057586,2.25919343443117,-0.982277696223173,5.76113568963393,-2.87821046219121,2.54355745342304,7.40025553357185,2.22740778751237,-5.03340782976796,-5.71350965529328,-5.73771788508466,3.93244611833437,3.71906753552463,-4.23359398692599,3.72631045232183,3.88892924819522,27.1033058246727,2.96880875446689,11.8296437852152,-0.007024146636952582,-0.08870621987422718,-0.35088265205405716,0.08805706797421362,0.1214124814762791,-0.03461030660809845,-0.05564506692039089,1.970620439368575,-0.22474600489407875,-0.41849621125285885,-0.10697112206996504,0.06460122719950533,0.19601935181588964,-0.7331197300323623,-0.1430673673087852,0.28097310567898465,0.37960757969914993,0.0324872616426161,0.13968223485533787,0.009944035208331902,0.00033259560906869406,-0.04531721173135113,0.10365101246979062,-0.21408018425981146,0.24181706667373595,-0.08772121260203394,0.3289359380342773,0.1989421270128498,0.22277595631220073,0.14551615149401217,-0.2071273297249077,-0.20681679086584476,0.14087579002228803,0.048692153552990454,0.3666035437738273,0.11955815015509803,-0.18955281622166015,0.06964911764112369,0.4083633468184415,0.2588116565810744,0.10506735574321004,-0.6647131418815125,-0.5907764968137363,0.21817756831036514,-0.3299352782831785,0.015006329650026724,-0.19186556809461186,0.0492456689636478,0.09892283484207155,0.7623015873015875,4.458976704553725
8,-3.03847725944055,1.02297293599524,5.14219343987938,5.5251592520551,-0.204208109561067,-3.61796289063379,-1.17681319730984,0.63771502471292,29.1268522688769,5.36669518528067,12.3006192531374,-0.0989111537041203,14.2414130895423,5.13055115939066,1.95313401131506,44.6332601909586,-0.73619353300795,-0.0013973003720106,-3.39331731605997,-2.76089795253555,10.4503578256982,-2.80839595529464,-1.78736196478564,0.167168658163373,0.365366794735546,0.520341512853968,-2.10159996227818,-2.13123664225465,-7.72408837455423,-3.8029301748151,9.46453701648516,-4.9285219739895,-4.27696937926568,-7.48698220707067,-2.0420810203896,7.1519434667159,-1.38246314396957,1.95576180493032,8.02481340303253,5.29239814991888,-5.14960041200363,-1.26386020243215,2.72749123449977,5.12402579747977,-4.56094394701457,-4.11205730569772,6.48433034764263,6.64716299125731,-4.02871419789093,0.11421230976196875,0.24270787376714895,0.22660444314490008,0.12346754154756215,-0.01832880323692924,0.1348061086000457,0.0878836894585402,-0.2235745299021622,1.4884071297636143,-0.6056099806175373,-0.006877182656646779,-0.1720986442517024,-0.04979472359069114,-0.028695125583953218,0.40644091335661525,-0.5367663910737688,-0.09471096321187387,-0.21322023946387691,0.1705389000897258,0.04582118565180767,0.0676030572952452,0.36846542802819704,0.12064735818308443,0.1121796098572598,0.00035057324669588157,-0.11412498705393549,0.3398192351074048,-0.09545429825591098,-0.05725247119846093,-0.03997029732344783,-0.0251869323085804,0.33617223929801565,-0.22235924837115456,0.39377317750780483,0.29676315909490997,-0.3914413071241507,-0.32555007285699006,-0.38671597920200856,-0.3786127151953286,0.03178618345543075,0.003869036242439615,-0.002808278953480516,-0.08540078045911614,0.13779955915349115,0.13022547766139286,0.043773369882962834,-0.10843264883862144,-0.10266867531429405,0.04558653462237563,1.6167460317460318,5.396003360717717
9,2.40020842141748,5.1469025224619,7.74777074051695,7.33608609934386,2.38114135683684,3.06879479274449,4.62939760943885,4.33384887553544,5.36669518528067,12.5086326816254,4.03184113157103,3.90578254734471,2.54469490264403,7.39889608314216,7.65030267166304,13.3639718914438,0.283838205557502,-0.0640511675344678,3.84296622582835,-0.796342752497384,1.86688250663258,0.490311953372528,1.99606386900403,0.495465512347513,3.31441267942888,-1.63389569432991,-0.635470562636601,0.920507609037749,0.406390246398494,-3.83477879157938,1.8082280106459,3.01698863003887,0.191283972455898,12.9183020481885,2.96383947712335,4.78137038680934,3.86338793766799,2.03294629446695,4.57478270808768,-3.70401476731336,-1.95397064559336,-3.56305769543936,0.831442775378006,7.31838592309348,-0.331139232232426,15.0360678081557,22.0476039273124,5.50444569770505,10.6122333656606,-0.49474999113993157,0.5047875070853347,0.10097735877288132,-0.18066319576028583,0.09490881387888941,-0.06292024590059729,0.04183070062785365,-0.41703918764768194,-0.6079963768443665,2.0180292623607525,0.06385762002958852,0.21252410369400626,0.008973639843163149,0.3057194189122646,-0.19156769000375198,-0.010279147714498263,0.11970054211615706,0.06239319662410295,-0.4749449580518182,-0.07011558162822872,-0.006529699117206146,0.06598776071462636,0.16044377560383902,0.01041511095125316,-0.17253014615242754,0.2011332990452556,0.29407840184580314,-0.060239087265429384,0.16784747266439418,0.009808598925009817,0.07521856950950015,-0.2286407860969154,-0.07691673811115687,-0.5163341734904577,-0.04823259076959504,-0.1274090919442344,0.22867154773182347,-0.17990795963089526,0.214110240929475,0.1574472881542522,-0.17905844783938246,0.11767252329099219,-0.21709205090539024,-0.25293723066412177,-0.06837485745485766,-0.39564847861838803,-0.20666062696469215,-0.10785070261147772,0.165908906629915,1.3810673585673585,3.535340532625597
10,4.32192396039534,18.5646990757401,1.64793915087705,5.92209936534273,10.2663806811209,12.8935165103259,9.91592196372034,7.64577775441055,12.3006192531374,4.03184113157103,29.5874400709305,22.1983646789739,-4.21347582177287,4.26571215198861,16.018578906789,14.9275863527613,1.50493346517607,1.99149658735577,-1.60657835327615,-0.527208282735677,2.30587360787502,1.49177816744517,0.563483819864621,-2.21186087759845,-3.2614965827372,-0.722541082586576,1.25441756548423,2.79187854228379,-11.7987827555198,-1.1688689729999,3.06618293175589,-0.590863199412599,-3.31826801629524,-0.423409521375896,-2.37632199137311,4.09121505736234,2.30022572876961,6.71092587782642,11.7297933651168,6.35965299605421,3.27566583893251,2.38967374199858,5.69836267905742,7.03391109380846,-1.78658737867873,-2.78094211231442,45.3324251397958,31.5865526048394,16.2007500451152,-0.09661766761751701,-0.05221864544434054,-0.06009843056732928,-0.004806044260577639,-0.14097954726681206,-0.2594583515249678,-0.2004996605735869,-0.10902304120632011,-0.00811687028189241,0.05693603201584242,1.8575090995742078,-0.10795917355637855,0.30543775236819926,0.10778822490977917,-0.39068771329160296,-0.20050840428164407,-0.02441645745324174,0.09667637887649304,0.49524999510810463,-0.3171334008598957,-0.39267433672847296,0.018126736194531628,-0.14645286141679448,-0.26465175996774704,0.012699820709931723,0.3478854431107918,-0.22952140985136593,-0.03708606361488632,0.7481272914130886,-0.022974699739449884,0.1543326929481166,0.4025138938423538,0.10652589847956512,0.03315663280438938,0.370996678317234,0.09256750187564657,0.1553801758961515,-0.22327069651496867,-0.3429757056554851,-0.054638151045740754,0.3498431357073901,0.1694145192765057,-0.1036342303096638,0.38052226020967395,0.07200782471750787,-0.05968561358659796,-0.03348022727826693,-0.46898260867287117,-0.06168535351464587,2.6451455026455037,5.43851450958168
11,15.5998424129163,19.8231695525278,-6.89372493603564,0.78614109767794,5.97354161914503,18.6932545982009,10.8887366575022,7.27069305587797,-0.0989111537041203,3.90578254734471,22.1983646789739,43.5973238257414,-11.8478831746239,4.52006146978925,20.7549504110472,-10.2327690712347,3.57536093607818,2.99696515015583,1.5724839544137,-0.0329719842431178,-8.59754217872875,2.41622669987699,2.87141675432032,-7.51310339130749,3.87885647673679,0.95253074457234,3.12526048284936,4.47001363080511,-6.00387187071663,6.6993468628065,-0.138947263284984,8.29376640669492,-2.61443097639099,0.63714951792486,-3.72721729934473,-0.225468283082534,0.766182578079535,11.0439753352874,3.09722766649967,5.08428436098597,20.0836355200954,3.3348040668793,1.92747296071007,-3.40298492170651,3.51951175237143,-1.68999639745841,36.9935246217144,39.3336273868316,14.3578575876856,-0.42782525436996127,-0.10077547569670008,-0.09283866753964204,0.19484172581301706,0.10242504188275206,-0.43919232095606886,-0.08758366955083802,0.06378869704501562,-0.17676333389517193,0.21244513961198988,-0.10719123990430302,1.3028759938420933,0.30696384038614644,-0.1278083035256344,-0.2434010454273871,-0.1419133551894925,-0.24392247644877635,-0.08288304666718066,-0.20869782149392965,0.074782401081613,0.15530773476028167,-0.21059936940879861,0.1388320320898525,0.5286453653285963,-0.2027672841038733,0.07404566078806742,-0.2896859050896847,-0.38046937766727823,-0.11149129899877576,-0.0674747529654903,-0.04886902998380728,-0.11004715585807809,0.19764807382542124,0.14946236943073118,0.18968664444876285,0.1023441905912675,-0.2551820848635039,-0.6885208819653447,0.1559673415983563,-0.15804131998947604,-0.23988953398328242,-0.06981103792621046,0.3746349170017253,0.1186781607219434,-0.02366366032161229,-0.04073852614115414,-0.18298776698763325,0.07224378082824683,0.13848465764476375,0.5368518518518521,6.602069662290868
12,3.30895341271826,1.82030500828351,11.9048026931161,9.20477896558537,-8.58094116373103,-9.44133873846077,5.59302985927147,-0.980770953183731,14.2414130895423,2.54469490264403,-4.21347582177287,-11.8478831746239,78.2715262074178,23.7798200362676,24.5998913539921,36.7956416134245,1.88903214989614,1.7417260051197,-0.570480183272839,-2.09025502835836,4.0406033435229,-3.86904756435696,-4.14785755687438,0.886888464043087,3.4148873718687,3.40800582455612,-2.68131918775246,-3.33811271114919,-1.39222954759929,19.7090212200162,14.1653945115165,4.44231351763985,-4.44548081039041,-4.45658880851781,-7.40446673087109,2.41606161604243,3.43812192696702,-3.67227135257129,16.5157999631797,10.5620722279914,-10.679237687473,-12.9686983084963,5.81606094932506,4.46537649400432,3.84915779923367,6.46696696590722,2.42841231627981,-9.27240681141977,-1.58352763959104,-0.1354801712496869,0.07384350637959224,-0.022395758293292628,0.1518938506841321,-0.04143591323027935,-0.12681539388821692,-0.34848297598568,0.1929965573701075,-0.05423719806917392,0.008743420881844344,0.30467150839954815,0.3082115725702689,0.4496411286966859,-0.052436203151593565,-0.2787842925945957,-0.17849462146433379,-0.2598208733587174,-0.10364308287187954,0.028926262223112592,-0.07496822342076855,-0.021699773340971094,-0.005664455835200639,0.04334515043712447,0.130722220191326,0.01961751831034533,-0.11113717082215611,-0.024242297005541404,-0.09963263157220877,0.15282546629612662,-0.08519851321267273,0.04008869540513105,0.01113485870483376,0.1986391531588862,0.10117606001310382,0.14231045412634508,0.06987348541371088,-0.26649499806456156,0.20248795979169332,-0.01315743800834283,-0.053403011770598564,0.00904908504094113,0.019116864663378568,-0.0011366603251801864,0.08385990640012315,-0.14949498266388905,-0.1109830373095611,-0.03956346349570985,-0.09404274343851278,0.1634221446651837,4.785396825396824,8.846554482250017
13,7.60360825468697,10.4977921356263,4.91701354309128,20.5972313297923,-0.744077568374204,4.51374352174877,1.24968232667047,5.59515984089088,5.13055115939066,7.39889608314216,4.26571215198861,4.52006146978925,23.7798200362676,31.7060463761175,14.3891856964008,18.6173218279128,0.739159719365366,-0.113011357960442,1.26445527624741,-0.972881911862418,-3.46945984721093,-2.38674950271609,0.115355939195135,1.42686401869918,4.09380722494427,-2.30049279878424,-1.33574329849446,0.861182946923192,-4.74929101783544,13.7810622181706,9.65941224801039,11.7609544165114,-4.2702346509829,4.27329332996007,-1.60264449429831,5.74651622124275,1.85828912681924,0.0959383226806168,17.4288068337219,11.3959913673991,-3.43993461073653,-7.1824954633491,1.93174990212698,10.0674252472567,4.83668024328179,22.9504878129767,2.73580973601735,5.59235211613458,-0.308625036244536,-0.23385807716592166,0.023295602275270787,0.3261466693012757,-0.2148637121104643,-0.08175155185188435,0.2960543770615268,-0.05571006211582658,-0.732164137566538,-0.02769289184363621,0.30495071352002356,0.11204431763902056,-0.12943815125745442,-0.051541117442788754,1.3304423010686723,-0.1886548393008025,-0.21060945041247794,-0.2260337293695474,-0.11892034405039591,-0.079693674291999,-0.02835325274689226,0.10354808611827616,-0.16743522714376374,-0.3844881682608931,-0.3575896003176769,0.16425020969156637,-0.08140748029519648,-0.1256104905401675,-0.043973509069610894,-0.07424918878481639,-0.12887607466814727,-0.16956019997619276,-0.24323337106843518,0.33650430775290907,-0.37108415999972755,-0.03705929205568314,0.02015128134317985,0.050576433683677084,0.04967396278909408,-0.45210414127790266,-0.1998135920546689,0.12979167369962888,-0.06746751216662102,0.10447066734415208,0.012042306322466736,-0.1019920913713329,-0.30903767130098975,0.0992361823436971,0.0028506174043484342,0.23751988570064256,0.8163888888888889,5.629924189198065
14,6.0271821933388,11.9272813668464,4.42470070450509,9.55711731003503,0.860396421566418,-3.14428838880945,19.1027167919129,14.0634352293386,1.95313401131506,7.65030267166304,16.018578906789,20.7549504110472,24.5998913539921,14.3891856964008,49.5345074101586,10.3670116137595,2.7983883254118,3.54547091118499,2.18962132181213,0.455183931143686,-9.36473724576339,4.66955454312067,-1.29558046676081,-3.45737294939795,0.102031766374527,1.78081508627521,-1.22929015844743,0.0170840447456262,-6.50071890083237,20.4402173918852,5.74530459936339,4.62421481773333,-1.74986715186829,3.48027859618029,-1.28794665403342,1.0706749265555,1.92057933681954,6.34408353000121,4.68353242215892,-1.4637061613078,4.92788442110361,-1.28695710223947,6.80361396315585,-4.54011942262159,0.529543481559106,-5.94280663475249,59.7782584569991,11.3140176120288,28.7947903307425,0.048726682693373026,0.09066344610838273,-0.17458756598030456,-0.01104917666969886,0.03967397980291517,0.13877763461352507,-0.22793550723255185,-0.1413598224409602,0.4034157153981572,-0.1875010380199203,-0.39414828669102936,-0.24513381779365398,-0.28108437321226654,-0.18916059996130863,1.034009640391645,-0.010886897420039725,0.07411169252919506,-0.13506092294952993,0.14478612356794304,-0.3018504335172551,0.19004831889939555,-0.06945514040554951,0.3081037791322869,0.17339744904619847,-0.28848185210625443,-0.06878561596329685,0.16794327295586076,0.030801196237999942,-0.23394744680198887,-0.053814788775408205,-0.011088070992166356,-0.12234855749082746,0.08231897456619545,-0.02820735797075131,-0.10009447497619507,-0.4395376527539171,0.5019167307744999,-0.28444864452012386,-0.21393996708654456,0.06091719187344199,-0.0911182157083499,-0.1127341771274433,-0.1923075054793512,0.013404742581991352,0.11170701831527677,0.25999492301061494,-0.10120005004033365,0.23053390465571094,-0.18130525235518724,0.500026455026455,7.037365090014773
15,5.72030283601231,5.86750339360781,23.4674081717853,19.1997868325879,17.627816831953,-6.67507496616642,-1.95856619648773,0.0307378928340745,44.6332601909586,13.3639718914438,14.9275863527613,-10.2327690712347,36.7956416134245,18.6173218279128,10.3670116137595,132.936582446431,-2.43824225009363,-4.44524281911848,-2.9011592201224,-3.18205928836489,41.1884960575733,1.27229219981932,-2.94723764094437,6.99716365596873,-5.60043648538199,3.8687451456828,-3.63958913076757,-2.38140339630616,-8.62764701857051,-2.31335241435596,27.1797369392314,-3.61951345790758,-0.660172653691997,5.98824524759553,14.5417762651281,19.7431062635546,-5.02480991375526,1.96227997931611,-5.63009937194782,-13.6252318381346,-18.7385489641464,-1.0226185538905,2.39917139268325,12.9468945641993,-9.886953902929,-16.0450338421335,-9.10983554006831,-8.55501465482566,-10.1670245774665,-0.009946104733767253,-0.17952422601656956,-0.3094473781190495,-0.15117815260393044,0.0014860091261321283,0.14155139762968139,0.08797471631322283,0.28067394165570475,-0.5334787240957564,-0.011550673091455885,-0.20308218820378013,-0.14353454367661972,-0.18017989366377593,-0.21247742815871576,-0.012139086947791181,0.7366447154708183,0.15084898196493926,0.2258277202753877,0.0525606522980155,0.07869930913474232,-0.27084566256758763,0.10230216119570716,-0.1383338731135942,-0.265103303517255,-0.11411902825483326,-0.10059908741068979,-0.04098564428634712,0.24525502076602615,0.19827802491679902,0.0275326592270866,-0.12157843562937101,-0.038989265415794186,0.1808421641398524,-0.06109290937838005,-0.40846079963934945,-0.031068475859159016,0.12705996449373863,-0.28692762757198803,0.31368035583109816,0.05715357226412062,0.025329250745276054,-0.00333689366999316,0.18182947876982145,-0.3148474780538632,0.12162706935141723,0.1930506345349715,0.04755314394575274,0.16492189540551414,-0.07060536938548233,1.693148148148148,11.529379100646796
39,2.06692919400438,1.54129286434625,-0.760136309242025,0.269876903530871,0.345267054663622,1.7912691618455,1.65160975609024,-0.448757301371074,-0.73619353300795,0.283838205557502,1.50493346517607,3.57536093607818,1.88903214989614,0.739159719365366,2.7983883254118,-2.43824225009363,1.04120296087784,0.609576523058643,0.536507316172331,0.20021522197385,-1.06759239678551,0.541087862670071,0.186488709268198,-0.569285920185742,-0.0014454827095731,0.326735817484594,0.393219765328379,0.345260515455111,-0.397808048745554,4.70656945604425,0.993160899371465,0.952273416506921,1.08322383259747,0.653689671693401,0.246778745005844,-0.60295231273376,0.780400134511358,0.975594303408895,1.44777194641428,0.962879389931,2.49377482501192,-0.792582107525369,0.386630565732804,-0.933902068786003,0.538251946031685,1.10218771532926,4.73866555072029,3.64354688012732,4.19719012974762,-0.03765816024473846,0.020793861289710152,0.08718482122235402,0.12409853069652828,0.06191143454048466,-0.16941319312600187,-0.00704653297160096,0.38350149366819225,-0.09658057510180058,0.12328503835165938,-0.023506564548843565,-0.24278019428588338,-0.26312065621245767,-0.22776138001707436,0.07774619649688048,0.15433880130836075,5.419980974102051,-0.16260582420236835,-0.04626296761501618,-0.007985215110587062,-0.014148847049598727,-0.6214569240347995,0.021033899760131213,-0.01897955921922432,0.13192574503142912,-0.09482636198059599,0.009353700141194842,-0.1245391696025781,0.030096087569345526,-0.07903891635060897,-0.11603614722363079,0.20092180575267565,-0.2989032455972518,-0.1713680621416405,-0.06260480892602811,-0.055933472790595955,0.0021350066103361055,-0.016152259752682748,-0.056410879417533755,0.0030679835987493104,-0.0015673947196986756,0.2254659699113591,0.08703832308839732,0.47797445109431325,0.3306185847355441,-0.1425257383459739,-0.03723424900158318,-0.18537237689999372,-0.08948355326714895,-2.173968253968254,1.0154816398526554
40,1.774121190743,4.10921660598048,0.701286975994867,-0.0512506070496632,0.436750363640659,-0.919594675579897,0.878053827239374,0.0364146815338333,-0.0013973003720106,-0.0640511675344678,1.99149658735577,2.99696515015583,1.7417260051197,-0.113011357960442,3.54547091118499,-4.44524281911848,0.609576523058643,2.69755938697318,0.763864487105689,-0.0394991978850007,-5.33023576090513,0.0401755168143294,-0.59963510013371,-1.01375540044419,-0.188936639201791,-0.0608941921195394,0.440989335837355,-0.0037761540328719,0.0240384534162841,3.97351962899805,-0.883545617221084,0.788727608500572,-1.21208156279665,-1.37124462368185,-3.13255006466478,0.388049348745557,0.784382794853549,0.650084227210122,1.38194235251565,0.659690322561766,-0.527976204264068,-2.76784042678313,1.51065662386874,1.86082764160887,-1.29202562249755,0.404204399056046,6.82982783853138,7.23356412564419,4.34579531179596,-0.006997978087366081,-0.031210873625936265,0.006662193522503607,0.32277980548038293,-0.1438210503691768,0.013970273533286498,0.30632998482427953,0.033793821123545086,-0.21017385849749487,0.061914877564655524,0.09043074403175845,-0.0821515200150761,-0.10357057469348814,-0.11137771208271795,-0.14027126314140562,0.22669640385424852,-0.16379924858205408,4.07153074861027,-0.20571412658545477,-0.06514327639554039,0.1613310562306153,-0.19640406014909007,0.032500461371961345,0.3533497342430677,0.3589058956614108,-0.2536546323590564,0.048249488456821185,0.18369660836268506,-0.4271407009629116,-0.24418362394524407,-0.0238014402605008,0.1350616124362286,0.5136969672383694,0.17403503851962504,0.17387969606262574,-0.2194445924137014,0.08641654014054703,-0.02481029669582932,0.07723196140636901,0.13897336468414892,0.18587622594051686,0.13575632853362352,-0.07333331540712118,-0.17856039051352962,0.7849301576792916,-0.14157214018441167,0.00632345713658676,-0.28770008402388825,-0.22044263530903196,-1.493333333333333,1.639377743832452
41,2.1160788000413,1.09920923400287,-1.67048572636857,0.532839733482329,-1.41039423104218,-1.75345826482145,3.34300960915202,-1.10231220981464,-3.39331731605997,3.84296622582835,-1.60657835327615,1.5724839544137,-0.570480183272839,1.26445527624741,2.18962132181213,-2.9011592201224,0.536507316172331,0.763864487105689,6.46254206088566,-0.209444862637818,-2.90865247506836,-0.399353456441452,2.56787444360893,0.282240778510304,1.43924656988101,-0.744938752070794,0.46817351151842,0.268038597407209,2.38894650856461,-2.71479056351234,0.4136002354649,1.50086993144391,-1.3912102602056,8.37377070956201,-0.704813487895829,-1.46580652887779,-0.120988142690025,-0.0079938473654715,-1.31782946109307,1.63038507266417,-0.808568392579621,-6.82362925151259,0.177561835264736,1.68913158314601,-1.23623260116506,-2.88758496292239,13.4530266682934,4.62469979080681,3.33300263400772,-0.4481587664667224,0.07526195637460713,-0.027883200498912228,-0.3414039361152232,0.16039467579068603,0.08185150289344098,-0.4976748076191401,0.1388094830897902,0.16786777007515513,-0.4742502212487098,0.5023337125682348,-0.21197700896767527,0.02958051814372439,-0.0741187837424577,0.1456787458094185,0.05256264583765257,-0.045794664268357745,-0.21049286267441195,2.646421909184402,0.06388303115989667,-0.1216656261946986,-0.1509574242542796,-0.04784951291358758,0.006823146624356284,0.43426561188956797,0.16983871315464516,0.13909961124542583,0.024147191021744625,-0.28050629312929715,0.23993806646610522,-0.057089122925594545,0.20093956035215962,0.29160324449148384,-0.2190828181306099,-0.11810729783165831,0.2633031945039138,0.24581068893068686,-0.05836354621291605,0.2775553725222431,-0.4240188542656583,-0.02873331548761054,0.4869021687127265,-0.2659119977152934,-0.0351050938309588,0.4278163811122989,0.01662372660110753,-0.022430544298556874,-0.054367318369019084,-0.16253948107386298,-0.9765873015873014,2.5401854382870663
42,-1.01527016013161,-1.72429616656233,-4.17303257415472,5.1383272174548,4.81876503174326,1.48543385639664,-0.782611012852096,-1.41708649679426,-2.76089795253555,-0.796342752497384,-0.527208282735677,-0.0329719842431178,-2.09025502835836,-0.972881911862418,0.455183931143686,-3.18205928836489,0.20021522197385,-0.0394991978850007,-0.209444862637818,5.64426254984753,-0.445571574892408,-0.393848414631098,0.909181401450117,0.64795194774914,-0.769857232754992,-1.11132014493666,0.143925977402778,2.14224477493271,2.07808935994669,9.33252040757549,1.43294191657766,-0.964361453257736,1.28815949952216,0.800562525622242,-0.586945339534716,-2.47383501660678,-0.390355763137481,-0.431322121366103,-4.91445409850925,-3.59726358574625,0.993498904748295,-0.844847491989712,-1.48097425980544,-2.20976795733198,-0.827659152159058,-5.17733173656275,1.26264124632,-3.33075769527169,-2.21418421995436,0.4598061793504459,0.1833075955331842,-0.014354079657676605,0.15506767094526583,-0.39264081283647034,-0.30099789723407644,0.51415561841732,0.009099995875465077,0.056063606886921746,-0.07151320740268982,-0.32361195813319865,0.08040904009967949,-0.0766136133680497,-0.02851661254173861,-0.3007294146739182,0.07673103883516703,-0.008291613098882367,-0.06474627812997819,0.06537396403343876,2.0265681395211343,-0.04189782298901282,0.0878140619971138,-0.1339165073483056,-0.7446802393626052,0.08942742860528684,0.22338494042840457,0.28545013519672285,-0.1491292453045396,-0.5172087753212451,-0.2258591454444246,0.0046702309116080235,-0.19039434613364659,0.16311012566802255,0.08031277484845174,-0.060551191547765365,0.33217066429769143,-0.10795207462068018,-0.05975576654438713,0.22120545682456325,-0.01996409872530163,-0.22342829558404342,0.11607159950273538,0.30845332397821207,0.02829914409852279,0.37130878767211767,-0.07311440697697788,-0.1246951709684138,-0.030117598941339623,0.24658718965857288,-1.6845238095238095,2.373660158878588
