,Cov_0,Cov_1,Cov_2,Cov_3,Cov_4,Cov_5,Cov_6,Cov_7,Cov_8,Cov_9,Cov_10,Cov_11,Cov_12,Cov_13,Cov_14,Cov_15,Cov_16,Cov_17,Cov_18,Cov_19,Cov_20,Cov_21,Cov_22,Cov_23,Cov_24,Cov_25,Cov_26,Cov_40,Cov_41,Cov_42,Cov_43,Cov_44,Cov_45,Cov_46,Cov_47,Cov_48,Cov_49,Cov_50,Cov_51,Cov_52,Cov_53,Cov_54,Cov_55,Cov_56,Cov_57,Cov_58,Cov_59,Cov_60,Cov_61,Cov_62,Cov_63,Cov_64,Cov_65,Cov_66,Cov_67,Cov_68,Cov_69,Cov_70,Cov_71,C_0,C_1,C_2,C_3,C_4,C_5,C_6,C_7,C_8,C_9,C_10,C_11,C_12,C_13,C_14,C_15,C_16,C_17,C_18,C_19,C_20,C_21,C_22,C_23,C_24,C_25,C_26,C_40,C_41,C_42,C_43,C_44,C_45,C_46,C_47,C_48,C_49,C_50,C_51,C_52,C_53,C_54,C_55,C_56,C_57,C_58,C_59,C_60,C_61,C_62,C_63,C_64,C_65,C_66,C_67,C_68,C_69,C_70,C_71,Mean,Std
0,68.3248680289485,46.3377628561,43.9182113463394,27.9758041671883,35.7096655164684,19.7796093857949,16.7510920631408,27.5404690289772,5.37668829704287,11.7388168397017,-2.38735925228732,20.5790145731286,31.8193319096284,31.4920877082562,22.3201713943439,22.3967395174513,32.3279323867888,11.3923525616618,9.71512040026878,10.9339118231542,-13.8485019506736,-17.5231625199421,-23.9538292580228,-4.80618513551975,-3.16745141333812,-1.7250604072728,-0.269187374514755,2.3137126060874,3.06256131402907,2.28490845869892,6.12145450853671,7.50384479017661,-3.20077780218935,3.16668239907,-0.351613723043002,-9.82012222383767,-3.6458502281206,1.47391262469849,4.80419575962335,-4.50183377926959,10.4307386951844,2.88648499681895,-15.6559195809617,-1.23891188810307,2.58517338981765,-19.3524578428008,0.650562110040293,29.2779548153199,3.13727622354902,-16.5516390833684,16.0537665034899,17.3170628016279,6.12081109390698,2.00680914544073,-22.3140775191018,11.5707603153286,-0.322371851955861,-7.4061215148567,-10.8396429122413,1.4400731983957664,-0.5459926451714477,-0.3898406442821481,0.12790167115304724,-0.2940425664467758,0.10096563512894423,0.031852189591474456,-0.2061649854810203,0.2385690065173586,0.22567923111745355,-0.05971574216693617,-0.004107503846276828,0.18067741668819123,-0.3542602111843324,-0.03874449314158386,0.14385364074642584,-0.2736907654568116,-0.2985283040615454,0.16149915497697545,0.3580917469505575,-0.35373996143856556,-0.11761352128361917,0.05607045517408394,0.280007304397875,0.08755266119430254,0.03556667883002273,-0.007799469256581053,-0.1190108323033467,-0.043271300628758454,-0.047239462889248525,-0.10760358204049894,0.14584208787922642,0.2899785659586931,-0.02391993390043674,-0.07029155370186954,0.14719961800308762,-0.032171061679810035,0.19295266734784947,-0.09955631638524604,0.1425341085407015,-0.01032788536180608,0.06511451602138224,-0.13258466364850152,-0.4649723545051346,0.012988373414710139,0.3726340089997564,-0.15922588510493754,-0.5005275042972432,-0.04772573838920151,0.5284275456488587,0.007267345820690483,-0.06101216062123475,0.09318885392091254,0.09314893914045531,0.27629496868757597,-0.23903494964055158,0.0905587973407964,0.06326693089934164,-0.23457165767919436,-3.222222222222222,8.2652808802211
1,46.3377628561,75.7420455512984,37.2371735850789,24.2076530722501,3.78093690299799,38.6586203514862,38.9455223442565,31.7358097091709,40.1046969145927,40.5612899746956,26.9189247552305,32.2726541306113,26.2797614171732,18.0477774080613,42.6158432661614,32.1275237920044,30.7082014505177,12.3188598783627,13.6052303791471,22.0554565741836,11.1210162521477,24.4056458932078,22.8686801300853,33.8152186406335,31.7407875302023,29.3042094277906,26.913076623403,25.136043825004,21.3864407929618,19.4372299863012,26.5611774350911,22.3682314637963,6.31877165208917,17.1053813818752,18.062698474381,6.75532366612883,15.9334091561762,19.2478264547059,11.0789207416817,6.49193927552232,14.23291638884,22.8419473534306,10.1734448083955,23.1496487764468,26.2034607359483,7.52829463784742,16.9436367438007,27.9847170291014,11.7194117551522,3.05942880717934,18.2498421567673,39.2715573843573,5.92234159416356,1.37942908114862,-21.3551652177857,6.24855559212122,5.7273149120909,3.25132305722346,3.18789994349151,-0.545992645172171,1.643427833705629,-0.10918150906234701,-0.1315940447484333,0.04381628003471799,-0.3282436882660559,0.04522687329266489,0.02078459929246497,-0.02490802528687443,-0.00029380739248621344,-0.4576428660492201,-0.057329780008279714,-0.07474524754885584,-0.2979487047312427,-0.21240307148097992,0.41624524488215353,-0.10338559814122876,0.3032198364170908,-0.11875743102099758,-0.10664673468232384,0.443728473884256,-0.12516510829791572,-0.0919620802976494,-0.1627192418546141,0.05076773093734137,0.03931833782139714,0.02593356365596096,0.050308979650902794,-0.02182147877797543,-0.08279279728404633,-0.21532394218584558,-0.37455772454573794,0.0013685162155216213,-0.5060281757904193,-0.346826914464462,0.22368553547561867,-0.25645656172168035,-0.3762333813276731,-0.19400520005971442,0.28256763152196507,-0.14126216875732836,-0.16612431684989473,0.15701994119745286,0.28795231241628694,-0.07687278266267632,-0.2268161771157936,0.06966506077538143,-0.007430273544923692,0.042476715981687,0.07525861694829847,-0.18079828788200586,-0.19554368759754567,-0.14000258509102548,0.25133903396082397,0.20167631731287075,0.5711232620888949,0.08350591301950636,-0.17778000924991483,-0.15745028187668816,-3.6916666666666673,8.702416075510204
2,43.9182113463394,37.2371735850789,88.2462707535121,66.2570789313567,15.3948221611774,19.405214178889,27.1869265335073,47.0086611355085,37.6953836512103,37.8075698211462,10.0489957195905,28.599953361503,32.6526418745377,22.8466768663526,11.3616266260487,22.1291778455349,41.165063154254,26.5606845809722,21.6451640346634,27.4251172513209,-3.85020201680994,-5.50788307486025,-7.77668837760087,6.12015470724979,6.67826056820402,6.94585583400265,7.29250139850122,7.36176570935931,5.05626631351285,-0.80646429609569,6.62750933686003,10.3971067842929,6.77024619159519,7.82170738978879,7.43319279555721,-3.89697127047902,6.07511810033413,-4.39754789180616,8.4555766154807,6.98725904634614,1.69471215165741,7.21179982841386,-8.6175730770211,-9.63775457940497,3.61411867828677,-14.1907239119013,9.65611234600687,28.1869082760625,12.3748468784706,-1.25846817227665,24.036223336314,23.5400874440712,9.93711964410913,11.0771892143145,7.17239605141199,29.5017579525966,14.8517073792775,2.90456963055014,-1.66793252937703,-0.38984064428191184,-0.10918150906256482,1.551957383741184,-0.6522956425720021,0.23669037974179943,0.3446263798948612,-0.26433772565295227,-0.025196261264827408,-0.19341274649132165,-0.22419595058158542,-0.07345717686036318,-0.12491752566847635,0.02812280278771564,-0.15622419280827962,0.078749764870073,0.04563703753522174,0.003932443573071068,-0.07333476992382312,0.02113573617600047,-0.3289396561420599,-0.0943208687725504,0.33713517861932835,-0.0014662398202835523,0.13776578691228747,0.09083162276430017,-0.021815155183916746,-0.14124358997537445,-0.19412764795370743,-0.27091596015837016,0.03926941566226401,-0.023373896082814146,0.0378258746775194,0.017451147112958903,0.08889540012601696,-0.023087703232907326,0.07196358345234606,-0.002523466624037213,0.5598738835649427,-0.07238051663982699,-0.028582333132265107,0.1355171818729798,-0.39737728774487024,-0.20270729141098812,0.6626473358824879,0.05618995471918688,-0.01603279395834407,-0.20791121903958332,0.18706058963292096,0.04426144697401832,0.07326025024519485,-0.5680628312141555,-0.001990816943516972,-0.04863546934724112,0.13893787519671397,-0.052280049197404026,-0.5864045174823199,0.3252630031071136,-0.3104314834532249,0.2952083704743105,-3.1388888888888884,9.393416351547083
3,27.9758041671883,24.2076530722501,66.2570789313567,99.3033109833972,47.7186880321971,32.1699311094449,32.6772322325282,43.2128686668173,34.8585075009243,39.0148663729963,-0.0244639463947775,8.34309130996348,38.4135062465244,24.0891589272001,15.3184439301966,32.6458836695057,52.0176024192909,17.4001409870034,20.6849718056673,22.0623462064666,-7.88125526485528,-11.5633822047577,-21.5002686976502,-2.78550149820726,-0.323515182196283,0.0206642721603684,0.573255602641124,1.41139439333557,-3.23423254895656,-5.17515611560696,0.0960716648938408,8.89695042321532,17.0145102922411,17.468583604587,8.3695912672153,-0.688435843538995,7.6297255430751,-0.372542945537037,10.8090139332632,20.6108637089058,12.0456022886011,6.43724716633685,-2.12058789191684,14.2810964669552,16.5035725708764,-6.55284159012176,18.7322534523027,35.6857523335877,29.914708318502,25.2173568394551,26.1399346746575,37.9381180898615,18.4798217520868,22.9773163776331,27.7933697782014,33.5913775532314,31.5718857526139,6.62783970214265,10.6455006685555,0.1279016711538146,-0.13159404474981112,-0.6522956425722464,1.8446474167681124,-0.20805406416144176,-0.42948251398523707,-0.03552198233875514,-0.11007233638579735,-0.27161764373081865,-0.014160749265782193,-0.1014251954122485,0.14136888866036182,-0.2199100887393172,0.3294852603739493,-0.33785553896790677,0.07612351441958169,-0.1886536481546589,0.01226144963542125,0.24395834249130718,-0.4303693744816483,0.22569506603614992,0.035375237103393034,0.1989119793134093,0.26023264314482847,0.06771975896691136,0.01764149485630313,-0.028492564251868413,-0.07966508707821414,0.13077927943663872,0.24441743010507627,0.2861337381467038,0.1601498121361177,-0.02502743172427355,-0.263701274763053,0.04383480121845662,0.18697515693317218,0.017729586824015073,0.23194489024383963,0.0006900605872343408,0.04020300495407102,0.07815295755969726,0.4260302911609598,0.23216755980221476,-0.2963001145817336,0.08577609185798214,0.21445681639782674,0.03666236579416877,0.2362159687344541,-0.41992058020815876,-0.720962402768145,-0.48342354142040056,-0.04208388257462004,-0.16783380370912315,0.04921068689321418,-0.33280920730005253,-0.18294503628313313,-0.25675955447504906,0.08040796360393403,-0.44334601323786205,-2.547222222222222,9.96460290144054
4,35.7096655164684,3.78093690299799,15.3948221611774,47.7186880321971,145.03030651341,15.2174239200639,21.2910978811182,7.85005244441428,-17.4630275968742,0.953531627131372,-19.0451658722063,24.4903931398689,77.0070007841129,35.8864429684984,-5.73693832764329,17.2301134270443,36.2783210672496,0.266998240476785,15.0696993065818,13.5465906316589,-8.9974299904451,-14.4423163178146,-14.4345684013546,-11.1464775553152,-8.87792989848193,-9.8712571237737,-10.6103093701821,-12.5401857325966,-18.3529781726843,-13.0123048093086,-10.5431729619924,1.03347537034437,-0.437847939377682,-10.7555043708919,-21.347206928239,-25.2638566513921,-16.3134318548291,-1.77323789999346,-3.09327272852946,1.84036238316247,23.8787517612463,-19.6036350457887,-3.46843089206177,-6.84392789100026,-0.545000698950262,-16.8500380198791,-13.4660855210816,5.30294239947362,-7.20078932989698,-12.9073026320327,14.7508775586048,-8.29780748546992,20.712310280724,-5.21853523138606,17.2132997782992,20.0339601821067,23.2976020980745,2.60816871410047,-0.541395374585004,-0.2940425664467305,0.04381628003494438,0.23669037974180454,-0.2080540641612389,0.9080299691132129,-0.24998954227238174,-0.4504580874259081,0.14219296352098063,0.0010138599292335644,0.1010430635591815,0.28607959078599976,-0.05648407066435304,-0.312088783533834,-6.36228634328838e-05,0.33063896116199176,-0.1282511353287824,-0.1400125649444839,0.33357672973437685,-0.12556891193857478,-0.028404214242643708,-0.23534379259506713,-0.0003031000039305146,0.17141612385084112,0.07075413856062683,-0.054813411079178226,-0.019585916911589302,0.04358705579466225,0.039969842080688225,0.0667960853671919,-0.02907361671124628,-0.042081808446431154,-0.12184454496621365,0.20695169095981766,0.11981617302744312,-0.014393967303903939,0.027713125614355943,0.3947307398051208,0.15949371043359253,0.1982591215738325,0.1378598713853391,-0.33506024901539794,0.2317220764623504,-0.2757090798233251,-0.034385828353744756,-0.38619525161116464,-0.004542886599997485,0.23082217037509753,-0.08132368493373414,0.16964990767297833,0.03888044001486963,-0.22109469255933545,0.3073643180689276,-0.3489950981994372,0.22801488702991796,-0.22506156604926322,-0.03846880570875847,-0.20084146197735947,-0.01620562610519103,0.010378150368387557,1.1833333333333336,12.042437731348661
5,19.7796093857949,38.6586203514862,19.405214178889,32.1699311094449,15.2174239200639,90.3036242816092,81.3156654083371,55.4213610463161,68.3207898048145,73.8542502390976,20.1114340303842,15.73933452408,21.326250862939,25.6514304763483,66.920538887506,71.2543380766136,60.9931296476135,37.3594117729489,32.7718402469436,50.567836040224,73.2198558511459,110.173329946118,110.622854768942,65.842691308632,58.7864942752848,50.9345301943029,43.4211541343633,36.0542011509897,24.6263413197176,25.3742110262102,32.4950945790983,25.0747740909631,9.52117209344155,19.1409923006624,27.584064579685,36.5141872706536,29.5609522597673,24.1144691512981,19.5078171163486,32.1115218397178,4.67985159392115,21.6332934081445,15.3400286555356,28.1511268046076,35.1930593166938,15.0705762070758,35.3813767767789,48.150710996618,33.1812802272976,21.2407648861381,15.9748654187678,27.3039623872743,8.20134735536522,43.4874331035999,-2.3914738388667,32.6792183693734,44.9822975869014,24.7620712360486,-2.04780385230713,0.10096563512850391,-0.32824368826608497,0.3446263798950632,-0.42948251398533294,-0.24998954227133524,2.0268071214307994,-0.8720470276802104,0.07528627795731653,0.20901718079325093,-0.15970333656117566,-0.10484661581345919,0.08303939150393967,0.31212337911380217,0.15992396417556803,-0.40919656512755537,0.27593848860079273,-0.23493866721631707,-0.057440959964727596,0.06842287930581849,-0.33149619470596303,0.09993049371223924,-0.3013824609993078,0.22334410884287234,-0.1555397040923967,-0.001376836778285567,-0.019946883447453552,-0.030134453992137555,-0.06460790820072941,-0.22081351036316424,0.05824633625214261,0.1837107025815382,-0.07955402434744421,0.23384600654302803,0.05554893881736794,0.12715394003828817,-0.18018544875744705,-0.021122121214525592,-0.02428231878444231,-0.12283489548074714,0.03965606372373958,0.04574598862138208,0.24447473718783505,-0.008775185757062457,0.19449760146661876,-0.047690563971565306,-0.1486197271946348,0.11051563129457323,-0.164917226648642,-0.28862939198753895,-0.012227354415942792,0.1810052536653398,-0.07441210262355669,0.07428186616846046,-0.4520652668294895,0.46853321195622405,-0.002726424340293982,-0.26141395021994,-0.24708945951018502,0.49757245334080513,2.870833333333333,9.502295737431519
6,16.7510920631408,38.9455223442565,27.1869265335073,32.6772322325282,21.2910978811182,81.3156654083371,105.493564814815,68.8824579275276,97.0719692522062,95.4253756998663,31.7620410350729,22.9115907944474,45.7871006872407,31.2747507676057,63.4770725118057,82.2441299807747,72.9128520682216,47.7243495675075,33.0654343210407,52.2467667592601,82.0304327491841,137.656971633466,155.187727561499,70.247200433389,59.7198931698377,49.7653754035327,40.3122319334852,32.4591195540132,21.0559945340907,23.747635112211,34.858155244859,28.3251015553823,13.6622304773516,16.5863116914705,27.8358984131934,39.429470513292,29.9390517655805,21.6286451801339,13.0192024955867,44.3303343582651,-8.23833573388743,11.1409007038712,13.8979766775891,28.75862525117,34.0334834592745,14.2245358364527,33.7615987787688,24.8916921231671,12.8505737622189,8.64479760324835,16.0633315534243,24.6297374364981,6.81566093562261,24.6274173580882,-5.17853511466884,30.9863538938224,44.8590566558093,21.5413959130653,7.96431851126592,0.0318521895916329,0.045226873291425725,-0.26433772565203567,-0.03552198234101105,-0.4504580874267763,-0.8720470276783878,2.6984707636589076,-0.2512301035281213,-0.1883229478927089,-0.606966176551371,-0.0005652129317951108,0.08356598290128464,-0.1439494612959563,0.05805737350102319,-0.03586116236368655,-0.34250799717844266,-0.061116865101581076,-0.07262622144779086,0.11007659720837618,0.012444672952319272,-0.023879023795820645,-0.16293852193831074,-0.13956774493453955,0.021334522053703637,0.20541981322282124,0.04803888344841745,-0.00010877424124709042,-0.04503995794811476,-0.055234055529855206,0.03532801589773429,0.022659839585041315,-0.2433121381648722,0.01785911559016193,-0.12470918356405854,-0.010312266836188343,-0.17235926726271658,0.17100170826208275,-0.011845719219796484,-0.22475179437085174,-0.6008437186426001,0.1193733914263845,0.1269067911707175,-0.35603551098558733,0.12380595234495759,-0.42651080672875813,-0.1347429919496975,-0.296503625688861,0.3919749454032854,0.22263038756552542,0.3381669303987277,0.441843430744117,-0.1876427492026416,0.5950098678727698,0.0011335767712202698,0.1871687507465153,-0.05575491493305357,0.33589707901525584,0.05231379216712153,0.01413365292860504,4.980555555555556,10.270519208628883
7,27.5404690289772,31.7358097091709,47.0086611355085,43.2128686668173,7.85005244441428,55.4213610463161,68.8824579275276,107.860047005818,66.9111405901924,81.3959894207168,14.0835045458664,26.527602318242,51.8048183047014,19.7563106833079,22.1445219050313,44.6682185147286,40.0644351562511,43.1167770235365,43.5523479527791,62.0764383982225,66.0877801425727,109.818510868804,117.24380947681,56.2744747748928,50.6311838175071,39.2100244667256,28.4036646798242,19.4804132926609,9.2322861070897,16.3627925359414,27.8957676943152,21.0380919467774,11.6132072158885,12.9910192983124,25.5919713078045,18.2654812065592,22.6393313131091,20.0011840304238,13.6152104400086,32.4401397147381,-8.27743691538522,16.294933589835,-3.24945753651997,9.8113283496998,24.5523796428673,-1.74348416920188,32.5862219278294,54.9304473433592,30.2170320790823,14.7846519345015,18.7736688054072,34.3725862717614,9.10784291798842,23.2881369033929,-1.44782648833689,51.4970873719679,54.2424492557623,17.962477091169,7.31956536710973,-0.20616498548126747,0.02078459929288539,-0.025196261264912506,-0.11007233638568954,0.14219296352161834,0.07528627795683142,-0.25123010352908376,1.2361288830197568,-0.03458882819084704,-0.0997008814393098,0.003847447680329322,0.17668633982215162,-0.39382685644664644,0.46669948490502694,0.03133540922263988,-0.15852365724770712,0.23632717283087337,-0.15912237447008795,-0.5154267322557087,-0.10257561756448381,0.13782594106243398,-0.23080888396263324,0.09644031830665434,-0.18338768218303814,-0.050635153848565914,0.047298152855681876,0.23368210377194865,0.22152420352950788,0.11975077453997816,-0.03905662778998627,-0.13650256132831343,-0.023622659396513302,0.37118727164056725,-0.008411272629822825,-0.03968418898392932,0.19542601138407387,0.018211122826432002,0.017238085041299905,0.2171836619401297,-0.39866465630706166,0.4863219764787249,-0.321685722942845,-0.20699260776131542,0.1309638035238094,0.25249691921909806,0.2722172021696376,0.16656609638245218,-0.5473477221582363,-0.0283814112125333,-0.05565607131505749,-0.11060563598116549,-0.18412023810649022,0.09017159202923576,0.06645321392997974,0.12532753932912194,0.07860450449265481,-0.3016689180539435,0.24097823371599683,-0.08379208594226373,-0.8935185185185183,10.38508772258656
8,5.37668829704287,40.1046969145927,37.6953836512103,34.8585075009243,-17.4630275968742,68.3207898048145,97.0719692522062,66.9111405901924,196.093904498368,106.218146116138,54.3642212883876,30.3248694741973,31.3092806981499,21.2088432090416,38.4570967035131,56.1151662623139,71.1915182238736,63.8717819767135,33.1149057006969,47.460218992167,120.647407846957,173.239553215658,214.555905225388,81.8986315155563,66.2774065233606,53.8252224578069,41.7974136991046,32.6008734932649,21.7469150528451,23.6925181028924,38.5667958321755,35.2579486521995,19.6258117518937,12.0584224919887,45.3137347629586,60.3961430655202,46.3275327346891,27.1781608417038,17.8202020361701,22.6226119755962,-34.9026833822538,9.26553918342864,8.80280272455267,43.5141646956465,49.3582258392122,30.6499972150355,45.0528934457703,44.6715450730291,26.5534632538843,20.294801177093,16.6057015384177,37.5286911559627,5.80050722426427,25.3608866566223,19.042712099601,38.423948573828,65.2647535078784,41.9919005200896,2.83249424028997,0.23856900651694332,-0.024908025286144074,-0.1934127464915307,-0.27161764373110664,0.0010138599293137115,0.20901718079293397,-0.18832294789304482,-0.034588828190879196,0.8423315054873023,-0.05978682438536899,-0.441901090967797,0.014190371692262945,-0.07873263282149744,0.0437242603770874,0.0458221071036805,-0.19874058711306528,-0.018619990277867017,-0.17010551344596578,0.05823507099266587,0.6709103229608503,-0.2990892466891404,-0.05019858467224795,-0.03840177992760243,-0.07213385493141085,0.008023225819740687,0.05212465446277886,0.17840442682150873,0.015046015978562801,-0.09651936293065265,-0.024810305278333084,0.01862925439435756,-0.29218418808398394,0.06798395393164298,0.061362170994346855,-0.38514412268827614,-0.16805223986963244,-0.08909619149309904,-0.247489154383931,-0.17092661635390638,0.4511531529497103,0.13974439018164034,0.14965513395082342,0.23456147768286353,-0.07923568107707689,-0.2047753310641506,-0.11447526593515463,0.09943158807970304,-0.1632108572796258,0.24605187028059292,-0.002554470032201713,-0.07033965624914482,-0.03917926453914588,0.125296763411553,0.021855208552800348,-0.09922868231914582,-0.04950338249571417,-0.15603313130203017,0.12779266764531058,0.34857461304240855,3.762962962962963,14.00299626859795
9,11.7388168397017,40.5612899746956,37.8075698211462,39.0148663729963,0.953531627131372,73.8542502390976,95.4253756998663,81.3959894207168,106.218146116138,140.456360153257,47.8505286969879,39.6559091709966,29.4055861786774,10.3639717344873,44.1065961500627,49.3986137029309,53.6368220636438,36.328323092337,36.764350393231,53.3500023596329,88.7461968540916,124.836774421605,148.355529579948,78.7390341827623,69.4293575202611,56.659021605495,44.5033635673964,34.1143529691355,21.459593470716,27.6489296320526,42.2364898748721,34.0756459813826,23.8846384133241,19.2701573016015,33.5641623860705,37.4172726406555,32.9915822844348,20.924682066623,25.1254816778533,60.0905148518057,-5.31326501948733,15.2069202653319,2.39595295630017,41.8190435360049,32.9160112059983,17.819319901264,38.3405924702157,59.9134321904074,24.5555875073922,4.28108153535327,21.130793322378,19.9654318509631,11.7877820601801,35.6187109388626,22.6800574149643,38.9266846398892,57.1707584843157,33.4559921881857,20.5970904627235,0.2256792311170033,-0.00029380739128079985,-0.22419595058198524,-0.014160749265322225,0.1010430635591264,-0.15970333656110375,-0.6069661765509652,-0.09970088143954017,-0.05978682438523,1.4487923838975165,-0.17959496809781172,-0.1259528533935404,0.11656981319460051,0.3291364609915219,0.2583253802638235,0.17335987425476054,-0.4443275950049553,0.19588510315589688,0.012641288579425945,0.015094010505463804,-0.14904131750747165,0.23798180992031584,-0.12630201881031197,-0.2590370649423606,-0.2059637720107061,-0.019489007455858496,0.09548302835798522,0.20600221423037623,0.0943597288483414,0.006592274869677231,-0.1381922250184211,0.03840374406236808,-0.43040455735645683,0.04964399653207056,0.2856110101008116,-0.19071950964888923,-0.14687656757654133,-0.0006308388987093454,-0.22214041465428458,-0.6635315098741233,-0.32053907886847155,-0.16982848582767843,0.4637681746290968,-0.18398377514023515,0.013007024506344965,0.1493054981479103,-0.08529679022858708,-0.44010290293383686,0.22222670593309532,0.1462721678614895,-0.2535609623577136,0.2230689696008574,0.08522990784598854,0.27125724593224,0.15911705072127297,0.0801475226795865,-0.0065181572043019895,-0.05205842293354251,-0.16758617048714597,-4.499999999999999,11.85100671475874
10,-2.38735925228732,26.9189247552305,10.0489957195905,-0.0244639463947775,-19.0451658722063,20.1114340303842,31.7620410350729,14.0835045458664,54.3642212883876,47.8505286969879,83.0362132822478,63.6175060868761,1.63350604788554,-19.8431176184037,10.5956289033514,7.51027046137586,5.26209467169025,7.58796565820581,4.55805918498441,15.219685795577,20.9599517187784,50.3081489185324,36.0603607201355,31.6952300143237,27.230294738761,25.1161950078064,23.2678375185165,18.0895219199475,12.0076912026865,5.40064874565917,7.06198642643289,1.81257525979918,7.15963126144894,-6.73994680951501,2.92956077559935,11.9967902046528,18.474791922075,0.916790752515235,-7.87934572534084,9.51523918264296,-15.6069210962402,3.86148037280668,22.9562258119164,27.0983487178423,8.50807165199625,24.8872687227596,0.0732469128026143,-2.74191768476909,1.25574994796463,-26.4892696989359,-6.4038680942634,-8.12570123785582,-8.24801760109668,-10.8066375023337,12.2594214818038,-9.12619015829298,9.32520198150638,12.8868605457319,12.1295031414115,-0.05971574216690364,-0.45764286604945814,-0.0734571768604244,-0.10142519541231593,0.28607959078644035,-0.10484661581372791,-0.0005652129318362718,0.0038474476806767692,-0.4419010909675451,-0.17959496809749195,2.1299322327194914,-0.6559743229168316,0.09788439287755092,0.22367413677294198,0.15888320828960334,-0.11921908092266978,0.0009654051577121474,0.3587810282373525,0.14141121173354307,0.009937877358817362,0.015437555190763376,-0.5165196425213716,0.3627214401888912,0.02123800074995044,-0.008987418656551822,-0.028541189020037376,-0.04309890686934927,-0.07905740993087762,-0.03267928896521308,0.035338009092377054,0.25770296785811403,0.43040761974371033,-0.07241991635634033,0.08924118220959232,-0.09981576309719264,0.27767850883482265,-0.38907081920682157,0.1512821846882286,0.49805187417751073,-0.07670547499831293,0.005935981070404206,-0.035980584171362656,-0.35431236688289747,-0.462116002766841,0.1701047909778058,-0.4326375616861068,0.3401705943205157,0.2740618405799039,-0.03594576048332056,0.5810013920514422,0.04587573354249015,0.16058121978517406,0.1784397996941481,-0.2518088994742538,-0.03914135559202419,0.08464455525965975,-0.20115726083482835,-0.047118451023471446,-0.258621317558296,1.5111111111111108,9.111872106337302
11,20.5790145731286,32.2726541306113,28.599953361503,8.34309130996348,24.4903931398689,15.73933452408,22.9115907944474,26.527602318242,30.3248694741973,39.6559091709966,63.6175060868761,160.455141762452,61.3953611081325,-2.18252265012027,4.08906127488648,5.09078118656404,31.5348469517259,46.8091205250917,47.3711921237018,59.828802558953,25.5484598870519,28.2743216162167,41.1404646012837,48.9506179005892,50.5576452368183,49.6434176484872,49.0072184389575,37.0359716135506,25.0968918646501,17.7558297591776,19.7546184380577,24.9797001018191,5.56464937521435,-9.63727909705116,-9.79522443378234,-13.3820444549477,6.28348516622216,17.598960929,1.39584986195156,3.31815885706034,2.22572788986052,-7.03329124128936,12.3596069568685,24.6694265871176,13.2025082891761,8.44612162716671,-1.02809965686801,29.4687754271603,12.7909016848645,-31.1609795440879,-6.40780457768642,23.7420989466523,10.6501479763635,18.9673761282185,49.8887397768567,12.2699110600394,6.45772186603584,-6.15859890141232,2.49980001320695,-0.004107503846283456,-0.05732978000825658,-0.12491752566858151,0.1413688886599626,-0.05648407066443105,0.08303939150330891,0.08356598290181946,0.17668633982202475,0.014190371692304695,-0.12595285339340048,-0.6559743229168667,1.3263965262544448,-0.5674020542197583,0.24583619671431006,0.04080833673493369,0.02711930099595904,0.01450386984979131,-0.4746316360025792,-0.16107912208105044,-0.5344648144719492,-0.05689175590507842,0.2396830736618126,0.016397464429129687,0.20971931788813347,0.011251552469544323,-0.118102645092439,-0.26901922727907857,-0.1393778236839998,-0.2780355874601274,-0.3461085387106937,-0.15106304095293463,-0.08272369402177152,0.05011311931300059,0.15494233689888887,0.49747523294081947,0.02328975071727068,0.04078210479272829,-0.17968071272073485,0.4342172116396733,0.06504034386311487,-0.051174467421400596,0.04884268495185829,0.2694051678996423,-0.011173092787153846,-0.1941568521782597,-0.07324434379698162,0.11292590782118898,-0.2168354350834614,-0.3072282203925732,0.2159679374305201,0.35467136467916843,0.04829913103240057,0.010798613310100302,0.05400855990661031,-0.27839476138456143,0.13878517943215915,0.20599999704510577,0.02154472773510167,0.0023155000434677453,5.02,12.666694192347586
12,31.8193319096284,26.2797614171732,32.6526418745377,38.4135062465244,77.0070007841129,21.326250862939,45.7871006872407,51.8048183047014,31.3092806981499,29.4055861786774,1.63350604788554,61.3953611081325,143.419098339719,56.1821909667551,4.90896203316309,21.3222307227646,30.5320511201474,19.689586686664,22.2423780939961,32.6982431939744,17.2685306268898,26.4522700891917,42.9764785959454,17.4463091627473,17.5714554772383,14.7943987964275,12.3614300395821,9.47017274593553,0.858473317160243,0.924060307148026,7.55017135467367,16.2674208851077,10.7529264992386,-8.57231737958584,-3.36351315556118,7.68470037629149,19.0322242157935,31.6022146621213,3.85383018934776,20.8785447449867,20.0461099318109,-1.91738957242351,7.78014706297099,3.57971444181126,13.0407072132902,-8.70812796226068,14.6975304678467,25.2709913101481,5.98241890459404,3.02196666975917,5.41205355971607,36.2554080110517,10.2232206361646,15.3885396801784,-4.54729613627857,50.3354466580898,43.5029716698197,12.0477100960804,8.16019653359343,0.18067741668793275,-0.07474524754838828,0.02812280278806458,-0.21991008873882034,-0.3120887835338934,0.31212337911463367,-0.14394946129722172,-0.3938268564462662,-0.07873263282173999,0.11656981319480468,0.09788439287732195,-0.5674020542193159,1.2202433619462372,-0.7260978231182781,-0.2206327352849387,0.08780088540058156,0.18564438221399798,0.2975861868307862,0.03391811240286039,-0.07772356894266581,0.04124659447869375,0.22989547250580894,-0.24328264477060135,0.03404711428103959,0.002028968387487984,0.03006887578793773,0.0275072077682473,0.020571566185615998,0.28355083072188064,0.15643712358026057,0.06139488881847718,-0.018476097287537782,-0.031020105312958835,0.21639145041541022,0.10157351442474585,-0.07860058846852204,-0.22228593836974225,-0.7339505402742483,0.0022234313560748177,-0.11463289440863572,-0.019377503881097387,0.1360684305806499,-0.24072539619430333,0.00466010259538441,0.17730250534729347,0.29159150394579175,-0.06689083799164179,0.17391882388538946,0.2109357721933187,-0.04449160126348048,0.08734244708894087,-0.18451055661412688,0.18875110953238894,-0.07624061641901549,0.18338734774846419,-0.2138922536480428,-0.04669829735981509,-0.08174283774449755,-0.12379248411610552,0.46222222222222215,11.975353787664021
13,31.4920877082562,18.0477774080613,22.8466768663526,24.0891589272001,35.8864429684984,25.6514304763483,31.2747507676057,19.7563106833079,21.2088432090416,10.3639717344873,-19.8431176184037,-2.18252265012027,56.1821909667551,67.2399288793104,42.347856360153,61.0080322690463,60.1821809699945,25.203499705167,21.57774555808,-3.31445537587944,-17.6340957918645,-17.8702380373464,-28.2413068799833,8.64216305571468,5.14096626749618,4.50500621590642,4.22261989931773,5.33437167484353,2.55820235023593,-0.724268445540894,2.4607279946677,7.09415426201805,0.660063072383177,6.81236291483342,-0.756984907527111,5.04602511701447,3.23146286064333,7.17230277656098,8.81133386316666,16.3912918647817,6.49810737731094,-3.33840808522979,-21.9138616115858,-8.85845329419822,-0.424170953246999,-26.1711488005332,-0.0262837779939896,4.39885488199862,-10.051393131948,-8.62347756211514,6.27293558897125,10.6230569971834,1.61233778798215,19.4688568803146,-17.1470563534291,13.8700442050251,20.0715636268692,-0.207713133729519,-14.0042594779411,-0.354260211183915,-0.29794870473184226,-0.15622419280838065,0.32948526037368536,-6.362286258958215e-05,0.15992396417557864,0.0580573735007985,0.46669948490512025,0.043724260377760754,0.3291364609913437,0.22367413677284578,0.24583619671456935,-0.7260978231186715,2.3232793605625286,-0.06265073592291852,-0.4069328376582715,-0.4823893625237216,0.073037882296357,-0.4291702951804486,0.13822220624899717,0.25812495214889974,-0.11446094792150882,-0.017726853905757723,0.045591773808092276,0.2348325766814789,0.047812504902921986,-0.0798046190556354,-0.18658176671370635,-0.20279640552109457,-0.007804632804253924,0.12232420700934052,0.15938613665651422,-0.026380573798343125,-0.04923253001593994,0.05993661259565127,-0.2860482951118733,-0.2763585393855294,0.10117052367190234,-0.20643727808258105,-0.3595612821989506,0.0879676580633227,-0.20648886738129538,0.562521373978124,0.026137345738625764,-0.011287683720398263,0.04208988281465912,0.022169867660049573,0.06504790853063941,0.25358580007391557,0.17865544272874725,0.011312492013481343,-0.14021248862439167,-0.038801742361185734,-0.14679975420196792,-0.01767281575949616,-0.1689062320163319,-0.6324805767128149,-0.3270268019795334,0.23057242213337964,-3.2524999999999995,8.199385884278795
14,22.3201713943439,42.6158432661614,11.3616266260487,15.3184439301966,-5.73693832764329,66.920538887506,63.4770725118057,22.1445219050313,38.4570967035131,44.1065961500627,10.5956289033514,4.08906127488648,4.90896203316309,42.347856360153,143.349225947212,128.994456843,81.2297279649044,22.2234523466361,18.9137633803263,-8.21353195885489,-5.28589472643052,-1.81024486200496,-18.0743886440879,47.3716148072128,41.3236882872027,39.068586302037,36.8963500588036,34.5277146076521,27.5636958883849,26.9802613553937,26.0688233443913,17.5547484435284,-4.98277909165546,22.6373824788406,2.53616763824075,30.8419325541636,21.0306706302005,18.856272973974,18.4030515997469,35.520687693544,7.27565842583184,33.9855250819256,23.7593770867288,27.6969825726911,26.2547831967045,13.4916300783082,29.249188663466,29.662571353137,10.3174258142027,2.05409642162461,17.7687703630865,2.85535687106029,5.57010772939536,28.0804529194878,-11.6955472202625,-19.9324777527287,-5.4144206938697,-3.06317009156442,-10.9532877123606,-0.03874449314148319,-0.21240307148030463,0.07874976486934687,-0.3378555389682336,0.33063896116180386,-0.40919656512801605,-0.035861162363700905,0.03133540922261393,0.04582210710389423,0.2583253802646346,0.15888320828920388,0.04080833673477279,-0.22063273528460386,-0.0626507359232505,1.2170281286299807,-0.6693558078876699,0.05901669160460491,-0.1336005710857031,0.27827194979576764,-0.0022973678501523793,-0.045761128259740456,0.08059080631839154,-0.009982133925652687,-0.054914731770888944,-0.031628781886199005,-0.05248989239218083,-0.08876708039666098,-0.12283327789215144,0.06683597641440214,0.032090104860306265,-0.22259948771307606,-0.2800489962236961,0.2202172135933392,-0.07998510390395198,0.26022517390934424,-0.10200443031448025,-0.022325520337378054,-0.13238601831944669,-0.4726719183547562,-0.1155437794790274,-0.02847704538520029,-0.0157061621737154,-0.031843333423817656,-0.4321436650692585,0.3988741998608448,-0.15381154049107842,-0.08082939498396585,-0.12299464587616607,-0.06214687357971926,0.02425275467136113,-0.029241897150988964,0.5687148446421008,-0.10130758033536748,0.24456234811078317,-0.03113676980721596,0.18496094483834957,0.249544701302275,-0.031538401637977276,0.17773774295124833,3.7938888888888886,11.972436090754947
15,22.3967395174513,32.1275237920044,22.1291778455349,32.6458836695057,17.2301134270443,71.2543380766136,82.2441299807747,44.6682185147286,56.1151662623139,49.3986137029309,7.51027046137586,5.09078118656404,21.3222307227646,61.0080322690463,128.994456843,177.904806347116,128.080685262985,47.1913192653261,34.9736863160164,-0.942661608684526,-7.66368064848251,8.03932298119248,-13.6694217384611,49.3002676817705,40.6830534575353,34.9822756580654,29.5729090004767,23.8839813513117,14.8543870449271,18.6079092108505,20.3266848678333,15.7772461240245,5.43864776699057,29.0391566276388,3.28446308192464,12.6324727823442,11.7961444134862,17.987450772659,3.51369748339801,36.3164162773733,3.65500862467855,26.4998167912265,11.3498858598928,6.91580443766831,28.5633333095879,-3.20391304786102,27.547812205924,21.8340048307729,10.8464900231988,-2.22969076529258,20.3312140539119,14.1926867851135,3.51145234109232,46.4798479538375,-12.3892604063972,-14.2796039445253,3.89339771288884,-5.50518741822044,-11.5056314208152,0.1438536407459351,0.4162452448820498,0.04563703753550658,0.07612351442015433,-0.1282511353285545,0.27593848860098064,-0.3425079971775045,-0.1585236572477587,-0.1987405871132518,0.17335987425409002,-0.11921908092211426,0.027119300995982257,0.0878008854000625,-0.4069328376578612,-0.6693558078878347,1.1636713620299424,-0.3510307877541861,0.06493736473248471,-0.0066060238693707325,0.01647894558888488,0.1074298831437032,-0.37563417677451766,0.24535168091670362,-0.05066890226129209,-0.0665017685833164,-0.04179118381866573,-0.07271411263026516,-0.030869016596082075,0.023198260937903514,-0.1775740887231244,-0.08807001086058804,0.07425869873553197,-0.3930666949438823,-0.0586419487853859,0.06529992507589934,0.08798436697809046,0.36165503596365456,0.1692579910155764,0.5271165161030138,-0.018319470863764457,-0.21259493425778486,-0.28590533674994734,0.13422803321031443,0.2700188995701517,-0.12056842692447241,-0.005093153333248775,-0.21424432625205947,-0.012487407163853848,-0.2671711943600712,0.1944672472777594,-0.27632988237894773,-0.15147827007502093,0.02704145227220931,-0.07986266423573612,0.10732006241532403,0.1253204026206089,0.14501628173447234,0.04162802324518152,-0.11512958392287719,4.191805555555556,13.337721182687686
16,32.3279323867888,30.7082014505177,41.165063154254,52.0176024192909,36.2783210672496,60.9931296476135,72.9128520682216,40.0644351562511,71.1915182238736,53.6368220636438,5.26209467169025,31.5348469517259,30.5320511201474,60.1821809699945,81.2297279649044,128.080685262985,167.074887372286,80.7452946127859,62.4531916050705,24.5459036068641,-3.47470383880295,8.80886078045331,15.5726915878681,57.0592842768273,46.1354365528748,36.2967509274165,27.0746987972645,15.9134808692729,3.93354928985877,4.56748437314178,8.43909554505478,13.5130408099193,4.44593116481022,17.2558854983444,0.759958118683191,-1.10902970426844,7.1727533911357,7.49949349378341,5.06230553608769,12.042051389457,-19.7768235173378,-7.56741227183955,-6.79905618768226,9.567578414189,17.5277602117807,-26.3350959022824,13.6497240521659,-0.893815396054339,-8.12103269736497,-15.1335839782285,21.5240652261265,20.6388604357527,12.1437904314227,37.423127602993,8.66591952235803,-10.7616885872074,2.0434229025454,-23.8357733432914,-23.9413262986612,-0.27369076545639887,-0.10338559814133914,0.003932443572864343,-0.1886536481543895,-0.14001256494420566,-0.23493866721675005,-0.061116865103673625,0.23632717283113056,-0.01861999027810689,-0.44432759500405533,0.0009654051576409289,0.014503869849313877,0.18564438221411994,-0.4823893625236514,0.05901669160466541,-0.3510307877537867,1.6353158694810566,-0.8099420535864296,-0.4272704284286107,0.15002263479852956,0.05960785913715255,0.23448070516528982,-0.20912090412098763,-0.20561879667803193,-0.03803000185442262,0.044152521296821845,0.16422529290598256,0.2594651071396043,0.27944790945599784,0.0589224295704668,0.0869161485757676,0.35979352540450227,-0.06269740916544198,-0.00817347613163878,0.2388162547076244,-0.018588703636029855,-0.46793024777995984,-0.028025573742940613,0.22532401524476864,0.18933161166348322,0.06796322268394317,0.15259024986202668,-0.21153152858136187,-0.046128487344051845,-0.0678769423132607,0.2332204981840029,-0.1091764469486854,0.26917609731265885,0.06260596055943454,-0.08011610365995887,-0.26665725299664056,-0.14637774053335556,-0.26669463889170647,-0.5511525189466372,-0.08220566323209727,0.5139578561781598,0.10084803168896447,0.1876226763454986,0.035197998935723236,0.29472222222222216,12.92535830730762
