,Cov_0,Cov_1,Cov_2,Cov_3,Cov_4,Cov_5,Cov_6,Cov_7,Cov_8,Cov_9,Cov_10,Cov_11,Cov_12,Cov_13,Cov_14,Cov_15,Cov_16,Cov_17,Cov_32,Cov_33,Cov_34,Cov_35,Cov_36,Cov_37,Cov_38,Cov_39,Cov_40,Cov_41,Cov_42,Cov_43,Cov_44,Cov_45,Cov_46,Cov_47,Cov_48,Cov_49,Cov_50,Cov_51,Cov_52,Cov_53,Cov_54,Cov_55,Cov_56,Cov_57,Cov_58,Cov_59,Cov_60,Cov_61,Cov_62,Cov_63,Cov_64,Cov_65,Cov_66,Cov_67,Cov_68,Cov_69,Cov_70,Cov_71,C_0,C_1,C_2,C_3,C_4,C_5,C_6,C_7,C_8,C_9,C_10,C_11,C_12,C_13,C_14,C_15,C_16,C_17,C_32,C_33,C_34,C_35,C_36,C_37,C_38,C_39,C_40,C_41,C_42,C_43,C_44,C_45,C_46,C_47,C_48,C_49,C_50,C_51,C_52,C_53,C_54,C_55,C_56,C_57,C_58,C_59,C_60,C_61,C_62,C_63,C_64,C_65,C_66,C_67,C_68,C_69,C_70,C_71,Mean,Std
0,608.862242975734,24.1656316432989,57.7536880669084,55.6003073952518,75.3300119230061,95.1161049680779,105.46888067401,105.321762396507,20.4424592400996,8.58776515443805,37.3531195543807,163.392801161995,273.908735724516,172.303027355916,70.8665102743971,50.7971533057827,30.3610124305551,15.9336158754313,17.404926742208,16.2817714673429,-20.8229703401856,-4.99608242341443,12.2421022030942,29.0793493003662,44.0686827773491,56.4317757393068,66.1675895987839,32.8171122260744,50.8622481148708,78.517355701596,106.069336546178,74.1875465726974,1.15971776779242,70.4470832879103,42.8279997220137,37.4505708130612,-7.36005904280363,-23.91304924293,24.4766603537167,3.65225353766285,-1.55308203141158,23.7817946509183,64.5441834448563,95.2894061468075,35.9205912989533,-78.5765627784799,123.846414365371,71.8805385225127,-22.1184390160793,-26.9286093528314,7.2962375602671,12.3356194807792,48.8940750342591,76.9978525178128,101.515117809752,63.4579393092794,34.2745302390903,0.507509044609407,0.5908426335503549,-0.0009836628208820064,-0.10923451946282937,0.10583551167436858,-0.07294007271001142,-0.029243943750260605,-0.09219934592994211,-0.2497767298327326,0.03996754882554893,0.1081050720993029,-0.13009855659178188,-0.2766702937669714,-0.006016517703072528,-0.139789737278139,0.05762349639129718,0.01779509799638223,-0.024010634741154613,-0.04397517454163982,-0.1707085417021116,0.08925411733484119,0.15045279138889048,0.05278493124667916,-0.01216300909588987,0.15660134946227744,-0.07491633470965432,-0.09220667170004103,-0.009740266917060696,-0.04740130935007151,0.19089607506254316,-0.18597492117061887,-0.06541620169697561,-0.18769075457547335,-0.1750384470939486,-0.06655543637314863,0.08544564858272968,0.009693589309177136,0.07454466422635295,-0.09341953775882816,-0.19946219928986555,-0.16427232670492953,0.3709522690982654,0.1481716602892704,0.06098072714645429,-0.40278468983325827,-0.01628394329657097,0.511640359603454,-0.3991965441373979,-0.17768778252047207,0.1693180091304548,0.2315367878442165,-0.023785408745422527,-0.1471120948173091,0.0560092619097213,-0.12640234553955718,-0.2513293350554015,-0.11596073962443804,0.12670017555546503,-0.31127087074476983,5.836111111111111,24.674931468511403
1,24.1656316432989,82.3896127784873,91.6738402960844,84.153006342064,72.8224379382894,60.5047800476394,44.8795766446457,40.8534791707011,16.1088756081491,-5.70043428758005,0.341874655018105,-6.34873636106102,25.4206666251091,20.9841781429124,12.5696769456562,6.4611008179207,-0.169661884047151,-11.3736635627304,-9.87181956251776,6.03804206818163,11.9033516133636,16.4080628477608,14.1342009985647,11.4762477520318,9.32110159859266,18.3222289064554,11.2666031350467,9.20327637013012,22.8278466172985,35.4088183403826,22.7930887962834,10.7621520976333,20.4438415872851,18.3644765727125,21.9932432823567,-0.33532350026615,1.93989842940666,14.7082616574767,5.55808486999824,6.22722756071285,-5.69919901557443,-12.9800883103753,-21.9902913318426,-32.1742209039302,4.01071244777138,-3.02355928268592,-8.68936231101285,58.2686141768426,81.1612674861693,30.6213002251373,12.3625947365411,1.02111406289462,31.8150904059252,19.7022061173575,9.14385853384064,12.9014486605633,11.4627724218316,-1.67857672761904,-0.000983662821603375,1.921703009061164,-0.9199625140682363,-0.1124251190164999,-0.17581250926401434,0.1380044706160912,0.1357411107342933,-0.6326057279045799,-0.1406728675451793,-0.21187520732071483,-0.3960778561336078,-0.046153467426530925,0.04569669563264495,0.18213168616768385,-0.15127743543586145,-0.03127803835100879,0.0008480113797901423,0.004280813099535405,0.21380298562737293,-0.260558563704094,-0.08581802213953321,-0.026729543692879023,-0.124465395488465,0.1755540210274675,0.07243633583275522,0.01427989429896936,0.6197390220695971,-0.1291278708121261,-0.1777219738405022,-0.149459053285334,0.14454498971233798,0.1186207713670406,-0.5524644317597187,-0.49655550048059177,0.12936403681441194,-0.08138435944336465,0.06023597579070565,-0.3722876615922399,0.031013546390708694,0.22051289913039762,-0.20459056001483364,-0.04412958622144565,-0.06390522091114506,0.17438658719624328,-0.09391324142321114,0.015355309999236122,0.3558514911413597,-0.03382957686353124,0.08631802639606022,-0.019912293413664604,-0.203905871253422,0.06892003434383212,-0.05305869736568117,-0.4896540847908651,0.32524844993051993,-0.13392568606833918,0.12777893452580205,0.12227607061664465,4.168518518518519,9.076321544463225
2,57.7536880669084,91.6738402960844,137.564593302114,125.89040669612,105.996867093965,84.6062643207328,38.4485133867154,40.6691471035037,18.3005511783311,-9.01968651859629,-16.4780302229243,-15.370571540057,35.8970778119888,13.9147557889922,1.05387513040716,-1.4978488510973,-4.55969265143362,-10.2732686741886,-3.40054429703021,8.03544441360816,18.4654032462921,29.6871299682512,26.3688101028466,23.2832225946415,20.4657143280458,33.9064526890652,29.4522139362031,11.3971717841734,27.2986451638598,48.114418339744,42.8984451642613,25.7997769743899,12.0062098999197,20.1297319859958,30.5660873292529,8.03150035551765,12.3835710158415,20.5628353765422,-7.06831685130906,7.8262761517554,-13.5403009780731,-16.6398877262165,-15.9467118696325,-32.914745018426,1.66448203749517,-31.7082623812365,1.03910962672527,73.3976707306907,87.6469936871043,30.6548385735108,5.73942941781127,-9.61053104405381,23.6787259389164,18.4508812459804,12.2828877874024,11.9462177655787,6.08859455317295,-12.6618420460328,-0.10923451946117758,-0.9199625140683598,2.530923544906,-0.8797740270331398,-0.13805097130511776,0.18947003229279788,-0.11485271905421787,-0.041337494868845456,-0.5366348844359033,0.09620237436398484,0.05505499547678938,0.6737527314911748,-0.24829845627845346,0.055043396923223444,0.2623701609804549,0.029413706894545904,-0.12398679501951428,0.025126207723548823,0.05648391835977955,0.01825721362310032,-0.24299005944341495,-0.48948181520590994,-0.31406918587312177,-0.0005087565122444539,0.3446702707677265,0.020788401800890827,-0.32933624989705534,-0.03862002059653351,0.19936412445152585,-0.433505379982316,-0.28671303209963905,-0.06620712981766176,0.030991388438968873,-0.10387373039363931,-0.14611254727123413,0.21009904384495082,-0.13135090563367785,-0.15393074090001677,0.5531726938969078,-0.2561165195917181,0.26620743490103815,0.025341028307669832,-0.07487930078347019,0.043790754190906944,0.16014920136283964,0.12765543873538976,-0.0056899423481376965,-0.2025563212121115,-0.08842391485971642,-0.004742887666425598,-0.03495597937255508,0.186130579725414,0.1690022725193781,-0.0018569530435640757,-0.0567360513529056,0.0069016915297450306,0.10331965897325998,0.2230423613917243,6.999629629629629,11.728367034762954
3,55.6003073952518,84.153006342064,125.89040669612,132.131682808287,117.274908180034,96.5786826436887,54.9920945237514,35.8914219199903,8.22151383128455,-6.64706722552205,-18.4103036126926,-14.99893326192,25.2681796846036,5.46396766472733,-10.1960369643184,-17.5914568293704,-25.5776173850923,-31.5494384995745,-13.7404915487599,7.71364496581617,14.6037727558473,25.7191301121445,23.9206404835085,22.0243932344616,22.7837019343741,35.5470415836164,28.8745799061883,9.1829949861311,30.5548639925769,43.7109024929163,41.4201014082144,21.4048927879012,18.1042526515777,22.7182418430238,30.9643042983013,8.26486238816595,14.7137747724303,18.2687652038308,10.3502328325469,15.9416998421794,-10.0643553418182,-13.2164831548562,-10.460078517857,-28.5916477792456,2.45685289332692,-20.8592063112282,9.39299630169463,72.0097047481444,91.1126057054465,30.1200053257387,3.4705000850167,-5.55558579628534,31.943143355668,23.9605507162642,10.3590095249982,15.9707699538093,8.16314171022824,-8.82627970996174,0.10583551167241978,-0.11242511901343252,-0.8797740270360113,2.779442831557115,-1.3815048014760702,-0.07999863249523373,-0.22861555188530652,0.03090937356791961,0.2872464789381981,-0.38510714591913586,0.14410039845515815,0.017657666142335316,-0.04579473689925745,0.05495663754368827,0.0974606823491625,0.029959034701213354,0.010694434733049513,-0.03747093594746774,-0.1625588006685243,-0.11624999887272913,-0.02702491714728683,-0.12363373332183365,-0.11304041163142803,-0.14778956912655827,-0.43313377904291894,-0.305306054489507,-0.4146193679685871,0.39211974575121805,-0.03416065784889063,0.22229919867097547,-0.040468150558640344,0.01893443409782947,0.07232505135269258,-0.4293790902097586,0.011590806449963876,0.4876291123925365,-0.3524252932123115,0.14691019652232376,0.013426846136279872,-0.11630579488731452,0.19187812625974762,0.23526190381105788,-0.12405578193120938,0.025468267902382408,0.04616404194707753,0.2629404499220973,0.02657772204425537,0.09099496402530821,-0.1640072306468584,-0.303040348907004,0.022501031346494636,-0.13867347031772542,-0.17367312891343795,0.030369528872683887,0.12545870424109892,0.10805017921074833,-0.07212643846023897,-0.06623029675655596,7.757407407407408,11.494419637732356
4,75.3300119230061,72.8224379382894,105.996867093965,117.274908180034,126.236206754647,123.572271427292,88.4502698020522,41.0658000690182,7.50202113194633,-10.8261021321165,-24.7779219743786,-12.7097695989238,21.7161089560435,6.96546574669124,-10.6897301693251,-20.0789577084105,-30.1925283830578,-38.8277563539715,-18.4509193286976,8.33814958371843,12.5406200701519,18.9871121428877,13.9143280916048,7.30634859710486,8.69644217078835,22.8946146940124,18.5725147424035,9.34047878165426,29.1411773492529,37.1584543891882,34.9742740988104,17.9770647087943,15.364726925291,16.1355959092997,26.485682492034,17.3538189804167,17.986189088457,33.0841664700528,29.793372297138,13.7220005940767,-5.06405446495825,-3.74645045702203,0.56395169761837,-16.9821705089472,8.91718750562578,-5.75706627455223,21.8748597792579,78.1578852320794,86.9525745713669,16.1295835553815,-5.81782381530255,-8.17762858478713,27.436578244967,22.7663114896937,9.699775082749,28.3901682174789,16.1679497181687,-5.87228050356265,-0.07294007270840043,-0.1758125092676101,-0.1380509713019732,-1.3815048014771303,3.344076980528948,-1.3893116923082527,-0.16212391699871054,0.03934804303692309,0.004954181798870129,0.1287651252682794,0.3292207073958861,-0.04420354091466936,0.1355317439004231,0.007235201422357295,-0.08098936327983564,0.000440251295915719,0.03109498468549085,0.040796364938540386,0.05679652294269188,-0.1518824686519408,-0.026932283329049345,-0.03735240336724035,-0.04532245246618992,0.04805078722667394,-0.09720072070481467,-0.4606769414881467,0.07865433743335566,0.11782241720415287,-0.277931682985011,0.2029927831784173,-0.04750290465711699,0.20120291969479434,0.009228767169186348,-0.04462598311768491,0.22426815085784482,-0.07864902887749305,-0.07097028842988626,-0.1710763267101743,-0.2079179784351068,-0.03671164489482109,0.0016792094890598329,-0.0165660048046519,-0.11461975215722048,0.0565475196793248,-0.030462030525943977,0.1657764530835503,-0.01747079149059691,-0.028455326299660584,-0.023164388904218552,-0.08993994762516265,0.35468128779569075,0.06314979065663678,-0.027874982272372,0.07371463920631421,0.09487179663429238,-0.0374791833523188,-0.07740329923610224,-0.3877214646679533,6.704074074074074,11.235043691710654
5,95.1161049680779,60.5047800476394,84.6062643207328,96.5786826436887,123.572271427292,145.867321031999,126.454145379279,54.1880902382823,9.01171963255717,-11.4169475267549,-19.6755316925371,-0.273104769850598,30.7268527546889,22.1418773707365,0.538612500959479,-12.0160285781547,-25.464545517381,-40.0358997831798,-22.6633433689857,6.83451703986375,8.70765411082527,13.1734980780113,7.2534241595353,2.71705392277437,-0.513095125010264,12.3124054959815,15.1671901503625,11.8522056629938,22.5426303410184,28.3671111900781,29.4973130651999,14.2704002575149,14.0169106346717,10.5265314772718,24.9996564845661,22.7194019924637,7.6023816837976,27.3022077107524,27.483438347865,-1.5059282581989,1.46630847134067,-5.90957949679624,-1.18873689026339,-11.7353740427216,10.6970042774971,10.4444854563925,28.3163164346164,89.2886982307816,85.6185284824212,-6.56425306396901,-7.01228592330022,-10.4282087513599,24.6269198805359,23.7453442712651,14.3360277989964,41.0213970093598,23.9457974088968,-4.57108086457344,-0.02924394375079331,0.13800447061766732,0.18947003229200846,-0.07999863249424866,-1.3893116923084496,1.9696885203878507,-0.1790987561848678,0.04127808378227846,-0.3508224803990098,0.0021322525234733864,0.3977093031459226,0.01474568409225871,0.057894407768892,-0.027941349912944963,-0.09013667380016202,0.00014217659074132363,0.08658337360046477,0.010457890813064018,0.029918817095606565,-0.21041132550144218,0.05990048030189518,0.05688751787810954,0.07459367629793355,0.019367521913187885,0.1913211552416341,-0.04200089109939274,0.024842736876378717,-0.14425252790979518,-0.28587577099863126,0.11126624604033471,-0.19010135797616604,0.15433517269010974,0.008167524147037962,0.024732038350625745,0.07096559037028487,-0.48019282801886687,0.165397156341079,-0.031827785708718616,-0.11169316864540321,0.26995436201466183,-0.366077367600211,0.06856058382479888,0.3952798732998207,0.001908591941152713,0.29938891157962194,-0.15466469383927012,-0.15796411160609908,-0.5367392315827528,0.021570952204926372,0.3103329480696674,0.05622506161403262,0.18739266778488192,0.1965190362573412,-0.033172889099839856,-0.1498263771591842,-0.2839816655605452,-0.1745517859981979,-0.031362209592391686,4.940092592592593,12.077140432734872
6,105.46888067401,44.8795766446457,38.4485133867154,54.9920945237514,88.4502698020522,126.454145379279,665.240347275436,130.831483830957,15.1881569912215,12.5753741519883,142.578796212401,116.243053979796,89.0509015509694,39.0366531572557,11.1788446384546,-10.5820530126063,-32.9653630536649,-49.4280046151655,-35.8894869727683,-18.8136061775626,23.8085870736055,6.49423245195169,-18.196533864753,-36.4532833984037,-36.9477315835174,-36.6028583062022,-8.41278609958205,16.128153432443,-21.3363694588851,-25.1317405866004,-8.21789847873852,-21.4012585828322,11.1893471712506,-22.5334099757471,18.8861927807861,36.8277737090032,-30.0847286549025,-32.690689710989,-34.8439517930369,-14.1639071688258,23.3099783846731,24.7139632859298,40.0357928725862,24.1375436393966,36.2595068242215,134.979137681953,11.3899279018115,47.4603783851706,16.992204966395,-25.1032501969073,-49.329492737066,-36.1148840171198,11.5274934771615,-12.0945432924227,-9.99646036451669,3.55194431419181,6.19108665344148,2.5669880728299,-0.0921993459301073,0.1357411107339799,-0.11485271905336787,-0.2286155518864436,-0.16212391699856596,-0.17909875618435536,0.3519887146009012,-0.07100963178872254,0.2047200461384044,-0.005369902784053608,-0.31970174388539724,-0.046692610842046484,-0.09028233399696431,0.04058526443386193,0.04304157389491094,-0.010673272236075783,-0.06140035812845268,0.01617005968787474,0.047890273031229384,0.1645315515071057,-0.08486035737143395,0.06956223491696491,0.19042783767261007,0.16219351145799518,0.07466426419272532,0.1473890211053731,-0.007718441666581274,-0.1387551707847102,0.11199412358180524,-0.026460407691403703,0.27686547890217594,-0.019288250993078706,-0.004328205190754997,0.18052060931695993,-0.2516790548741199,-0.1647277129918799,0.05965349923723252,0.10797902834780738,0.08734389860162675,-0.07526647699579522,0.03482363859032768,-0.21275417548531217,-0.010538715410712727,0.0048172871937736325,-0.03370369260331457,-0.3141437374500405,0.25389407200117176,0.08325095924789538,0.09631125086369549,0.019508759503608832,-0.0342446763703455,-0.005193737993530179,-0.060792128113857244,0.05201399642524785,0.010847685023623488,0.07657581416630944,0.04669799895709476,0.07765478967925099,6.4927777777777775,25.792059771864604
7,105.321762396507,40.8534791707011,40.6691471035037,35.8914219199903,41.0658000690182,54.1880902382823,130.831483830957,121.707846601391,6.27264496520074,-6.76698009012377,13.1670971159853,30.2350737491199,91.1206469252565,65.9610205588253,37.197256885018,18.8626705610956,-0.206465324326792,-9.84288324747036,-12.1759970357746,-5.5614159989906,-4.28805750423937,4.72414639594192,5.63039264886161,4.9129870092165,1.74347627073358,3.36445606810338,13.439087038167,3.70261199151625,19.8274932293505,19.6777608450834,15.8195770924729,11.0315900472,2.18305072051659,5.07386353864736,11.1860458616346,-6.71136804119678,-24.0590204047955,-25.8089508552422,-1.00236484530902,-5.54098924995906,17.0780558081667,9.61922797942867,18.8334506012087,12.7284088440078,19.0470794398577,32.9407282713784,28.2125869837048,58.6811420284847,51.928413163008,6.86901151718575,23.0311739089227,7.7864265195229,12.3783581236523,-10.7267340160512,9.18432671192504,27.6214706970573,17.8840534695385,2.17754242707279,-0.24977672983253993,-0.6326057279048733,-0.04133749486808969,0.030909373567665533,0.03934804303692064,0.041278083782574096,-0.07100963178879484,1.1573361670574813,0.3073485449626885,0.07198974313345974,0.25085748618387343,0.009935870360444521,-0.1894401064588897,-0.013172287772539659,-0.10792488931541844,0.04192582935351825,0.2519001513890424,-0.20576055494602596,-0.03967787553697601,0.21296774869157398,0.06169563871671762,-0.13236497302375838,-0.15259184599364217,0.1443019161598552,0.17767904237515153,0.18536521753449128,0.3619888076180336,0.13695590719019074,-0.2893414662045205,0.24543957300509694,-0.14052638697226444,-0.15854173248329392,0.3081989230021797,0.2853202634164679,0.07007178945162486,0.11513210151858756,0.22165917309321279,0.44606654502249776,-0.08346172018940612,0.35016530354641184,-0.021590403993878356,0.23660298438251456,-0.16687871422785902,0.26669686928364433,-0.1384917704646703,-0.3632452698095911,-0.3111399762914255,-0.03463549904290077,-0.1326827792690229,-0.1809475759952652,-0.2804970460256133,0.0377385668911695,-0.04704628313493496,0.5118619307771517,-0.036139287953336686,-0.014044814451037996,0.037683941435711125,0.050565066291092454,-2.5351851851851848,11.031674696137058
8,20.4424592400996,16.1088756081491,18.3005511783311,8.22151383128455,7.50202113194633,9.01171963255717,15.1881569912215,6.27264496520074,44.333155243366,8.15131420378263,13.4628711264999,23.8336085569729,23.9991652753097,9.89783524469855,-3.91060067532964,-9.55072593030203,-15.4796018783203,-6.23891889173192,6.62959416452315,3.20672604567748,4.66104604648086,1.60095714826031,-0.352107178081027,-4.09485702315889,-6.13784262095437,1.32631858295333,-1.32535774357841,-2.59541456271453,-9.43604298345015,-5.18352211609708,0.0671312751056315,-4.71051818631952,-7.34445016323716,-1.30951290384371,4.457716092243,-5.26223658972247,-4.96329031647942,13.6064380213325,-13.0300256104074,1.05931482122254,-5.52607451485836,4.42933983757635,7.44123650346355,7.07944639987128,14.3682895740934,10.0679863609158,-2.08932247974311,16.5135147242652,28.075335578024,-0.118584764851251,7.4201396246432,11.2861448927327,20.790911672358,7.15134090030569,7.68085350342643,16.8023641391625,16.5715618168912,8.17598741452285,0.039967548824845205,-0.14067286754445324,-0.5366348844360918,0.28724647893727795,0.0049541817990412405,-0.35082248039814645,0.204720046138721,0.3073485449628496,1.2191157947119813,0.042250154926163005,-0.03186755652672028,-0.28925577926306373,-0.2270012131461379,-0.14427919386275265,0.04728195124444858,0.09200691657370319,0.20646160197423483,-0.17037804268656054,-0.19033814309708358,0.07122039662022235,0.011706181488628613,0.07882910509630635,0.037622507296471264,0.29612890413781234,0.1854312562467614,-0.08400494299588791,0.1925761438506729,0.22024528280673036,0.015247840217594382,-0.14333458169755173,0.004996407931167072,0.22371913277456495,0.43164230509695034,0.16339818375805443,-0.11054982433179651,-0.1477116290572235,0.4630293017278795,-0.11901568965796219,0.2973139805860768,-0.28718127790038894,0.3564991408702832,0.00958816590700467,0.10219755608880753,-0.27939904150290085,0.10203571404485624,-0.48695009476840356,0.1788372099212327,-0.14033825390931498,0.1676487762460899,-0.08750574834268364,-0.041617558799663876,-0.16716570189735144,-0.251530511728157,0.04967799990653623,0.022779829581243458,-0.006560396622411508,0.14625625284536203,-0.011344391205754391,2.3925925925925924,6.657563761870102
9,8.58776515443805,-5.70043428758005,-9.01968651859629,-6.64706722552205,-10.8261021321165,-11.4169475267549,12.5753741519883,-6.76698009012377,8.15131420378263,46.9237756225529,18.7287509526193,13.002522814094,-13.3778561409336,-13.2751998914713,-18.3922905094738,-24.0583989291501,-29.6569852450029,-24.7779992521268,-6.88818545627093,-1.64569125902665,-0.860752573950264,0.663466754203924,2.84444850152716,0.561381773103002,-2.48454660690462,-2.71379611143953,-5.6688038769926,-1.37090376041034,-7.82719982653554,-7.3895263498486,-0.819243715835663,-6.30873846544076,-8.32127628093327,-0.872747007946859,1.26626781526803,0.158108824833724,1.75057453602517,4.60987886398386,-9.02017500155138,3.71375940621996,1.30242337559349,5.60167415653951,23.6838829825577,22.9295131787702,4.03947931579566,19.8147633478637,16.6535285783841,-14.9271650509742,-7.10373803306747,-10.0493370000381,2.39326172743607,4.25021514803408,1.3816729114917,5.22977430216897,20.0794262340323,1.91350432104032,5.85927227616766,12.3171278490501,0.10810507209949204,-0.21187520732081622,0.09620237436373306,-0.38510714591783257,0.12876512526699696,0.002132252523972432,-0.005369902784113432,0.07198974313342005,0.042250154926292915,0.9089373427931234,-0.31952955921015347,0.017277439055843884,0.22409755357266684,-0.015809320646106313,-0.15471896835349805,0.0024924406121671046,0.14447023584798155,0.02201069788453264,0.013641685620181499,0.05766797973924732,0.47689661584813897,0.28166044824312286,-0.011781612009393684,-0.18323827961605038,0.04045468062914549,0.06681378905148908,0.0642265657771003,0.06765341637436445,0.024734426155168684,-0.13131667101784705,-0.08464544444025365,-0.24305414520494276,0.2772607077098127,-0.10846870900716075,-0.12638665015776687,-0.20045954165497823,-0.011382281954128439,-0.24130194888634313,0.16128213056748236,0.1880881585971478,-0.19459191469516748,0.5069915321553281,-0.3489924303755034,-0.289602437032673,-0.04524290560961945,-0.06079307945309155,0.04421941387486761,-0.04297761355026013,0.22295898029082045,-0.0017663591715363412,-0.08505545810751997,-0.3547587631490394,0.1203732495093557,0.02755133794626575,-0.2953099531043153,0.1613234734265296,-0.2989604153145367,-0.23626835894857837,3.306908831908832,6.8493631545241405
10,37.3531195543807,0.341874655018105,-16.4780302229243,-18.4103036126926,-24.7779219743786,-19.6755316925371,142.578796212401,13.1670971159853,13.4628711264999,18.7287509526193,120.549066632754,87.5311097743504,32.1977031426856,33.0260908349657,12.972806513028,-1.11452667081683,-15.3300910273679,-28.7341780532028,-17.4851832278812,-6.34508088346206,15.0498005691488,13.7065121037717,11.7808905341057,15.2861083781756,8.38964176610849,-1.34323616900443,6.5856097175514,3.25554752713239,-9.50353825359752,-10.3972435732808,-7.54259353595231,-14.0549183803203,-2.17381830235296,-4.68219884870949,-13.8706641636774,-4.19329018431709,-36.3890104880639,-35.9175046238328,-34.5819265489388,-11.9434684514587,3.69320311211133,-13.4359169145791,-8.64288214802741,3.39884325631015,-21.2132315718727,32.1287575753236,-4.27794121515742,-1.65451904540514,-1.56335433923706,-20.4967148495138,-12.8556009066151,-19.5888815268339,-3.07487111248188,-4.24860011158927,-1.9982749509833,-36.2067848223165,-10.0302158547474,14.2684803614229,-0.1300985565916712,-0.3960778561341357,0.055054995477075236,0.14410039845578682,0.3292207073960461,0.397709303145831,-0.3197017438857233,0.25085748618407094,-0.03186755652725206,-0.31952955921036064,1.7829571541292621,-0.774566409555016,0.09618101115667957,-0.10298274315605796,-0.19996751476679603,0.018483737433422937,0.22666663390170133,0.04570812687404562,-0.039581032597291024,-0.030930512209928852,-0.2339691879922846,-0.091150215622768,-0.07799744258171527,-0.026919360664891704,0.025889810808853615,-0.019031029539925293,-0.12125767836037978,-0.2322107645193012,0.20387377804858153,0.03554687068211991,-0.45626615467234016,0.018117123566344106,-0.025154029615954136,-0.0638411192467388,0.47294487403106766,0.01793787126023561,0.27827112890046724,-0.05050897671188264,0.013451012568783649,-0.11042662994705954,-0.2998827827476385,-0.19097752051152794,-0.010167984112368208,0.2959117293268947,0.5689652184923711,-0.09464987878822609,0.15516263237644612,-0.07744834726603674,-0.350024675850786,0.05773894014399481,0.22353229240214417,0.2011515253234993,0.05049819655709197,-0.06306267363810013,0.18431736231588286,0.27586721715598866,0.1862781028896685,-0.48923377739732693,0.12446581196581204,10.979028492209792
11,163.392801161995,-6.34873636106102,-15.370571540057,-14.99893326192,-12.7097695989238,-0.273104769850598,116.243053979796,30.2350737491199,23.8336085569729,13.002522814094,87.5311097743504,135.621017320728,97.5630374362037,59.2142412064928,12.4929605938504,-6.65485945519359,-25.9401140922176,-43.7494536463484,-17.913710732298,4.13998961237982,6.65012809681885,5.32296128401011,7.94426172134623,18.1837044753403,14.2888924243982,7.2175977054143,17.8047993221196,8.53947006916332,-6.22319140572291,-4.32761771244965,16.3206950163544,-5.71780866168387,0.811528559836016,10.6720775367462,2.70908094788515,-0.891729421221651,-30.556890274411,-47.4867188642835,-40.2712643889377,-21.2376637953472,-7.13186607036683,-8.78158688450985,23.1387531106227,42.3796322934981,19.4768837461174,4.67318532126455,17.9131670671124,9.24179093729592,-17.509622776533,-27.4564448857687,-18.3673935115419,-15.7947000436963,8.72717167698714,13.1140026729097,28.2179344222044,16.9221551138654,15.8200869753426,-2.78686244916695,-0.2766702937666717,-0.0461534674255643,0.6737527314909906,0.017657666142022122,-0.044203540914381015,0.01474568409172593,-0.046692610841905825,0.009935870359979013,-0.2892557792628067,0.017277439055806646,-0.7745664095554017,1.8504862369816708,-0.2736826086834501,-0.21494395681056197,0.24147546289473099,0.07746086735075404,0.06735859683630614,0.02125845598503015,-0.16890383058126998,-0.267808778278739,-0.3448315330230099,-0.023810490600411464,0.005693603537991571,-0.25103418681673884,-0.09587428860627496,-0.060428535613210335,0.043078471600762516,-0.09849239997442256,-0.32196195287066465,0.26087763494203386,0.10851620146231788,0.33674523100367154,0.09652112348129767,-0.3314816427670905,0.0012571211874340747,-0.09392914713424859,0.15063500464235424,0.19034338805809825,0.12721903359500297,0.13019889656349815,0.32411835923891835,0.34166889093224495,-0.14308995447921233,-0.30346036060032267,-0.33833779353679183,0.11595135263279198,0.10435269885752144,0.10029211920339363,-0.14735036121532674,-0.26800147200830265,0.17773327133640315,0.6727102151645548,-0.3129797100942081,0.023031696642094285,0.06004804021609805,0.03144844080368475,-0.5468407747773726,0.3945036822904944,-0.8287179487179487,11.645214352717094
12,273.908735724516,25.4206666251091,35.8970778119888,25.2681796846036,21.7161089560435,30.7268527546889,89.0509015509694,91.1206469252565,23.9991652753097,-13.3778561409336,32.1977031426856,97.5630374362037,279.938531675388,209.661708902255,144.444784792312,121.968830755498,99.5453823517894,42.6157820192559,-1.18120136110876,10.4014419197129,-12.7063552030085,-1.57201040611519,7.97154932234861,28.2403677068763,30.6725496967972,39.9372832119546,55.1582145259259,15.2105058823388,40.47677013824,53.1919215137641,80.2938384370008,37.7624367061348,17.593964672915,46.422296860421,38.5523372967171,0.648191475922365,-23.4062472590892,-50.3695093917724,-26.9980518849874,-28.2617836773075,17.8096839991261,33.7455618503887,14.2967854918678,30.9841233470945,38.6329288314793,-13.7825410814096,44.1449460650403,28.7198668929888,-11.6868921304204,14.8618371191646,17.0458653170597,34.3407027834685,48.9395824107308,39.2071647566833,53.4059144092085,42.1041125301441,34.6820834386419,19.4264324165924,-0.006016517703312062,0.04569669563256483,-0.24829845627848923,-0.04579473689874951,0.1355317438997868,0.057894407769261406,-0.09028233399708098,-0.18944010645888767,-0.22700121314636637,0.22409755357256375,0.09618101115706955,-0.2736826086836039,0.8311507640193485,-0.22696297662431486,-0.04130711898776337,-0.03898666966282616,-0.07529896647574487,0.16326727603078628,0.11522807015868991,-0.07549133764095142,0.055061469491099156,0.06848166894398582,0.07483700050212452,-0.14165794953339367,-0.022710663312381203,0.008592405221977547,-0.0301197212994999,0.2178515786115458,0.10941023203561305,-0.03692392981330569,-0.17860667353853452,-0.2829936854823277,0.32463536382027175,-0.2702527137257686,-0.19425172023271092,0.22717659155917427,0.12508771391372442,0.014673912567498022,-0.06413006744688855,0.32734053980446337,-0.6246198297921082,-0.3775625475403172,0.11688617290704356,-0.06265672755645617,-0.10512265174415868,0.2836413147844189,-0.022183358143632374,0.021839090476014508,0.12111262259811953,-0.024638570966506464,0.280214246614583,-0.3497212368452804,-0.029170753300540957,-0.11517996523930926,-0.008210347624660622,0.23749987788939397,-0.3009198708073731,0.049011828894570585,4.004930902430902,16.731064869738223
13,172.303027355916,20.9841781429124,13.9147557889922,5.46396766472733,6.96546574669124,22.1418773707365,39.0366531572557,65.9610205588253,9.89783524469855,-13.2751998914713,33.0260908349657,59.2142412064928,209.661708902255,269.219911395969,232.128967214458,222.327578455439,212.746037028861,133.531641497883,26.2379343019324,16.5870320621308,-2.90366500955413,8.54134040136286,11.4866250938563,26.7202219469451,23.3448181090892,28.5987924512964,47.9121870234021,-0.0565288434535348,35.9999060156577,38.9842079301254,69.265450773617,23.0902236898411,29.851668578681,54.2439585614814,36.0859846014808,4.11660583231981,-18.6185770688112,-33.7996638292447,-26.3563833865333,-43.2059968836707,7.81823752665136,9.77328296650191,-15.6673465376759,-15.064343313063,23.3240931852251,24.5531932083014,19.158889401857,20.3937257242349,-5.28409433579285,12.5335821451261,6.11417591249529,15.3185403626341,28.8165863644669,32.7548835209032,62.1706935292947,9.21938577298292,11.0167742472413,30.5660281701272,-0.13978973727764293,0.18213168616690809,0.055043396923794174,0.05495663754385953,0.00723520142225536,-0.027941349913934883,0.04058526443407915,-0.013172287773138633,-0.14427919386344196,-0.015809320646094575,-0.10298274315818647,-0.21494395680967218,-0.22696297662521692,1.855121950489266,-1.503314262242787,-0.3929518893955061,0.15964309577763552,0.22661141855035608,0.11055334042962185,-0.23122061208021155,-0.11984624411675653,-0.2603443099060696,-0.059195477753682356,-0.0534760523817348,0.11209158056220646,-0.12611168483072938,-0.617146425693671,-0.10862185515977983,-0.1541972116491919,0.09397774737813701,0.0352941850832891,-0.019012171706338905,-0.04094352455241389,0.013317520031073372,-0.04844688250179562,0.19172435352382994,-0.16757870287742554,-0.21653410017204544,-0.10884887700329302,-0.1022998819376974,0.2984001039184456,0.18387635619462697,-0.0908378097171618,0.2530508694011594,-0.09780331884172458,-0.3491017267027168,-0.067325766267425,-0.33099312165526895,0.3446780855625232,0.0022443705684160493,-0.35915862093016815,-0.16440698466990267,-0.09818956334901909,0.2080031003816452,0.06075329611080435,-0.029377573206812595,-0.0533736027226399,0.07460039140103072,7.06540515040515,16.407617480791316
14,70.8665102743971,12.5696769456562,1.05387513040716,-10.1960369643184,-10.6897301693251,0.538612500959479,11.1788446384546,37.197256885018,-3.91060067532964,-18.3922905094738,12.972806513028,12.4929605938504,144.444784792312,232.128967214458,246.376937745997,266.352115667777,286.540185806555,210.87528554129,59.9197400888541,17.5668474548627,-1.86897396885875,2.4661456123227,0.0308518701996395,8.85153863579318,6.17798196702324,8.41404398296024,25.0398203442505,-11.8112524014251,15.9254011977522,18.3125485310164,49.3521241748776,12.8489498019336,24.3137068616163,46.7646897978318,28.8679315734752,7.3385728720853,-9.15745982501534,-15.5027436627377,-31.7872626130759,-41.6537176396357,10.4540101526619,11.8585645335023,-21.4162979676575,-32.4230574283386,19.9608872450495,26.4860062844756,-13.2932829687188,9.59452117743001,15.8045190908657,25.7677856117575,-2.03496599627932,5.72401113079821,11.4520405774999,26.9502116615733,68.7926901382905,-3.72822329226324,-1.50342881884291,30.9726354988936,0.05762349638762667,-0.15127743543316563,0.26237016097727694,0.09746068234572842,-0.08098936327884378,-0.09013667379672184,0.04304157389464344,-0.10792488931199486,0.047281951245153366,-0.15471896835243099,-0.1999675147618259,0.24147546289291227,-0.04130711898547301,-1.5033142622413238,3.750458385650795,-1.6529444666763806,-0.3170843041360748,-0.03446613480581581,0.2199837259452049,-0.03184262875503727,0.02338056278969073,-0.043883076955637694,-0.146057779285654,-0.022801214815515846,-0.0577719583325533,-0.2259408764936893,0.07148231664943207,0.3068057708693108,0.010662537923394938,0.11064691627428029,-0.12017923468116666,0.01983875605465367,-0.27581916852262217,0.09801437809480748,-0.017656918180877206,-0.24515292026288787,0.2755726168587594,-0.024479251604479342,-0.029917085918768852,0.03502165238480695,-0.11435856070980344,-0.10683993498679566,-0.09759980420943479,0.25916514295300236,-0.07016324607977065,-0.0714867268443409,0.21905798450724392,-0.05146437603128346,0.0786908834941687,-0.17905412236271184,-0.035338061220041246,-0.01386096792543206,0.2236019397458926,0.023102593276205043,-0.029694768582163588,-0.18798913623882113,0.04955582592566635,-0.18336835670676865,5.9708793983794,15.696080330642964
15,50.7971533057827,6.4611008179207,-1.4978488510973,-17.5914568293704,-20.0789577084105,-12.0160285781547,-10.5820530126063,18.8626705610956,-9.55072593030203,-24.0583989291501,-1.11452667081683,-6.65485945519359,121.968830755498,222.327578455439,266.352115667777,312.303940091509,358.404083322049,285.602084244825,93.8821263409954,20.2602783851812,-2.11872977657707,-3.37391800410572,-9.26890073399982,-4.28609512826496,-5.44912920863374,-2.50375210220367,17.3158061418407,-16.380536761524,3.88811314387605,8.72839826006743,45.5142422610977,11.5671233745468,16.5877433490928,50.2744351899319,24.9474753946838,12.035950422116,2.30215292524658,-2.40752678309916,-41.6788680720361,-44.1499717154468,8.32702069866587,12.9328693172238,-20.0537413890128,-37.873195718705,21.1601378800261,15.2082757654519,-27.1172559862141,3.22592679460266,22.5416530069083,28.3741971693568,-10.9252715294956,-1.80455948391235,4.32676034620621,29.3465159280972,78.4153761824061,-9.19129539422431,-7.56613836586805,30.0824480658347,0.017795098001170847,-0.031278038355006726,0.02941370690366881,0.029959034703622017,0.00044025129491218865,0.00014217658609092464,-0.010673272236176059,0.04192582934867086,0.09200691657261233,0.00249244061097559,0.018483737427844284,0.07746086735432638,-0.03898666966518759,-0.3929518894018588,-1.6529444666561153,4.257111919695516,-1.947470086280826,-0.3129431745937711,0.17253963449653048,0.006095550473413664,0.00685166723026637,0.010585467880800888,-0.0052390314418630365,0.03617969070642443,0.00883034527743898,0.042087120662211965,0.0813090486841678,0.1027922222654473,-0.041113482144607076,-0.026061377871055905,0.032284334792050486,0.05330086758143338,-0.033040659295818474,-0.027095790156549632,-0.006010213119775693,-0.079068958043085,0.053741640103255425,0.018954694466564167,0.07693827828260168,0.04736101149032528,0.02416600115783968,-0.011302126288988999,-0.03468734358184146,0.006123913077573595,0.04800246705664562,0.05322919254815522,0.03153850947378549,-0.004550517465225033,-0.07903665813629197,-0.05768915580901585,0.047744542729524386,0.07404716546759531,0.03456426463759372,-0.040255359365273205,-0.041827936017353094,-0.018542565044912127,0.007559074713423432,-0.10687697251135723,5.963020313020314,17.671840314226163
16,30.3610124305551,-0.169661884047151,-4.55969265143362,-25.5776173850923,-30.1925283830578,-25.464545517381,-32.9653630536649,-0.206465324326792,-15.4796018783203,-29.6569852450029,-15.3300910273679,-25.9401140922176,99.5453823517894,212.746037028861,286.540185806555,358.404083322049,430.550922013216,360.538227671409,127.866044252525,22.9539389134074,-2.36492734382519,-9.17318899956451,-18.5772831943753,-17.5093582617602,-17.1709239576044,-13.4726097618607,9.49662787260725,-20.8534207426795,-8.27753621692487,-1.13984614261099,41.9137449724264,10.4465879941027,8.53040844091265,53.840697926586,20.8879088917796,16.7630246117853,13.9424744549544,10.1134129508074,-52.0886448998722,-47.3094957316767,5.45484660719153,13.3065790670029,-19.5195064843406,-44.1604677362534,21.3688220387617,2.94425343406602,-41.5784045652204,-5.47755831999389,25.345629515916,30.4265486121823,-20.3955293965967,-9.7327164860113,-3.53966092997666,31.3940130150391,87.3251496721333,-14.9735203146861,-13.8613198259461,29.1263140825144,-0.024010634742999477,0.0008480113815963811,-0.12398679502689575,0.010694434734811045,0.03109498468561035,0.08658337360260539,-0.061400358128503724,0.2519001513914578,0.20646160197560226,0.14447023584868238,0.22666663390480804,0.06735859683369208,-0.07529896647476944,0.15964309578361283,-0.31708430415758115,-1.9474700862691938,2.6421149014223935,-1.021855726015116,0.4675574752812521,0.07502729341186844,-0.023361620924232964,0.08173160214041213,0.1025185646726354,0.15053781246311476,0.08406067801521167,0.3791189706073567,0.12707280719307304,0.05913079942487447,-0.083652879373571,-0.2125437683696808,0.2164323935041217,0.1067115998702916,0.14870861464154944,-0.18506698071595426,0.0194064754031852,-0.031471994834463925,-0.08440452666499706,0.09022678260301734,0.29563420462641254,0.08377972359244346,0.15726785794441395,0.07684357092738833,-0.02210467760664495,-0.23726575670907263,0.25354886734531407,0.20283303158887717,-0.06923259117742246,0.14871350347755372,-0.30523088067359294,-0.04761185877238447,0.24413448997987086,0.1833958039930539,-0.05400208184536085,-0.1679539112998968,-0.11372144696487554,0.0977866966056568,-0.024769715952599334,-0.03939173632853888,5.918494560994562,20.74948004199661
