,Cov_0,Cov_1,Cov_2,Cov_3,Cov_4,Cov_5,Cov_6,Cov_7,Cov_8,Cov_9,Cov_10,Cov_11,Cov_12,Cov_13,Cov_14,Cov_15,Cov_39,Cov_40,Cov_41,Cov_42,Cov_43,Cov_44,Cov_45,Cov_46,Cov_47,Cov_48,Cov_49,Cov_50,Cov_51,Cov_52,Cov_53,Cov_54,Cov_55,Cov_56,Cov_57,Cov_58,Cov_59,Cov_60,Cov_61,Cov_62,Cov_63,Cov_64,Cov_65,Cov_66,Cov_67,Cov_68,Cov_69,Cov_70,Cov_71,C_0,C_1,C_2,C_3,C_4,C_5,C_6,C_7,C_8,C_9,C_10,C_11,C_12,C_13,C_14,C_15,C_39,C_40,C_41,C_42,C_43,C_44,C_45,C_46,C_47,C_48,C_49,C_50,C_51,C_52,C_53,C_54,C_55,C_56,C_57,C_58,C_59,C_60,C_61,C_62,C_63,C_64,C_65,C_66,C_67,C_68,C_69,C_70,C_71,Mean,Std
0,13.4161369731801,-1.0720191153737,4.40219007707011,2.3302752446202,7.3744559888655,-6.51497878016497,2.22236355697237,6.6226726261906,1.55455918651546,3.13539576117119,2.67508260687234,-3.53738414242495,-4.34195443754812,-5.78478309117888,0.0164412574185708,0.367743324807117,0.0870611724773368,1.18895669275196,4.96361253919305,-2.03877928386976,1.79203679523655,4.74018959369187,3.94948211040788,-0.698789633824247,0.84730983730365,2.68912035685611,-3.16988544679945,-0.437422098745622,-4.55981808376635,11.7355140230243,6.00454603775397,3.39670805287637,7.1653029916552,2.92505224855215,-0.908430590424848,3.05812332282197,1.66423940910396,12.9584284668379,9.4180950854262,-2.63973551394723,7.14117283779166,4.27785142904426,4.9708764375781,7.92079880747952,-1.59483465081369,-3.27526800097683,5.17519512857477,3.74180637642956,6.05641487374715,2.151365874018594,0.1540814708440682,-0.33656576397916405,-0.012903746710018127,0.03460132807902912,0.2934338695200932,-0.028669447017894725,-0.40310123376636336,0.23844647368262448,0.001681370775174253,-0.0766181655502923,0.08432122647171458,0.10009546602346085,0.3637240465011753,-0.4856266328424374,-0.024234511679555766,-0.08085284283783387,-0.1895265293147846,-0.5097709863869055,0.2603956465984137,0.010141632291304483,-0.35484978394631495,-0.34635176404580165,0.09417672287539978,0.051013053680045,-0.46702079227618815,-0.20587037264877328,-0.3951756613116517,-0.10219384970426248,-0.11222216399548117,0.09581456056519452,0.038577608593419715,-0.02399288046799105,0.011298058708030273,-0.0036260533480867597,0.13734809550234264,0.4363968864107148,-0.3840051067994281,0.1177682363015105,0.5039104674495248,0.02810911801363058,-0.4420275237819014,-0.5165004683151195,-0.1658208823745825,-0.20958619717976673,0.35107289269104797,-0.030254032459930025,-0.038497962043110005,-0.00879513026415505,1.0683333333333338,3.661439194248632
1,-1.0720191153737,23.0065814958167,1.41640745393764,-2.26363921621767,-4.58582018585456,3.34863447028694,1.60432304849882,2.36160597197222,5.44361790013224,-1.99662210434391,1.64489140155394,4.75959952632478,-3.11789058217625,-3.34656105735867,-10.3585360071334,-7.61382297618434,1.31815609607952,-0.509173399044625,-0.674172822768944,0.731502690243177,5.92422209868949,0.669697537315103,4.71826268051358,0.783513209721234,-1.26733792404282,0.94275519847063,0.783309040756216,3.1664743201346,1.11931314456261,14.2360956453817,6.07420546355076,6.85971551600473,-29.358927651017,6.63494286485316,-3.56573127452579,-2.84924704462281,2.44147087196185,12.5312549562982,27.8937843643499,0.441458618144349,-0.548114882619735,6.48540370553536,0.122657559145269,26.5015697482433,-0.22504428720237,17.2825929975126,7.07268590313603,24.7700171976197,11.9111015841676,0.15709193958984677,1.878242449572141,0.09409248946292056,0.0061618074980513545,0.12286629365218504,-0.2358265835719965,0.0221912216154379,-0.004214018131052267,-0.41460985436464154,0.7845090089927234,-0.23563424056178844,0.05406343942586579,0.0675710094560056,0.2071527994393275,0.5497032948437582,0.3855808520984013,-0.29397445563087204,0.1356118192201829,-0.03326633605697696,-0.060976861825155354,-0.11982288787844059,-0.012737881764229336,-0.3550016374663978,-0.1256884715132911,0.03784816730087542,0.2356877292345723,-0.21954452282935485,-0.11845017339641722,0.0932650741757103,0.0653638589338643,0.01080905206130287,-0.2817967632699721,0.14894269515981629,0.16987321796260776,-0.22344231366068476,-0.04957157308572262,-0.29906058616502973,-0.3479074382302211,0.14013161671625352,0.09081892207626921,0.33284684455723346,0.3282019852203698,-0.07069401621331534,-0.2069884006098957,-0.02204312412924158,-0.019285997595743263,0.3735331762266389,-0.5250481626346916,-0.2949795122329784,1.356428571428571,4.795475106370246
2,4.40219007707011,1.41640745393764,19.1560921429875,7.9959166177293,5.8064475476559,-3.65939341207621,6.68753018534107,1.14990053481981,6.18015272654454,6.91103883844649,5.73303871592113,3.77622757081768,-0.900034142718883,7.07262562851274,-2.81408667628917,8.656084406837,0.757058816822127,-1.57482986534577,1.970774963301,0.841951853271849,2.66326520489851,1.72822175899994,-0.175222354840551,-3.72946811400678,0.151216174944172,3.59691799881923,-0.454861368138176,6.23791875869,-4.05524013296113,8.92227027203165,8.82531682726522,2.68916784097744,15.3274548467429,-6.75196499941681,-2.1200668655226,-0.960571249546317,0.279774954231906,11.7800533786847,25.9254851869198,-1.15812206844569,5.69518315366393,1.25514224068335,3.83333919958455,-0.885183809049896,-2.31856474737861,12.3241858025707,3.61410791592819,28.2157435328424,2.5692956503256,-0.3415373564869719,0.09125375522420141,2.3397307272886456,0.0798143085109209,-0.2406661411050091,-0.13284167094589172,-0.5567495209618005,0.013270403012321408,-0.16721463316340546,-0.3432490158678728,-0.22067269308454024,-0.201209637922114,-0.05967617389723936,-0.43321485737553334,0.16225977855632914,-0.11614703863795367,-0.12921151935104,-0.12290898671298779,-0.12101837517628529,-0.33336130819716947,0.004070954705968069,0.263230934203357,-0.24025495277905193,0.2069304176466396,-0.08260171429228763,-0.6291752943269255,-0.2418468087752692,0.03063932225819405,-0.061155522907840765,0.14339617517420436,-0.2521151155767708,0.2104840138420285,-0.1572894617247378,0.2887498033379496,0.08978257255474337,0.31873282096894384,0.1472126109950168,-0.6563590771571332,0.05551524616810061,0.053484123752538346,-0.21746000899571044,0.2780101065079794,0.025736957337790783,0.08773674526423855,-0.026881622120631762,-0.20659761025871717,-0.010470233751934453,-0.37994008851778904,0.40390089638720644,0.718968253968254,4.375624771731171
3,2.3302752446202,-2.26363921621767,7.9959166177293,203.246552123244,24.334798919251,-9.14945930652177,-0.102125664087007,3.99826246206951,40.0748253231135,20.3554109207925,3.77934800891777,101.771055304205,42.6706265858392,-16.743134342906,2.33141165655585,19.8844214207141,-1.33588737332379,-5.48262299483854,4.43456441080959,-5.87566853303569,9.92274283914352,-0.688216521438222,2.53696010174896,-10.9822148940866,10.1282408790246,9.95418121948835,-5.5649629038901,-5.14122291854774,-5.78623285386137,66.1905525901368,8.76002330048992,-21.0133896713587,41.1595078547495,-8.78053248800101,-2.72876899409081,1.8615569673256,13.808394992012,-12.2065460703294,-0.0269245165975291,-1.51505797946453,34.5172186706222,-18.4097754108783,2.15760616070191,154.242642782928,-8.72023216241984,23.5198295817975,-0.422960387813281,0.418157424497148,22.9143911998974,-0.013768427686294488,0.0039062095781687393,0.07909105376513775,0.6559415336175204,-0.533302978186371,-0.07497685577029965,0.11422034708060565,0.038320472727567535,-0.03621768849588534,0.0779159475452445,0.09384639821859543,-0.3568983457515981,-0.20963168678442132,0.17499193727307177,-0.19787174491064824,-0.14592273577041492,-0.004728582059905211,0.13347091294837152,-0.29858395401936616,-0.1294463477194734,-0.24430343171245653,-0.06830279269159038,0.00045892076277018136,0.22135608930533496,-0.08535400929423864,0.011267838549035453,-0.21143526976822485,-0.2045231296933209,-0.29379549668635,-0.20439763283821652,0.02512738606784477,0.1615965638046689,-0.1013601034356374,0.094411985414691,0.07902664830667802,0.10838518581300452,-0.26947876396955067,0.10820681006875596,-0.1193327185845173,0.09452970993395093,-0.05897862044663578,0.09778248669880715,0.11464170046473397,-0.12671166725436125,0.20711677045218368,-0.10786105551953357,0.45615760411796413,0.12011238674822353,-0.07673146806679754,3.351388888888889,14.256105783952497
4,7.3744559888655,-4.58582018585456,5.8064475476559,24.334798919251,35.5655195561941,-0.815000123117606,1.30082493269303,12.1683494680163,12.4520574233395,2.30303310884304,3.42388881557587,-7.38036204945775,-6.22975107078022,-5.79142643592999,-3.69118999469353,13.1852054039096,-1.02269838582312,-0.497913447134132,14.6896822754194,0.0143759529765943,-0.337880119260087,3.96127790098723,4.68800305083439,3.87308827580927,3.06665593040193,3.62780471309574,-4.33438736386659,-0.269014175648789,-9.43269321748595,9.87284608940306,-2.39784111223854,14.6148675560881,-0.393008910596232,5.44582491517024,4.28552848576524,5.78645486629418,7.23220152099989,8.62319241499195,3.8690356741382,-3.998949927343,17.2582750855066,1.06080141123859,2.46048187219587,-9.25303023981785,-0.446111328371788,4.25498027288252,6.2758564083227,-7.24833908554577,-4.32758470626984,0.03434208756675448,0.12400350040779909,-0.24241868953238582,-0.5339911179126602,1.7034241389920701,-0.3264167896940624,-0.3019282697454426,-0.39146079040142034,-0.013129789548995168,0.024736278674024968,-0.00964736473368236,0.18933126316267504,0.544402012401794,-0.2936000104057918,0.09331161418975596,-0.30439264946302763,0.16995139930452433,0.2539105232567664,-0.5365110160264875,0.013382033075114954,0.12604109004510614,-0.23989432514101872,-0.03716555947956634,-0.023316352849849,-0.4025160970084169,0.15468672991585544,0.40955712552662277,0.26758381884768717,0.283066110632745,0.2519432965878442,0.21294153770568494,-0.1307989454789914,0.10167911042692435,-0.06659467018027912,-0.1578458903375489,-0.06902421768643746,-0.2968555074384253,-0.14580396499988024,0.18710556678450194,0.0013732359609810944,-0.24157007872982564,-0.062197328445707,-0.1110615404534481,0.1848185597793575,-0.03366997707758588,-0.10830982976699334,-0.6777224746152187,0.0974695384566993,-0.21698703296927604,-0.31694444444444425,5.9628449213604515
5,-6.51497878016497,3.34863447028694,-3.65939341207621,-9.14945930652177,-0.815000123117606,36.9607611700811,-2.52379650067851,-6.62227860460697,-2.91589841627411,-5.61855285632867,-2.291554688044,2.00732929474656,1.70913293142731,2.8840136955824,-1.42813497119142,-1.68123240518058,-1.51345121354788,-0.0059481691822056,-3.85982515494648,-1.70374178963934,-0.602720349937992,0.0101255486961422,-5.86145732749889,-3.35356579030409,-0.897831767535523,0.472952342879123,13.5749597763312,-3.47314166367788,-3.74758746949131,1.28278295233426,4.39771648884798,-2.22771193388693,-32.8449072903487,5.99327784500642,-8.48005017326735,-4.86020668927616,-2.97790292986823,-9.71455926892181,-12.7308310450397,-1.90265063400151,1.5976025074067,1.79571765917429,-4.42871068191406,-0.281690459058207,30.0030072020154,-5.04902065483316,1.55979739755349,-7.36945967025316,-1.43865380417699,0.29653674830525745,-0.23565868394384482,-0.1340174286725214,-0.07526064050542158,-0.3270955812340714,1.2914760106710108,-0.5012598939494646,0.42136311286357114,0.0984172159212752,0.2582161643759632,0.010208696601128598,0.03274669014451017,0.21853235489114964,0.15803332025539596,0.06687738257335725,0.18988912580244224,-0.23675413357677208,0.11237326214869446,0.5084167203406167,0.017267935925966933,-0.08158281953245522,-0.19230279095744482,0.3864980327305702,0.14651907013293716,-0.15509840970231933,-0.22640680794705662,-0.27787430175017963,-0.18910896886437836,0.25072489150014743,-0.07735897548932957,-0.1935165101666369,0.004685135269459938,0.10797811675019628,-0.16588132435715763,-0.12349824850177504,0.2552633732053681,0.06123372683088765,0.11879821697779311,0.10175096686222573,-0.07994151004948943,-0.09324820811564576,-0.18171468185039064,0.0790517285931545,-0.003717340540679094,-0.6780467497662614,0.050822910751777986,0.02772024773459495,0.11010830398523706,0.2424748932851959,-0.9907539682539682,6.078713775962894
6,2.22236355697237,1.60432304849882,6.68753018534107,-0.102125664087007,1.30082493269303,-2.52379650067851,8.16583014048531,-0.864649012143439,-1.64652844924173,1.68557531625673,3.64530695261567,3.7932337809669,-3.16357924825221,-0.168343093865063,-2.71625637989086,1.13414857008624,1.08427807035527,0.105115930040495,-0.0128566105210583,-0.404138042184794,0.683488695928778,1.02717295286285,0.946473612612956,1.83309249715854,0.666467944962801,3.40789679631211,-2.0657971175987,-2.24917508022945,0.0168281281619352,15.4642619684115,-4.75685574477572,-1.44007902628118,8.69729956828072,-2.68069019240936,6.14417588483264,3.9912684871046,-0.259972742020608,0.440911388582449,9.24338185305577,-2.54873786115084,3.10620596728293,2.53707174697813,3.4386532750781,-12.3061133070826,-6.11729904988886,2.82117831179712,-0.763725689077412,20.8609806940302,0.682428922753134,-0.027154983152356454,0.02203580668499477,-0.5574616695416663,0.11828100239104775,-0.29771123011825773,-0.5023003217347256,2.9148459869777144,0.11265131885453936,0.212207694876769,-0.1681207843787049,-0.28301316546939953,-0.043795964153539285,-0.3781243178392873,0.04001385186851909,-0.3731998365921697,0.32852174867208883,-0.3252525157159105,0.13373008020685304,0.2588981927674471,-0.041217596286517263,-0.12001239822947161,-0.004791046573245198,-0.14105361935709287,-0.3119740844471805,-0.25278729302127784,-0.6282085431615837,0.08494550248812763,0.36910453994395925,0.16838384926264865,-0.14502864778179103,0.0693512248632682,0.1574181265317398,-0.023874333936506655,0.031272085566375216,-0.10450696058564544,-0.05986784190921458,-0.16604539257587408,0.009993848722522828,0.0005351929520327783,-0.00657120097575636,0.19141627525346597,0.06966533265087504,-0.3449444211005171,0.13720102512656807,0.6124064701499636,-0.029644727949876434,-0.3701727155784446,-0.291620220512423,-0.018137484336934146,-1.0555555555555558,2.8558414067460594
7,6.6226726261906,2.36160597197222,1.14990053481981,3.99826246206951,12.1683494680163,-6.62227860460697,-0.864649012143439,20.7065121328225,28.6688457246489,1.98232175807861,1.88708643086454,-5.98877660599999,-4.64040436534207,-2.31918157538426,1.29548536809473,-7.62507015438946,2.56248778511481,2.05694195995077,8.32100563037158,-0.821138919654993,-1.67687696052426,-2.11449878279293,5.24015408447162,-1.79431253496553,3.07935319985271,0.901891026974556,-1.59642513404643,11.8037992398135,-4.99486135654953,6.58827706778065,3.33397063135591,-4.08754973453718,-11.1017370287013,12.4408096579919,-0.813174073240467,2.68627516533809,0.0090434077452108,-1.64470778491046,1.8093283452187,3.95070462236231,4.49724988635784,4.41848407680502,7.17161493252625,1.63913644320461,-3.73738168721174,12.879905036741,8.37484009959178,-2.02948875043657,1.1614546635107,-0.4009469516454336,-0.003284299767903825,0.012176014298265467,0.03836171761337641,-0.38509643433037916,0.4244882929338499,0.10074547525020904,2.685269869133562,-0.7627712607757287,-0.08295731787973476,-0.1865660792873195,0.2984987371533088,0.06300157846682297,0.5984730497464619,-0.27087132771141154,0.24214205379960752,0.29979108093880885,0.20540849444409828,0.11720264896984987,0.01609216033222002,0.30729839581759527,0.4215666571493161,-0.05165725082792303,-0.012174595941068922,-0.6370566228139666,0.5360082695964655,0.020929095805935313,-0.07043233785891141,-0.06456717259583819,0.049695794483861785,-0.1656140467014107,0.32529693946297816,0.14362527984626355,-0.3564282680475922,-0.2417543578502213,0.04180093115202181,0.21165186724484722,-0.17600478008516698,-0.016903963245297964,0.04647304137677635,-0.37441447979505793,0.1303720960416555,-0.2415104453126146,0.0874230375627258,-0.12125248735878985,-0.24126854446409057,-0.12198859743516394,-6.214936796113415e-05,-0.10378831016568293,-1.298888888888889,4.549341945031443
8,1.55455918651546,5.44361790013224,6.18015272654454,40.0748253231135,12.4520574233395,-2.91589841627411,-1.64652844924173,28.6688457246489,109.001341395275,7.26018649280633,5.36887817247447,27.1497362887907,12.4251216218163,34.8106076065432,20.9526754756527,-19.553521968997,8.07275901634432,-2.1209928323528,7.94740634631645,-0.114952070429019,4.53201057919787,-4.243961258881,-0.637496524007647,-5.95472435130987,-2.1513451071939,13.2007755776356,2.74488277889646,40.9088090424963,-4.5337880833264,22.4136675008159,-6.44839779696716,0.892215669890875,-46.9936955777608,35.1915527918395,-17.445401374922,-4.30231428574793,-0.670618524707962,-12.8767817717176,-15.3658583540927,10.0240337185557,1.22299582567227,17.1881213822882,4.49087377276118,3.55191284531389,-12.0767245436641,16.2058988403936,6.90775098173928,-9.20028501595607,-0.395330774520979,0.23912417146963075,-0.41448916345331244,-0.16626480732724758,-0.03553579190553954,-0.012693928149700596,0.09838463470240291,0.21646271224935945,-0.7623847697205612,0.8843203600890108,-0.24451322014663374,-0.06668143168871343,-0.31116624988882335,-0.03661335072610893,-0.2885504805067615,-0.1176923987313105,0.06817258877853943,-0.36981013860119677,0.17055354377682294,-0.12346098483304348,-0.11778132344556477,-0.13723524566596154,0.2931650475848979,0.21248331668139886,-0.08400115559151866,0.3040227120398902,-0.1810709381053201,-0.11468976884077585,-0.3217960222086475,0.46814312727013085,-0.051993076573419714,0.01899665915022344,-0.006852524496568291,-0.00440989856186091,-0.17249153716374607,0.008452024104351087,-0.010714939340082566,-0.010932944685790884,0.0990932932601311,-4.781460751207262e-05,0.015167149455257356,-0.08007379050207826,-0.22732161771077114,-0.06018531031583973,0.00886436336568084,0.09467983231799353,0.22243866352856922,-0.05818323236808769,0.12326257344742125,0.2382875398051394,2.9680555555555554,10.439891828715206
9,3.13539576117119,-1.99662210434391,6.91103883844649,20.3554109207925,2.30303310884304,-5.61855285632867,1.68557531625673,1.98232175807861,7.26018649280633,14.2774728607918,5.53389042487945,14.7962004012948,8.20581067726524,1.62101929181228,4.68789565473741,1.47840195265819,0.0078042267899922,1.30613345467565,0.737227117793862,0.736232728464809,6.0541234713581,0.457779563371737,-0.95517136539269,-1.54713624546712,4.90014412441127,1.98126808785506,-2.750113773223,-0.931661356322762,-5.34687470003256,-0.671681565602945,28.4494621268517,0.770088058523045,-6.63812943551312,-16.1188152913388,-7.65329587012743,3.86782220964913,4.04966154867662,1.08283122754671,12.8078586090251,-2.44293231439377,6.68208531443003,-2.07288626382957,1.59871150888843,62.5776083505194,0.682801832333168,6.88067594891292,13.9562642339905,0.137097397174969,11.9692432834738,0.0015947309006307114,0.7867280142569381,-0.34314366588053324,0.07830814366539973,0.02426432959409981,0.2595928919174766,-0.16963108752014566,-0.0824253121898839,-0.24273096315593848,3.2691059044255515,-0.5143897779244084,-0.11963606179670659,-0.19702207867420315,0.00822469086979051,-0.25131167215955735,0.11447569946432852,0.036132450313300396,0.25954155706958276,0.0320559834377173,-0.194672213696332,-0.0068205214060996005,-0.0739722997262738,0.31043836062659924,0.019927008204961703,-0.5645726277639542,-0.0491030731949774,0.45862493517191055,0.18975454479747733,0.3273411141559148,-0.08170468345945425,-0.09978383222484201,0.04056425320835979,0.03456393182920982,0.3977713322735165,0.32280178022885075,-0.6108084476418056,0.25830783586729933,-0.17220335610607956,-0.17152847623937806,0.05128050687097398,0.07590903511370156,-0.22133516953007373,0.35339428332371486,-0.21624782683820845,-0.1344411848819731,-0.29584635286786887,0.147430722027344,0.0020069871469495675,0.17658469974344865,-0.6361111111111112,3.777230845578785
10,2.67508260687234,1.64489140155394,5.73303871592113,3.77934800891777,3.42388881557587,-2.291554688044,3.64530695261567,1.88708643086454,5.36887817247447,5.53389042487945,8.20254278416347,8.88265979226728,-1.30225522877864,-1.7396375397066,0.476437221364075,1.75343436612195,0.587760860150327,3.81825320056166,0.228489861893876,0.501521984156103,2.03635954203481,1.98019289754364,-2.95299222558175,-0.335274633704421,2.52013429676072,2.96605041295022,-1.74336117555095,0.373797739853871,-1.292295759865,1.14414003775004,1.30443454750377,6.26451758380285,-7.19998411245815,-6.30260622381863,3.67491124277201,4.93634925259999,1.39225829304316,5.44165481230891,12.7846315368024,-3.4613732393167,3.62428896519767,1.8899439002796,1.53514555607337,0.0018733718949282,-2.80081315030666,1.61367721548791,0.715300043250315,7.5390349635056,1.94493185241794,-0.07701031749419551,-0.2341296880480743,-0.2269906953827807,0.09605715415207626,-0.009529329715180999,0.01059990126629806,-0.2850881521865403,-0.1807184979325228,-0.0705475641137866,-0.5068094362055632,3.431278609028095,-0.5201004739777371,-0.08734547352713896,0.18693871065098078,-0.06386359272479147,-0.050543943353053435,0.0231375000763482,-0.7408004183280554,0.29934241415439167,0.04855786243183485,0.03832481134840853,-0.036056280037712475,0.14692233126285226,0.26390741901687814,-0.6471478935580061,-0.007635680229752255,0.059145356682668286,-0.32665422299225055,0.33543328832816627,-0.0033108904938238186,-0.25115827645933936,-0.4869547966059458,0.11039835023215039,0.27083470040274926,-0.24333781149787975,-0.294844699508366,-0.0952832106545915,-0.21051870364812086,0.15900108107542932,0.5294067329044656,0.09925059345767386,0.07142857188802684,-0.22114870936375716,0.2672618729149343,0.06315462001638358,-0.06848019121297279,0.05626435120577213,-0.06703469034780701,-0.11508150460209027,-2.342222222222222,2.862261830120276
11,-3.53738414242495,4.75959952632478,3.77622757081768,101.771055304205,-7.38036204945775,2.00732929474656,3.7932337809669,-5.98877660599999,27.1497362887907,14.7962004012948,8.88265979226728,92.7668457854406,29.6953773264967,-9.90270417291226,2.36089540025954,6.57155641052156,0.885080336375294,1.0567501931344,-13.2449817239183,-5.89686710064347,12.7036688226131,-2.8387105152155,-7.98859016687617,-8.51056669200209,5.0142568725056,8.69430686394554,-1.18767854568347,-9.28478231583643,4.52310757867217,34.8095293001981,13.473451290222,-7.76905633973801,10.5283261882077,1.2347137222052,-2.7079112783869,0.776256491939876,3.84935921608563,-7.12693111411682,2.9261840434654,-1.54948533217143,12.1828168907873,-2.54044665674613,-0.479489589502752,118.313539353826,-4.60868206606072,9.64071032480966,8.44709778460544,10.9172073044226,22.6735112444473,0.08558377883858724,0.05435935050992275,-0.20290013829671907,-0.35658141952907774,0.18768448112688543,0.03191709652018217,-0.043157813869512666,0.2947229555472782,-0.30890408096198896,-0.12069279467858189,-0.5223576806906091,0.8791181064910175,-0.13480911065019915,0.061698326864907185,-0.01528874875421149,0.03737787606580133,-0.07648924225900802,-0.3164075083897468,0.28697502506557443,0.18456068595137168,0.003942743991967389,-0.15011389322397922,-0.014181224423723306,0.09037196217683095,-0.0026419528891913962,0.27385230427157947,-5.007000877514636e-05,0.5787222410065918,-0.27938430374480877,0.05166879655110595,0.1455417252506846,-0.18529162970568508,0.02396731351650005,-0.10593615655941874,-0.04230346110444567,0.06122409370442703,0.26449082821604486,0.0753272377669391,0.05317490505889497,-0.26345638658622683,0.015371767908603774,-0.20263158801784045,-0.2050339250014297,-0.1034885472124875,-0.14099053626019636,0.007549991134541741,-0.03858348119181704,-0.1339541648487383,0.03941017428178764,-0.15166666666666645,9.631035551042295
12,-4.34195443754812,-3.11789058217625,-0.900034142718883,42.6706265858392,-6.22975107078022,1.70913293142731,-3.16357924825221,-4.64040436534207,12.4251216218163,8.20581067726524,-1.30225522877864,29.6953773264967,37.49905651341,10.0145611569189,12.6154134770237,6.84962667763626,-1.40010565630986,-6.88548375290831,-7.61696920402043,0.0334605375299662,9.38123623607548,0.969158801836554,-4.72900410638595,-5.6948565313554,-0.950169146558616,3.75524666073642,-1.25150965038267,6.97420371192668,4.40265101421628,-9.62887155955088,36.2554855769619,-2.63495304261964,-22.7087510222513,-4.16967933170302,-14.0022036946268,-6.23085246964224,2.15071224743149,-5.31627780792044,-19.6362871821493,7.97130235472652,5.98547726261989,-9.09701364449035,-4.26120434424856,87.0281738147011,1.87113347431818,-3.19031191997561,15.8156150482564,-16.3714541837081,22.1227891870484,0.10883763619272287,0.06865599692915397,-0.05801788549310391,-0.2047198647443598,0.5422318151987069,0.21420049900048374,-0.3789381970669084,0.0632797996499229,-0.036826890468696055,-0.20755553596156048,-0.09210378094676079,-0.13775642253841658,1.4800080388897565,-0.04500832926920077,-0.1545197045210474,-0.43704431662504867,0.39327018332266167,0.4878911508221533,0.08709192103183142,-0.2589283903650629,-0.16914347723864065,-0.4466693191389938,-0.013616592531105845,-0.03166405254269275,0.28681080685599347,-0.28006503968905455,-0.03686673670148824,-0.09560155194415412,0.15484450549588752,-0.13739071596676772,-0.17450368549513215,0.155851201181492,0.20831617824755488,-0.13910583345753053,-0.3167709820342067,0.09029469568038678,0.09008389198913189,-0.09836392420594244,0.19534411718754444,-0.15742420924749792,0.23092169272981686,0.6722586258988397,0.0774364393498793,0.0969225330974888,-0.15269257153385196,-0.20456355428035808,-0.20617819874390864,0.30720714239625596,-0.28540092105393655,-2.15,6.12283075982098
13,-5.78478309117888,-3.34656105735867,7.07262562851274,-16.743134342906,-5.79142643592999,2.8840136955824,-0.168343093865063,-2.31918157538426,34.8106076065432,1.62101929181228,-1.7396375397066,-9.90270417291226,10.0145611569189,57.2434656170179,21.0325283900325,-9.00340194283631,2.42523155601911,-3.65802387025632,0.0368633165739429,-2.16573783995609,2.91786994133905,-2.57800676809422,-7.56379165309712,-0.905690011274446,-2.94133524739486,5.00569624991277,4.9060673135758,34.2163046154585,10.2814802445362,-7.14030372060418,21.1493344685486,0.0541205217147876,-27.0530986219644,0.200667287630671,-13.3403772585246,-2.95420983329656,-1.83786888302844,-17.387681673389,-23.4250791841276,10.0887668639308,-6.56441427177554,5.33381302504364,-0.495790230053802,-1.56041169465836,-0.94358959882728,-2.44787256117235,9.06704480935323,5.17116996953952,5.60523072460258,0.3666506726118385,0.20595995717014434,-0.4342896525440238,0.1744306902355218,-0.29213197918068945,0.15939569406384313,0.03555778963802403,0.5954057906641069,-0.28854540673979684,0.006991887973677245,0.18719807634764477,0.06111551994524163,-0.04356138951498269,0.8685651703228684,-0.28763711455279417,0.2822900428177199,0.3446035133769837,-0.09821518859569262,-0.1697358340104134,0.20443945409963735,0.005946227009085683,-0.003855256666970729,-0.00548634217724571,0.03235268847129127,0.03820381746261719,0.06300195174480835,-0.1428311058709753,-0.36087148915289013,-0.20201244063036514,-0.10031011011540186,0.05110804184706308,0.00616295695499239,-0.02592834772424693,0.13529795902586436,-0.05911194519202096,0.14150523636230347,-0.2086370993450752,-0.0021446990713785675,0.09756798761979699,0.06878920391880085,0.08531451588135011,-0.06426478365597699,0.3120557253229862,-0.02174904049751399,-0.10774647892190164,0.024688138565271616,-0.05626072196492667,-0.0971517276879257,-0.23672674455405968,-2.0415277777777776,7.565280273527074
14,0.0164412574185708,-10.3585360071334,-2.81408667628917,2.33141165655585,-3.69118999469353,-1.42813497119142,-2.71625637989086,1.29548536809473,20.9526754756527,4.68789565473741,0.476437221364075,2.36089540025954,12.6154134770237,21.0325283900325,30.28343550447,-1.94689218080166,0.439398065842342,-6.50317230954842,-4.89619966279483,-3.43801424656085,-0.703244333191426,-0.9950470621228,-3.05864323280701,2.47828821019681,2.68178549902504,1.76561354218024,3.87624909142663,15.1515497420104,3.90539636829342,-23.9433222602526,-6.99032860725529,4.66015964763137,-33.462379288914,-4.6968241826983,-16.7800129076759,-3.97406973093283,1.06621930253109,-8.63881146335038,-18.6059241105434,5.05611505526601,-8.88431457154095,-4.30354709897129,-2.26392010301921,-11.4702931204379,3.37234788052218,-15.5179430612455,-7.0299345994192,-20.5446968851219,-6.78598024955887,-0.4840992253916681,0.5484891799363097,0.16867786646346286,-0.19956042747794497,0.08872553410055262,0.06697365260186572,-0.3653032452004362,-0.2732736044980307,-0.11494913404101763,-0.2400325556946505,-0.058900729885302115,-0.0145428645254203,-0.15378899181886976,-0.2897148067829126,2.143345659476648,0.25035112927522374,0.003137329813655231,0.33491297866351016,0.7078427027637153,0.21249366924325108,0.028447888924354278,-0.18423494124619602,-0.43711330843916396,-0.3337417402223999,-0.4559199774702655,-0.007428709996926433,-0.2106163413277781,-0.524572696978467,-0.016844281329622773,0.322839514059159,0.08130077384786909,-0.2181533124164187,0.04120429327814529,0.06423871066730724,0.20884591129314975,0.015296887838816598,-0.15714805664167228,0.44263297052487205,-0.18626635599273209,0.0035558350182072233,0.1648492109707331,0.03707570179127238,-0.12094519652248079,0.012215005534771726,-0.12857970991515127,0.6280380226134428,0.02864900481553111,0.006469262860664377,-0.008630169480080312,-2.3138888888888887,5.502130087926856
15,0.367743324807117,-7.61382297618434,8.656084406837,19.8844214207141,13.1852054039096,-1.68123240518058,1.13414857008624,-7.62507015438946,-19.553521968997,1.47840195265819,1.75343436612195,6.57155641052156,6.84962667763626,-9.00340194283631,-1.94689218080166,58.4663142760217,-3.97069712357385,-7.15693702361,-3.8411477171039,-5.61083277497299,-0.942119131694843,-0.743785705067538,-7.9368915240016,2.23685757005734,1.5066482839613,0.344184068006879,-6.43393009577447,6.30853546463257,-4.25762097572262,-4.30436132633917,-7.14809571816364,9.93139045669525,9.15175284426633,-1.46073423778048,-6.48325585187619,-8.09480123860064,2.79584225152833,2.82389310526646,17.9665834944838,2.84449855540753,1.645690484251,-2.47309314117082,0.841165342659818,-2.2338324822387,5.44771498838578,7.0765335517707,1.86655785872209,45.5662216432505,1.06166190758509,-0.023338028689794458,0.38259334132987843,-0.11343232891143626,-0.14814780888016163,-0.29840799199079193,0.1922377555672316,0.332242404087722,0.2455052859575456,0.06795528433341691,0.12286113445302975,-0.04375519893599537,0.038874048473924845,-0.4403444814689404,0.2815729342844847,0.2537455003207684,1.110024057091209,0.09418195657313098,-0.20095927794728535,-0.08432738548863572,0.2248944380091142,0.03020667959485273,0.2516758136412796,0.26924296214602056,-0.28431552257474646,0.02771675833891117,-0.05964615897504358,0.198199097810254,-0.18335181913798812,0.40198808886730336,0.27202444358022126,-0.01286186949763756,-0.22726269215342096,-0.016734229090531336,-0.12875854234979883,-0.0005542172408879811,0.2727891950997044,-0.19640594327650737,0.07437313735473514,0.09146943818886719,0.03209206683261393,0.0010485210949201223,0.03731445903678233,0.1982179208182604,-0.008123458155658516,-0.20823726080592475,0.2899304381364598,-0.13231312734966996,-0.6384072678982261,0.24648980075471102,-1.7398611111111117,7.645672911917022
39,0.0870611724773368,1.31815609607952,0.757058816822127,-1.33588737332379,-1.02269838582312,-1.51345121354788,1.08427807035527,2.56248778511481,8.07275901634432,0.0078042267899922,0.587760860150327,0.885080336375294,-1.40010565630986,2.42523155601911,0.439398065842342,-3.97069712357385,2.27081424792139,1.15568434476981,1.06414362979099,-0.272848138393873,0.302609563031033,-0.850205604875351,1.34350039907306,-1.51820638276555,0.106308435182865,1.03477814560985,-0.441053929207187,4.2313907097862,1.15353594098314,3.02104408036102,1.77980977665559,-2.74783345693034,-2.82916444966304,4.80632542919302,-2.71281360010753,1.3439206647508,-0.742762456201266,-3.44162428770839,-3.7853767653767,2.0729980016452,-1.76317705874846,2.83609367157656,1.0468578349953,-3.93495141516111,-4.37921702384214,3.09605664568118,0.918993122919207,3.58904637972142,-0.172905939764395,-0.07695454681773098,-0.2966245859615724,-0.12642624681893444,-0.004071681003532537,0.1727915486332571,-0.23917356584908886,-0.3234302925397038,0.3024644893795297,-0.37182464904010104,0.03615130330168902,0.02361466023132124,-0.08004061913356908,0.39182455456681936,0.3479216224721327,0.0024094719789815844,0.09668230026089521,4.51853766909775,-0.11229042780893247,-0.27344425202917166,0.00040037242492466335,-0.10820342645713295,-0.11022439256450463,-0.27009807698311605,-0.020961541196394727,0.05350722230495369,-0.4938744592102067,-0.037378061608596524,-0.09303259539805443,0.004254298974522858,0.2281790892842988,-0.207368913239278,0.19174573052356483,-0.038707609765444025,-0.01581035066303749,0.25177698053479375,-0.2405654654086172,-0.08252498617837134,0.2202993826306347,-0.008211898539670045,-0.5478227447930298,0.055600405001299424,-0.027890044709857887,-0.07022245415590156,0.013296732683001862,0.4776978657379081,0.182837613698288,0.02994941851384034,-0.09286059074870932,0.28668498383396035,1.154206349206349,1.5036004282791993
40,1.18895669275196,-0.509173399044625,-1.57482986534577,-5.48262299483854,-0.497913447134132,-0.0059481691822056,0.105115930040495,2.05694195995077,-2.1209928323528,1.30613345467565,3.81825320056166,1.0567501931344,-6.88548375290831,-3.65802387025632,-6.50317230954842,-7.15693702361,1.15568434476981,16.1351561302682,3.21517298547992,4.82820532694913,-0.934121746882987,-3.93920842542443,-3.32299913700975,-3.12591433897874,3.08509491239758,2.59556207322339,-0.860185131910547,-3.41926623303972,-0.406219332313159,3.83360674828281,10.0898613699294,-7.41744861235043,-13.1438218518362,-1.61037005383746,-0.453688911735696,3.27900937842099,1.09063665854946,-6.53432004269463,0.789736311556901,-2.5397205594157,2.31595816539721,3.43856398671108,3.21197756390962,14.7777514032566,-1.42444863977705,1.64523939299418,6.82702141834198,-4.70357575663599,9.80216450320209,-0.17935182133390565,0.1431023422690369,-0.11409696314992876,0.13714436294592613,0.25197761523261336,0.10782370901116693,0.1317665716197791,0.20344724813373966,0.16838551159353998,0.2539897661298275,-0.7361535218091435,-0.3199916161359669,0.4861001991739806,-0.09636921259999373,0.3378518605403088,-0.20540337089149577,-0.11423569736310636,1.6501526802126671,-0.23178374929610615,-0.17879345335491584,0.5579988631673175,0.22581182806920427,0.028635233287965467,0.23897581068351145,-0.2760209182013851,-0.3723375792163362,-0.0340037079218461,-0.23366044797576316,0.06614788370449334,-0.1215425739206875,-0.19712709804489148,0.20826892567014002,0.13185831360126796,-0.17153651284035523,-0.19257622893818085,0.04691222220684044,-0.5612151867261073,0.24123117291125776,-0.20475921170794098,0.04172700942579651,0.05422547658724644,-0.026510372722992042,-0.06172251637797367,0.025709911999041882,0.11963337440091519,0.018388745345495016,0.08588850598653837,0.46815207843095624,-0.22455006470085895,1.9050000000000002,4.015614041497042
41,4.96361253919305,-0.674172822768944,1.970774963301,4.43456441080959,14.6896822754194,-3.85982515494648,-0.0128566105210583,8.32100563037158,7.94740634631645,0.737227117793862,0.228489861893876,-13.2449817239183,-7.61696920402043,0.0368633165739429,-4.89619966279483,-3.8411477171039,1.06414362979099,3.21517298547992,15.423276261175,1.15453608363918,-2.80027246601292,0.254312257201778,6.50751667780008,2.2103487431623,1.23215895772944,1.59750646864284,-1.06233094736742,2.32105412405049,-4.14106473514901,14.5733711939283,-5.55721132746697,-1.2342620024015,-20.82889082033,-1.29611241236379,-4.66981539730453,3.62667700909095,1.48314919957708,-3.12773350489975,-2.88331899642223,-1.79847623616601,4.51136918218257,2.94433749842017,3.3641710455221,-20.923552246709,-1.30626452541612,9.61503319040274,-1.34606819967015,-2.87583174382034,-7.42008090134769,-0.5143363084149555,-0.03344370424389253,-0.11981714042876171,-0.29373048850620065,-0.5456733251080781,0.5079664575541809,0.26258336703910823,0.10979352063293872,-0.11823918398515362,0.031346896804407026,0.3042496854823716,0.2871374125978151,0.08687394833496984,-0.17341126387593916,0.709097313510593,-0.08386920774449619,-0.2720701676312249,-0.23144172051008735,2.466915268160261,-0.172793211718333,-0.03887290256184374,-0.1595927617208079,-0.19157241518316345,-0.2635970819580503,0.3095737663910291,-0.09518822765850203,-0.2936794456065319,0.029141407433235463,-0.041966754732071836,-0.14536346354640706,-0.187289019680468,0.12029567437182567,0.16721649330401542,0.25224708612185215,0.01625757181349481,-0.5418442010069472,-0.010040194020089344,-0.00813063779042643,0.06945998886783011,-0.19839389042901573,0.312523803816614,-0.26885358340661286,-0.2478281255400632,0.10772403768038007,-0.29880910710699576,-0.0937979521497452,-0.08650799861466917,0.1927326782923216,0.26300943870406274,1.3847222222222222,3.925974561962286
42,-2.03877928386976,0.731502690243177,0.841951853271849,-5.87566853303569,0.0143759529765943,-1.70374178963934,-0.404138042184794,-0.821138919654993,-0.114952070429019,0.736232728464809,0.501521984156103,-5.89686710064347,0.0334605375299662,-2.16573783995609,-3.43801424656085,-5.61083277497299,-0.272848138393873,4.82820532694913,1.15453608363918,18.3814958492976,-0.149731573129342,1.04958942748796,2.09994175458084,1.8829439781987,-1.84490654041161,1.90242319443975,-2.31889454486952,-5.19013136422695,-2.67173147027251,-6.73345064786987,2.91107843095766,6.56375292477618,-4.5638055758877,0.522956198046437,-2.60066958677412,-4.94953584188331,0.643151594412813,6.51688470898268,7.19081197552389,-2.98464283586288,-0.0523946321162177,3.657289646475,-4.6141634033313,-5.97020989971031,-2.75803694634233,-3.12832736620746,-1.48505624027011,-11.89314233575,5.80067319617341,0.2627179855180027,-0.0657659434630626,-0.33145557740410325,-0.13030846194801046,0.013341647441439541,0.017642934240453597,-0.041459671751350534,0.018072685846756826,-0.12141299847796366,-0.18921507293431383,0.051280467483967467,0.1850667968509465,-0.2602662715645573,0.20605456201449743,0.21621552269005026,0.2219960455281575,0.0010060261965776725,-0.17920807991607648,-0.17541130521625795,1.2902775087922833,0.30369349286861613,0.12350020966327044,-0.08692450426535177,-0.5749914099966451,-0.0326689033463362,-0.3987043717250785,0.21185544589937827,0.14912499181216546,-0.01400138819762599,0.2546627535960744,-0.0846658234964479,-0.14441653573045046,-0.13459675984848846,0.04489890525326816,0.13628435075515907,0.19749216008142742,0.31276345546075607,0.23247693909076952,-0.08988072575937331,0.08410806962994054,0.036214409668461615,-0.4201986102812499,0.34472982421544046,0.16360839344112113,-0.16746667160447634,-0.07570444130614891,0.29012797829590137,0.11145259142197439,-0.7684791298317878,-0.04722222222222229,4.286198297943946
