,Cov_0,Cov_1,Cov_2,Cov_3,Cov_4,Cov_5,Cov_6,Cov_7,Cov_8,Cov_9,Cov_10,Cov_11,Cov_12,Cov_13,Cov_14,Cov_15,Cov_17,Cov_18,Cov_19,Cov_38,Cov_39,Cov_40,Cov_42,Cov_43,Cov_44,Cov_45,Cov_46,Cov_47,Cov_48,Cov_49,Cov_50,Cov_51,Cov_52,Cov_53,Cov_54,Cov_55,Cov_56,Cov_57,Cov_58,Cov_59,Cov_60,Cov_61,Cov_62,Cov_63,Cov_64,Cov_65,Cov_66,Cov_67,Cov_68,Cov_69,Cov_70,Cov_71,C_0,C_1,C_2,C_3,C_4,C_5,C_6,C_7,C_8,C_9,C_10,C_11,C_12,C_13,C_14,C_15,C_17,C_18,C_19,C_38,C_39,C_40,C_42,C_43,C_44,C_45,C_46,C_47,C_48,C_49,C_50,C_51,C_52,C_53,C_54,C_55,C_56,C_57,C_58,C_59,C_60,C_61,C_62,C_63,C_64,C_65,C_66,C_67,C_68,C_69,C_70,C_71,Mean,Std
0,56.1049419197143,53.0993671358138,49.1979432422449,48.3770377454929,41.7184442528974,33.3756781374072,28.8468700367265,21.1683909904307,17.4659238264933,30.4249691783337,27.1540627777805,22.2634225968959,13.5010739524131,2.33227092478776,-2.31544540243429,-0.397742608856794,0.461705992911757,-2.05743983482785,0.341515749815348,5.73220879794839,14.7160120745004,14.5678910588574,12.0868540489656,9.36575214817571,5.55691790062149,7.83770980803429,6.17416405745255,14.2892579038226,8.07973880275904,6.86915068165677,-0.183183511809979,3.98813601059,6.64731632175769,-0.742459704946142,0.0043706097957731,3.33887187873523,8.56895724526941,11.3749878664582,12.1055880771135,12.9720907552515,16.8689562422706,25.0105170010854,16.3179628402903,16.7245664039051,23.1477488885736,27.6263857947772,17.6767866623944,21.2854659449145,6.69118887984471,17.5986701719352,13.9468456942936,12.6427345321931,3.1362394780328033,-2.1404280903709134,-0.559405878603678,-0.1435684843644452,-0.03267670361382756,-0.11861770333118508,0.06617236052461173,0.37369142400293753,0.12844335010152186,-0.11593267696761803,-0.15655271055750128,-0.11055802757076756,-0.00426268090083076,-0.036810542842357234,-0.20245000609719022,-0.016981722010314698,0.07551981429562618,0.08239066465838585,-0.0060499890585537525,0.1682382563266409,-0.03126810526992073,-0.28743100636760316,-0.06854698380820558,0.07437846617852785,0.08384439128088553,-0.046717100158096866,-0.09036935937651915,-0.0961931167381573,-0.16980096721223825,0.13940358029863506,0.004767116516908008,-0.2645707736380825,-0.2925560750944855,0.19322185262730546,0.046149146089026476,0.07321793636746804,0.17850847915407309,-0.08696690917582349,-0.19221344830033651,-0.0017045600174904671,-0.20120168579151657,-0.06959792731293771,0.019540640184501447,-0.026415444071907258,-0.04163766459565187,-0.07023755255507297,-0.14409638730443097,0.04249111175704175,0.29165314527975034,0.26135815614953356,-0.1987824069361995,-0.38664794789567797,3.308617724867725,7.489655660957609
1,53.0993671358138,52.3534154451398,50.7195005461109,51.2173679797126,50.4895435957345,40.3692713282093,36.4766797459597,28.155051498328,23.5983721914806,32.1147393287606,25.754983889177,18.670257356501,9.36996441526186,-1.68932564456741,-7.39840302333966,-5.72637752605234,-3.83622525482613,-5.80216701449981,-2.8680089593922,3.07817918145448,11.9329772804237,11.9273009036804,10.5075042438892,8.08247130485958,4.41423238826379,5.81914844509098,4.68066817120412,11.4084203686581,4.48853728974541,4.96603644357289,-1.48906008266932,1.59109442904967,3.83828451759891,-0.635758155411916,-0.0123632722379927,3.05956028684664,7.93660558303638,10.1647857172488,10.138633629305,10.0307404300806,13.1487660877011,20.3314624701706,13.3799601386086,14.8601014716784,22.6759735114228,26.4814764243011,15.9021968315754,19.889705262076,5.67924145678928,16.4701363889601,12.2931691872745,10.9169106676132,-2.1382316029773865,4.465774376788211,-1.8980858499666888,-0.1734521140731376,-0.11199654811961439,0.007739179154084671,-0.015938875452773223,0.09153232994827233,-0.04404030461154672,0.005907011506055626,0.005081690526723391,0.03927104298372087,0.06600399003711732,0.014067197179423006,-0.04845857350911774,-0.047020640507156104,0.009935088922547327,0.047733861038660064,0.01236468509158502,0.14393383041526714,-0.01083575015771958,-0.08570212072696742,-0.1608661531201354,0.022082191812522717,0.13329786748279143,-0.017072232290902333,-0.15103006150286824,0.020644669566391403,-0.017057787570212604,-0.006841841504877305,0.006353814081185922,-0.08630753841305373,-0.012901047190885813,0.010312599657864898,0.013728228171569825,0.003805057636331691,0.18991080671340257,-0.04008331274136338,-0.224754700394651,0.09804327489616077,0.016670621797627874,-0.09087609694800888,0.0747218719574332,-0.07765239981162285,-0.09109938030236381,-0.08983209734132651,-0.022463598829376104,0.0004499439926839185,0.008924728728400026,0.03136074860149484,-0.014010852385207563,-0.0219704027989348,2.918406084656084,7.2348749432965205
2,49.1979432422449,50.7195005461109,51.6791507468169,53.6708532006582,59.3324199995677,47.6797604939844,44.2356772073062,34.9782556458803,29.414513419438,33.4116201246585,23.9599188931662,14.6328848256904,4.522975048265,-6.68167592020466,-13.414708898933,-11.6846051220031,-8.54208016001081,-9.75925131674571,-6.1871235701371,0.34804270513895,8.8355543382629,8.59904337602251,8.38741393217022,6.41292032264162,3.09587431234924,2.67083002344739,1.3996630593855,7.18056285824736,1.6953367641853,3.64218876192442,-2.33906312006872,-0.519632248993543,0.940438398052998,-1.26053059559911,-0.594378307698795,2.14635899496407,6.59149276928007,8.25746728114023,7.50321945199168,6.38037743714733,8.57722256791991,14.7830781629206,9.06434221948257,11.7408071324093,20.8147297672642,24.6851512931791,14.1833193132988,18.7985316918834,4.37454308303225,15.3036573768234,10.7698095507132,9.39226949048984,-0.560400606299996,-1.9035414261235744,3.2280951336846955,-0.4915979310288914,-0.24482680273664822,0.20625170792787242,-0.16623618067125956,0.004852105149905208,-0.2119366316939263,0.14825470898779972,0.09660446503436673,0.10647590312956066,0.035306875343445274,0.04199838644525562,0.010162262276206863,-0.016616624134198066,-0.022841550938455375,0.01730838199709606,0.014387007871848049,0.2249041905894372,-0.0113805836873484,0.24777533890088396,-0.3715240559312926,-0.02492814283942023,0.06875827250723718,0.008836271371890926,0.10782214083578992,0.040307373912706196,0.015052078456383969,-0.19285746193497316,-0.016089855573267402,0.017565086761561464,0.28020302914232076,-0.00876171310064857,-0.012317629748626513,-0.16287432932951984,0.13411424288546003,-0.015857621175461772,-0.05832426608636983,0.20275408661885252,0.2681973906921476,-0.20077436542678567,0.11723964342889678,-0.0482475072694706,-0.06471204799778937,-0.08963971882094593,0.20196639920502538,-0.2172379706738182,-0.31574385444314157,-0.15652825709493595,0.16053177046805253,0.3268794873855608,2.4226388888888892,7.18812567689359
3,48.3770377454929,51.2173679797126,53.6708532006582,61.6845404842359,74.3914315071259,61.4731447954134,58.4450884559621,48.1531059446804,41.5564771098308,41.4292883406291,29.3574524626249,18.023164539545,6.46999786847343,-6.37527370176226,-14.4965045769389,-12.9732570367193,-9.30356710014161,-10.6297730151757,-7.68116590161683,-2.12262995644812,6.03728149801673,4.87574855532811,4.98745790025294,4.31368104272253,2.42312980400001,0.625575790317919,0.28769223110669,4.39955726305136,-1.78411126776465,2.76261671161458,-1.19701212695789,0.373522373221667,1.317685002452,0.561616817022272,1.26797966648383,3.6275406863007,10.0868412283425,10.7083406029007,8.82333008700573,7.07408229868357,8.25697092692349,12.0679718167205,5.45550563718694,9.96519476302825,19.895573782298,21.1891361389137,10.8063881771156,15.8757491076414,4.74139060207418,17.0432044319463,12.8144913867061,11.857532810501,-0.13560412862191895,-0.17059120972919017,-0.49047297678465424,0.9739185736097932,-0.014250606749490703,-0.12407137755808169,0.17262454766416682,-0.19583898608997646,-0.03483117600710762,0.0013431221109048244,0.09621913962282368,-0.1183545213441101,0.009474836907811942,0.08632983447791405,0.24652767227458794,-0.056402319330780486,-0.14262253949399809,-0.07018948140346216,0.10227306762965355,0.08276598948885981,-0.14888054088637898,-0.16423643343280125,0.493210399962481,0.0006972630747272664,-0.15221472315417506,-0.18412559389878425,0.1250364443314244,-0.01945819917068923,0.20795323089414688,-0.21066661720804244,-0.21736735554021056,0.1347913129493315,0.022028291658376144,0.061358783968660985,0.002754183452035848,0.29272231941059723,-0.36210356562675916,-0.17472027541964907,0.19604564002898134,-0.10057826562761008,-0.2593761931405177,0.3224617853675992,-0.05108008732088321,0.044804548784582655,-0.0752283300451418,0.03399738688997244,0.019808785965396876,-0.013651573506328469,-0.003655793520802908,-0.095421812913377,0.17223193824735142,0.006804915727225667,1.4990939153439153,7.853313981004193
4,41.7184442528974,50.4895435957345,59.3324199995677,74.3914315071259,225.865093093104,199.785662869349,187.144971804198,165.694350577786,147.806198398597,131.202189836059,103.862999586353,78.8986312056003,58.5766166473849,35.4417733508722,11.9722731646132,-1.17477326792847,2.2475062504104,0.497396704513535,4.53471531901111,12.211074264736,15.5928593489191,12.2978435913691,12.8142701770004,11.9979004102268,9.34089545089877,-19.5294991924344,0.920615181960473,-8.37332225714564,-18.0000002314185,-2.77085662479312,0.976217696734574,-2.85135086775714,-4.06896105499545,0.438007082087955,0.495229297074105,2.81300794362789,9.70782002564275,8.72198305233552,5.14901955839801,2.53722939601953,4.85039942137697,6.08244005683107,1.44704661646523,-3.39640754013416,0.916017479464386,7.9381581258041,0.930611416230049,11.2933766604775,7.44686007521023,37.2686650887586,28.2639098704347,23.8847991961298,-0.03549495893981341,-0.11993828852749439,-0.24552738018352804,-0.014852904567093034,0.973447589772861,-0.592577377844508,0.02754249534468753,-0.10468779334961556,-0.1074430067667202,-0.1789830101188995,-0.044045362029594484,-0.04638428252370176,0.19217852946975697,-0.2067120181302626,0.03419432169172394,0.10776463762214702,0.15351871019657698,-0.0008380980036643025,-0.2547422855396433,-0.5401632608645482,0.24464062174636123,0.23060373509981633,-0.04046075469478456,-0.1211052384024692,0.04175956188281727,0.3926757073650962,0.14398582311273367,-0.22459785517874192,0.22609218634719938,0.047488466692085514,0.21280664463931526,0.12735072082113832,-0.06683682535455297,-0.2562339703602589,-0.08417876894703821,-0.21558796759948468,0.1283371897363266,-0.09418959665186039,0.03591226296908939,-0.06544727219084825,0.10735514748081529,-0.009904915780621967,-0.0033268553627396895,0.11965492934694535,0.045363968764817075,0.08223769721486021,-0.01069128013569567,-0.03235845850396977,0.20599790261438666,-0.21594230479783227,0.14329440332799112,-0.04527754968829475,2.602400793650794,15.028476073544653
5,33.3756781374072,40.3692713282093,47.6797604939844,61.4731447954134,199.785662869349,195.259419128956,177.629311465641,153.844563048916,133.104415879199,117.4054588841,98.125851046651,82.6965823522294,66.0567662739683,44.8303094716499,25.7186670882501,15.376274697608,16.8036178398929,12.712872488785,12.544611706834,17.0965502370944,17.0415783422732,11.620013999382,9.54436802843631,9.20851429352893,8.04501206434585,-13.6336245676577,0.781758187396834,-8.2175390869846,-10.5248149247133,0.715683878139622,3.64166125785138,-2.99695604766425,-3.87475502817629,-1.91876246976441,-1.54671705390257,-0.668451731121832,4.04890666777859,2.51590329334313,0.978902117076857,-0.222243405728584,4.32303084261737,9.60376922262854,13.6736944170421,4.76563038246719,3.10037457088115,12.3728999682683,4.26636211025806,14.2336417663515,21.2882554426814,36.7288122432998,31.7275709734241,27.2185559613977,-0.12136740504476985,0.012066082716748831,0.19943532815554565,-0.12230548039030932,-0.5927995119160878,1.4149778334546674,-1.0265856384342675,-0.09818843528405452,0.36640574214394533,0.002254972237589358,-0.10048593449125685,-0.17937193366517706,0.1490253966203942,0.23565722805183675,-0.18867116461498895,0.07195363675993921,0.014946821015968753,-0.11888561195901337,0.047398231719598394,-0.16357607832029805,-0.026653330312640864,-0.14637876951315915,0.23941839052504146,0.05350534717577722,0.04084152686992741,-0.303407657406355,-0.07293599061875934,0.2630289928934976,-0.2992174887155815,-0.09108020789659758,-0.0016600922787674167,-0.025534173119083216,0.01814914976184002,0.12529336887425868,-0.20680970147972286,0.03062768983138496,-0.09769386683425102,0.25848156785913157,0.23547512766822917,0.26741655549053067,-0.05089501670573652,-0.16706910288741708,-0.23084230913782408,-0.028430808098016163,0.051006381885727994,0.013811972916157756,-0.01602505910121886,0.31104102276280887,-0.10175377842130393,0.32002953379607063,-0.06041657709865983,-0.04942273897946132,2.8511531986531993,13.973167827266533
6,28.8468700367265,36.4766797459597,44.2356772073062,58.4450884559621,187.144971804198,177.629311465641,177.067066456097,155.932643546962,136.626404192622,112.51097170818,90.3367238258277,74.042645249089,62.9848007880275,45.8642979722493,28.3243510134498,20.7996829568698,21.1590763272975,15.4758235440425,10.8472262325391,11.5123749558704,16.02697393682,13.8937195781908,13.9024791480414,13.0429858286874,9.47526016762642,-15.3151425648349,-2.37643335155655,-13.8407871758272,-19.4927659547078,-2.32557995711294,4.2641055141749,0.0865395396574921,-2.04258296595795,-2.13576255474102,-2.50846163190878,-0.469579654420445,6.68621234474129,7.1095360952689,5.93842318343342,4.94009481984678,3.58674126853778,4.61895405867921,6.91514516040751,-1.5159811088073,-1.58506529968456,5.70209721171724,1.31445719652867,11.8804530026764,17.890087092292,46.3213422227592,39.5697289487443,34.7863439940893,0.0781190802026,-0.014751973397240018,-0.17057352476915902,0.16901312558349949,0.02771877689172992,-1.0262301587382603,1.8865861519266511,-0.9251662453166563,-0.06921254309176922,0.2642092998114933,-0.004156415517536729,0.15330950549476632,-0.3083467098551445,-0.10539982852669262,-0.05987004697124702,0.009088331385866207,-0.033675319822169404,0.05906652239805334,0.3421996226207771,0.37724934700509055,-0.24119517701834856,0.2829277958495472,-0.16986798581750387,-0.040887503787434144,0.0945980766018999,-0.16741669771829887,0.03661119808599092,0.0060034351045787065,0.2135207429367471,0.029503288710426633,-0.016399412446696186,-0.02160480942539805,0.11062906532094641,0.1513330998668742,0.17697842927380764,0.007083513725525295,-0.1967805657633561,-0.058175711234336104,-0.2430451760516242,-0.2541644081844544,0.09125968992469546,0.11402753149648659,0.18271332198537515,0.03331075173912761,0.16785752727567085,-0.11797829696593103,0.004451587626859627,-0.38221495918400594,0.011047361210277367,-0.21532445137838452,-0.043076988282039805,-0.011494891671208977,2.190454545454545,13.306279211563876
7,21.1683909904307,28.155051498328,34.9782556458803,48.1531059446804,165.694350577786,153.844563048916,155.932643546962,145.961999577692,136.339461349407,111.097446053114,88.2163507377177,70.2132888990063,62.8717001069561,49.2691217896911,32.1700989202269,24.0539468901327,23.4206331492607,17.4259435803777,13.5983100409361,11.5805211487442,18.1166709578798,18.1844715149305,16.6367060755093,14.9334911147666,12.0889250223198,-12.6046053150493,0.102474203069142,-12.4705291381333,-21.8723910905404,-4.52618333944348,4.30388550203455,0.556492573776899,-3.04073902138771,-0.955530143478383,-1.84877417471524,-0.218933398447987,5.09451316823254,4.26939552688626,2.1673052310582,1.93874117316963,2.48326099562552,2.38474815242199,6.32422979590582,0.0130896252709416,-0.189879375321383,2.86634442287454,-1.03418469374272,2.87676279059598,16.9030884909697,43.8304074038444,36.9800148938313,31.6221332380416,0.38211252851000366,0.09519377923397308,0.006433423644536258,-0.19586255064604352,-0.10920005028663356,-0.09762185594885792,-0.9197838994030919,2.354124234101376,-0.9690029189472507,-0.16775494754480047,-0.017421312477939176,-0.06024361195044338,-0.029802855797626867,0.08762208033516716,0.10749731317148219,-0.42494069298936277,-0.16618878736271753,0.3808660364559149,0.05062780876957173,0.2567431488662986,0.3559017025742416,-0.40278477939418494,-0.09485963806576435,-0.028578604497437255,-0.1709729472727202,0.22311365694743943,-0.01882758001633675,-0.11311881341608462,0.026001198608054624,-0.007239430894557279,-0.04977370479288519,0.26709217812527863,-0.15269909994845302,-0.02619236745213557,0.030507278529224302,0.03910114475781705,0.003847408956898383,-0.11264212120289885,-0.05716470907360748,0.04745745423216782,0.005071113320161355,0.13287148852640795,-0.07807505844523378,-0.07994897401340877,-0.03897592916314711,0.0015771108432997573,-0.004642996233052136,-0.20730463093919824,0.07819765942824686,0.11606975241466641,-0.2161863223832525,0.06476109362174784,1.608525733525733,12.081059538703197
8,17.4659238264933,23.5983721914806,29.414513419438,41.5564771098308,147.806198398597,133.104415879199,136.626404192622,136.339461349407,139.947542068993,112.694859445292,88.5823488878285,67.5152120541981,62.5537556175315,51.1502528517934,34.0046504354445,25.2233185633974,24.0167552398766,18.1504274699996,15.6620861389392,11.4934279742269,19.3074324426733,19.8398313866809,17.1525686988093,15.0342909958491,13.4086610404841,-9.49276339778889,-0.451612664012474,-13.364038122871,-22.8787226803162,-7.22007336983233,5.18116802495552,3.66014184701369,-3.3313026986957,-0.989831091451952,-1.9348867463852,-0.119942368050723,4.01103305420061,2.57940638320454,0.13448897081041,1.25561403602207,4.37158854294813,4.1726424768628,3.41784111864669,-0.112837987776339,0.0936857834529454,0.971724127832452,-2.4268623476515,-8.06516724118451,16.4815716326624,40.7258800546767,33.2620126495918,27.2853419836142,0.1265241667068679,-0.040374933396830626,-0.20959649257706184,-0.034638799569026664,-0.10548415670604461,0.3606262162763919,-0.06906232321143095,-0.9693979404468702,1.034280966326377,-0.22710898205248214,0.055674573603023345,0.12327361289318096,-0.08144872868283044,-0.21836667553832476,0.2773595513896137,0.185771980806376,-0.09716762200669674,-0.15530535766308926,-0.0962772973309142,-0.25368263340631647,0.03682287863148117,0.07235873674010802,-0.029401677450467144,0.0037129279613367814,0.03329716942208107,-0.099640609246754,-0.14754877228278918,0.07136909143271246,-0.23298239098341395,0.17864380516069092,-0.05951010685287852,-0.34434634406411313,0.1231616359664997,0.02711869585672742,0.12220436494848116,0.019881877537095003,0.12596642879445624,0.05617798995130666,0.052497579878899005,0.07154966685707513,-0.12167602115485567,-0.04818733371593879,0.05744149655603146,-0.11065628226285967,-0.0018707192984362198,0.11809506741756266,-0.056329730751033945,0.4160277378646473,-0.08892761064263957,0.012816362911755173,0.06489987547110375,-0.04001837549746119,1.0715969215969217,11.829519942457228
9,30.4249691783337,32.1147393287606,33.4116201246585,41.4292883406291,131.202189836059,117.4054588841,112.51097170818,111.097446053114,112.694859445292,117.763171658851,94.7943431127962,74.8786651965343,64.9537642286164,48.0885430590729,31.6883976217085,22.255636113279,24.1753504246206,22.314424518636,21.7094007732044,16.5707923055572,25.4825574786098,25.0120230751779,20.4779164241984,17.2509911834851,16.0382057271721,-2.51308190276224,1.54550430311108,-12.7543725518743,-20.0113035282588,-8.36025390285305,3.7546577229546,5.83372385857799,3.14601648902804,2.311232466499,2.07507673860632,4.16448690164626,7.12808207561834,4.337804085672,0.865079805255132,3.25633271431515,10.0560043569928,13.1161517455502,8.68186540842479,8.03979250453782,12.5304947440952,20.8531549204459,9.88043154342437,6.83729733677328,26.773710311951,39.1276812893022,33.5212053976889,27.4290824404521,-0.11400220020075755,0.006139848577696062,0.14396837588899186,0.0019099902591108778,-0.17441687655483076,0.0008266228164126096,0.26319719652155055,-0.1685360449803399,-0.22630312144547873,1.032460488412681,-0.9803571520202933,0.2059290752857181,0.18545743576535584,-0.056558492237754804,-0.32356604396101313,0.23114332509052737,0.11581552405677252,-0.15926451818436627,0.25498437789589795,0.22353849276575008,-0.12584941814438316,-0.06572089177057146,0.08851616394834634,0.11418573985907138,-0.22098243178194502,-0.1711898404109417,0.02031005796073951,0.2176404078970033,-0.05627775906714035,-0.04909917053510166,0.10544379804116655,-0.07425776251418384,0.07287998846965787,-0.219716351416836,0.031034122652079464,0.02168372146199952,0.025294203575741015,0.02414433362366377,0.03593009374085296,-0.06601878531643225,-0.05354966871934173,0.09247251087724766,-0.10866300550036859,0.2914071257597776,-0.14331146717057322,-0.07829103201543056,0.05366514917596955,-0.22078564348901086,-0.09809162623783581,-0.08183517508955122,-0.07910293923333882,0.0872874347582167,1.5291125541125539,10.85141334844686
10,27.1540627777805,25.754983889177,23.9599188931662,29.3574524626249,103.862999586353,98.125851046651,90.3367238258277,88.2163507377177,88.5823488878285,94.7943431127962,90.5395649468898,82.6912619115703,74.6395328766531,58.6868446074952,44.6672650766731,36.7896154888412,36.519821545136,33.4419162406129,29.4575194575928,21.2164628213401,28.3972604123784,25.116096503883,17.6493995785516,12.2931559245771,10.1262877104797,-2.45293371831192,5.62823171916038,-2.1225914937626,-14.6908287257022,-4.7128437421479,7.6139310229661,6.45563655861213,3.28526603758521,2.48715055611992,1.82761186101513,2.86834220297864,6.60380282720532,5.72645600023822,4.90190947144644,6.38724263836831,11.2049793583291,19.3648407625187,19.7880574783952,16.6579376942942,9.77584224157693,17.1731765400744,8.25168666788669,5.41388349764046,27.3702126399807,31.7114552227488,27.0110561416862,21.5700278164044,-0.16206532686749334,0.011363179501509495,0.10018088786827488,0.09735215866947719,-0.042380792367940213,-0.09828839852845268,-0.0007819661343832332,-0.016039194141853966,0.05423259570257798,-0.982961345961321,2.3178069546899827,-0.7753807356453573,-0.43580877139704977,0.01918549045604955,0.1403595097887385,0.1222404593967731,0.13548180199253862,0.08789640087752595,-0.5278266684029794,0.12186736697259398,-0.39564672506767834,-0.021533323559997524,0.06630811386533388,0.2300317099034153,-0.007723155387141722,0.07979762632127532,0.03368085233654265,-0.3287394692553521,0.2193863519640249,-0.03665167682803963,-0.32524729972671707,0.04949351139783996,0.09993748735877149,0.11910973950899469,0.029068791749594113,0.007232326009105372,0.001424086996003955,0.06037142919533672,0.08678600232292358,-0.18449200072402544,-0.009693626246073072,-0.16752379488187744,0.47154876629154246,-0.49209739928048424,0.18412082105395136,-0.04780535867380401,0.006489561918712322,0.15602712876459732,0.0345550782370665,-0.08596775421655932,-0.055049517585712915,0.05535479240828178,2.142276334776335,9.514702567442129
11,22.2634225968959,18.670257356501,14.6328848256904,18.023164539545,78.8986312056003,82.6965823522294,74.042645249089,70.2132888990063,67.5152120541981,74.8786651965343,82.6912619115703,88.8547334573602,83.4957460347784,69.1489750935931,59.1567311492572,54.1285035242951,52.1822035448265,47.8987885141367,38.9380262255235,25.5862668044653,27.7584533769761,23.9608365157631,15.5832234133089,10.1608946880296,8.09487473016218,1.88282645079279,10.3114085825586,2.95363913501666,-5.71910036740535,-0.0320685561525051,9.71928722872786,6.74750287539371,4.80570559689723,4.43865072549934,3.01281419295223,2.60275260830929,6.61570018270668,7.53693479344559,9.32161859684207,9.65924769367022,11.62381932267,21.4446165061196,24.2135830242319,17.392969825398,7.0890903384083,18.2659420635072,10.955240746206,8.97540296986065,28.1464012736488,25.5119618626917,21.454771389386,16.1261131186407,-0.1022611049746361,0.05695993896532939,0.11824362136616577,-0.12961178856893218,-0.04688089716865453,-0.17469158186057493,0.150827577988944,-0.06815757199638349,0.12429317068378984,0.2127782857073016,-0.777040885785873,2.000390660899407,-1.5595651358793816,0.2668684789763848,0.16368864181532153,0.04309632972691515,-0.02300981020786541,-0.06726148888551965,-0.18099071097587904,-0.29300359849793006,0.1150804842667167,0.014895563342984733,0.01385799855202977,0.010053657315434929,-0.16331858470403837,0.3399461086800925,-0.22876945294261944,0.02127472784385816,-0.060894570045330124,0.05829605344239611,0.09649511521535224,0.020264058652347882,-0.13440485382141415,0.11460497950434173,0.030852023604944552,0.3390685595628342,-0.11260231265901374,-0.1814604251642277,-0.40243300274288407,0.20261573806406966,0.24896629002977513,-0.13188358033373127,-0.003317463066083813,0.26046399124206543,-0.15815712035070326,-0.046985720124995,-0.01548263293222111,0.103774609561949,-0.25595078900685525,0.23054255954360497,-0.0881521185652487,1.2878561327402972e-05,2.2740909090909103,9.425748429560393
12,13.5010739524131,9.36996441526186,4.522975048265,6.46999786847343,58.5766166473849,66.0567662739683,62.9848007880275,62.8717001069561,62.5537556175315,64.9537642286164,74.6395328766531,83.4957460347784,93.9528612872724,94.78629635761,87.5380128137507,83.5587014084857,76.5052887561161,67.155555021586,48.791403467263,24.6085130538585,27.8540467487913,24.2568629567416,14.2037236633644,9.09135478212869,6.88235602451832,4.74822139395952,8.06037654918745,0.636228069697995,-11.4240263799364,-1.29023338885522,11.0464638251005,6.98604853428253,3.58774602876256,5.1352929801483,2.36638613526648,2.07779133715734,3.51474956956935,3.35364036096845,5.10888932077618,7.61266942869361,15.7162854388458,23.1277109796079,29.7182305473711,21.0595445079911,8.62934436028476,16.227804912793,7.32560500500458,3.90309278255084,18.7773113560175,27.6143110886251,18.0938279701953,10.9358877403777,-0.014311235197370164,0.0243031904960201,0.024047015820722467,0.006037328543799942,0.20844734614342272,0.14650099487797383,-0.3113400504408177,-0.03083699716567013,-0.08478363727697817,0.17472029488667642,-0.42912532500848277,-1.5608945140288046,3.3123616250476897,-1.2609086823635383,-0.176102380943931,-0.08387220890097671,-0.10075583445850833,0.12832320958416588,-0.03390698505231663,-0.0506875515945654,-0.33685892112655325,0.1635582769306741,0.008059399158495397,-0.012081243259176307,0.04818788189767101,0.1053475025906081,-0.13234688020777746,0.165052575368536,-0.08717360757625513,0.047035530597910394,-0.18402550822244135,-0.02258234269566309,-0.014562887582042928,-0.0021297728508779365,-0.035910793464219666,0.022789279117475903,-0.02093684290549989,0.007338999472663452,-0.04209620198311333,0.011402575588456625,-0.009137615173470138,-0.021252057004077944,-0.035745333619354426,0.14546544757967136,-0.3450559952432671,0.003130511843245134,0.03825702815858809,-0.10304370809933237,0.05513608799456582,-0.07570135989079546,0.12671171193005212,0.01397538261419287,0.3475721500721502,9.692412562787059
13,2.33227092478776,-1.68932564456741,-6.68167592020466,-6.37527370176226,35.4417733508722,44.8303094716499,45.8642979722493,49.2691217896911,51.1502528517934,48.0885430590729,58.6868446074952,69.1489750935931,94.78629635761,112.542714087571,108.971660661272,105.27232121013,93.4882332338605,80.3443166842875,54.1425093390559,20.8890383419097,24.2016623744944,21.574803651118,10.844409116044,6.72086505377035,4.70716556056972,7.0857568079815,5.53943238310399,-0.524210440001697,-16.1524644889821,-2.87757838852547,10.4447338414537,5.05508602894956,0.395584122959096,6.22452334249505,2.5456039645569,2.40873266372714,0.863669581072047,-0.469531211962722,0.898192621047077,5.17052958647371,19.3491599155955,22.9686762091193,32.3514289235464,21.9352134410126,8.01217183425702,10.9592381923996,0.990715108197988,-4.17122628505771,5.1964824058365,24.1734074991454,9.78542709591229,1.583990673073,-0.03552506906694415,0.0038241240748043133,0.03224450303012178,0.08709966180465066,-0.20282371084889392,0.23401094052906454,-0.1137566762686169,0.09445778539210628,-0.21473179960445446,-0.057631615808471696,0.018534850573880702,0.2560293043093681,-1.26673997854579,2.6378733750105043,-1.2323075804153176,-0.22287371729637692,-0.09498588208471867,0.045425986238391454,-0.05407159066434563,0.05548364761989408,-0.15435636273597225,0.010020756927297947,0.013122889777608315,-0.08466990866826607,0.33784657753995906,-0.060091889864275265,0.23026054290164313,-0.02726251195710969,-0.15629216477664212,0.4176965922489569,-0.15916600479732074,0.051909868641558124,-0.006561125364779509,-0.05665991448170002,-0.12413162451521997,-0.2923124211849118,0.04402449817639133,0.04190699530343222,0.29415098350999086,-0.04860424383968129,-0.17138297498800098,0.22252066612535384,-0.4808108685853804,0.1306054331291602,-0.07480952797118694,0.013004354219545768,0.10295116137371342,-0.07193955551010539,0.290030725649481,-0.02583799202065478,0.292383105922611,-0.1578515098951477,-1.320055315055315,10.60814376258029
14,-2.31544540243429,-7.39840302333966,-13.414708898933,-14.4965045769389,11.9722731646132,25.7186670882501,28.3243510134498,32.1700989202269,34.0046504354445,31.6883976217085,44.6672650766731,59.1567311492572,87.5380128137507,108.971660661272,112.37793737763,111.493416996137,97.4766656006825,83.5820466723277,55.302311761933,20.3228670826271,20.0193793974964,18.7044638214603,9.3959080932986,7.07570870075368,6.63188910583404,11.8214157781549,6.74936787118292,1.56473196761239,-9.58221204763269,1.62654851477394,9.68550449201886,5.89476431547344,2.50561568091705,6.02075173461213,2.3001910951469,2.17554973879187,0.406695373397589,-0.476125950003485,1.76198572899562,6.64571867420751,20.6369355687405,22.2723471198743,26.035990633697,16.7342888607162,4.08565611380837,8.21938993423738,0.748927048958437,-5.41489161665454,3.22853533277641,22.966603937169,8.55810665866569,0.0909740671553248,-0.15972099495860234,-0.04019854112089559,0.013086551206346376,0.2556280267131505,0.03375971265441242,-0.18811794005794524,-0.043027356593555464,0.10544078705065385,0.26939478587022947,-0.32895405679597245,0.15605296214387307,0.19494256038555022,-0.17184324296243597,-1.2557256859938153,2.8271982529271575,-1.222191736212227,-0.2759164537285642,-0.17811828287747883,0.03631214593830415,0.1870560682289529,0.028494063038079727,0.12446300545403657,0.009331025720385,-0.04756145984508909,-0.3018013285231599,-0.07870598893343414,-0.12910948648319437,-0.33604620718845146,0.15189625709822516,0.006380766061116267,0.19472892179273713,-0.18195809809477326,-0.03318416432739747,-0.0323809530909079,0.048056587748754286,0.02027769822961952,0.12875638260720634,0.03833626737248139,0.06258725178011461,0.10878774121403943,-0.1391698779480497,0.05146304259730201,-0.08390286062426255,0.19881409001632863,0.23697211921921107,-0.0298234401578624,0.23719632297667692,0.2721958291057394,-0.1282422761032691,0.012124135021539362,0.0033237556254003303,0.04390057640556055,-0.4276310726310725,10.600374397993225
15,-0.397742608856794,-5.72637752605234,-11.6846051220031,-12.9732570367193,-1.17477326792847,15.376274697608,20.7996829568698,24.0539468901327,25.2233185633974,22.255636113279,36.7896154888412,54.1285035242951,83.5587014084857,105.27232121013,111.493416996137,117.154754284225,103.608557086886,89.1672835340763,57.429140113825,19.5906610783127,18.373258080048,17.0992041191054,8.14919346624283,5.75479086431061,5.08907348446167,10.7427279891871,-0.240110909403793,-3.39744351213166,-4.75835063218631,6.11679317139299,10.8659092030793,6.9094312022343,3.56726524387565,4.26793197724873,0.878816803661053,1.06838760254197,-0.424424894143788,-0.593790855988743,1.85828133645712,6.79244650128978,20.4393560062918,23.0414709703265,24.0995138594583,17.4205160708182,6.23798047058614,13.4137713878279,6.05461771921336,-0.691578376322777,7.48843927707551,31.1548359880977,16.4293114987613,7.49366235208886,-0.013104418734040313,-0.04879277716361043,-0.016127431687301158,-0.05568821496589884,0.11262462583415005,0.04876357856911514,0.010369687204982464,-0.4294353803884206,0.19277387643681942,0.22489213390166887,0.14057936131789933,0.032335221366437676,-0.08650402604469647,-0.22403910442937355,-1.2173190304176118,2.6647277333463406,-1.5501562555853108,0.2951359616621621,-0.0303401060640363,-0.17062924615254635,0.03124146673960591,-0.17183362248818715,0.07539952192683438,0.18545656441966474,0.01415665189529299,0.013172679966767728,0.14822839778063246,-0.12104380468644949,0.1545964689662508,-0.45960892334702164,0.015751332260804614,-0.012391754624334455,-0.039206403344607024,-0.3099359336183633,0.08831304077986579,0.1743663881344942,0.28714071350502146,0.025330505652731428,-0.06149054388016512,-0.06301958377338711,-0.19931118747160426,-0.06281608399609626,0.3643541523695817,-0.006604130650992423,-0.12477338964489408,-0.027140852791632013,-0.13121330671924622,0.18850716299996248,-0.12241103879953538,-0.03646343349691152,-0.19361181152644438,0.06360684521523437,0.7178487253487257,10.82334302719014
17,0.461705992911757,-3.83622525482613,-8.54208016001081,-9.30356710014161,2.2475062504104,16.8036178398929,21.1590763272975,23.4206331492607,24.0167552398766,24.1753504246206,36.519821545136,52.1822035448265,76.5052887561161,93.4882332338605,97.4766656006825,103.608557086886,95.84514699147,86.4527715261293,55.7935004450429,18.8403937987533,17.3039349934076,15.9764317098297,7.96891948390176,5.40991857695196,4.35691438849977,9.60472961939026,-0.670730833406753,-5.80833424371196,-5.26097618182107,4.3361637266964,10.4170953783372,5.2485048285122,2.36520994966533,3.65188345656074,0.955910596176472,1.06678153931696,-0.276661675808685,-0.544568148370998,1.41375224689989,5.63975782215511,16.7971750658729,21.4029393412238,24.9167968411836,18.5728673993086,7.38756105715166,17.9850332384286,11.792780989693,7.51367448564359,11.5497657765892,30.3087398083238,16.7035485915431,8.01838606983854,0.06274972195350666,0.005439593846366146,-0.024150009821702643,-0.14346299791901,0.15274467546938536,0.011453311238243093,-0.01046602888862014,-0.16090081104982687,-0.10702649624299487,0.12249688226350486,0.13549273523737196,-0.027149455531574697,-0.10749947026472759,-0.1133938625479323,-0.2767302344980707,-1.5528845886030773,3.7637144472595976,-1.4231912488908764,-0.40551361793155627,-0.11189322892949385,0.01638639744816241,-0.032488616470224704,0.014710197345825569,0.03586535675255834,0.006397800470665363,-0.02122003104174228,0.13041210011592388,0.21206442297309985,0.04624074964238581,-0.17821773084845954,-0.015397462941344005,-0.03417426670488517,0.08610302532073093,-0.08768740626038046,0.00918767280258914,0.032445905491991944,-0.0548646443077614,-0.03434312331614111,-0.15614956151932316,0.0022816895950235213,0.12245443825208824,-0.08016904821396695,0.08418752857595214,-0.17294470354256455,-0.23262260696192621,0.15061960078791142,-0.14102118380223205,-0.20108452734787924,0.02734468293322451,-0.04033522361596856,-0.02678735437317968,0.09553112414413878,0.7243975468975469,9.789542736587343
18,-2.05743983482785,-5.80216701449981,-9.75925131674571,-10.6297730151757,0.497396704513535,12.712872488785,15.4758235440425,17.4259435803777,18.1504274699996,22.314424518636,33.4419162406129,47.8987885141367,67.155555021586,80.3443166842875,83.5820466723277,89.1672835340763,86.4527715261293,82.8726807214522,53.7184968664783,17.9825542193288,14.805480969521,13.9451063371739,7.27466896255899,4.94984188035144,4.00831004199293,8.80303051649882,0.39583737473098,-6.66626219294988,-4.84062058273393,2.60719972725732,9.35717204418212,3.66068064882677,1.5387496392367,3.21250460816569,1.22779019659894,1.21909535184647,-0.0186819656967565,-0.290940399039176,1.32079687792258,4.85248769779382,13.283883214978,18.7267497429654,23.1463496007305,16.9809938468016,5.13453613122118,19.4838315844519,15.3547934933126,12.4857639395803,13.1357514611367,26.6582700643943,14.3706263729362,6.02813118783289,0.0713582121641098,0.041802286214300384,0.01960239742748083,-0.06468047787300599,-0.0023525338456608274,-0.13953831440682246,0.060462121546205116,0.37476311316831984,-0.1470925078392019,-0.15861043549122023,0.08729126412996281,-0.06860048132104615,0.1266884511223444,0.04308000791464561,-0.18075991301137825,0.28470686227667125,-1.4288737854695455,1.8131225261564559,-0.7815117808704509,-0.013218973137270851,0.15494878634928572,0.046305954140750775,-0.007735095700907989,0.02569613378866614,-0.020734486598655254,0.019943839025246327,-0.16849195248817736,0.20851338242273926,0.016034697874707446,0.07075525314754397,0.2847033854810706,-0.10930325473498087,0.26164668569377697,0.25603859939443907,0.15102817301979957,0.06596308127805221,-0.5433861349981923,-0.172865507174582,-0.10320097407469384,0.15747867074874858,0.13001570410465396,0.04068263967239088,-0.11717752292733932,-0.25098344955467633,0.3588139633241645,-0.060009235911194524,-0.029534007833866793,-0.18982205750802925,0.12242116502503168,-0.12314054857037009,-0.05555198805574504,0.01310842783099162,0.5198352573352574,9.102894084929924
19,0.341515749815348,-2.8680089593922,-6.1871235701371,-7.68116590161683,4.53471531901111,12.544611706834,10.8472262325391,13.5983100409361,15.6620861389392,21.7094007732044,29.4575194575928,38.9380262255235,48.791403467263,54.1425093390559,55.302311761933,57.429140113825,55.7935004450429,53.7184968664783,38.9544723205623,16.585003126374,13.8692063717966,13.9572043202409,8.46815859546188,6.28728143478066,5.87904861245137,9.52894413154248,3.86781731634831,-1.39635614289205,2.1275778972922,3.28647713760914,6.74789775475668,2.93321316744624,2.18270185856524,2.16009305430369,0.983971590646222,0.106025522298546,-1.77090695184653,-2.06101620133774,-0.654536049743183,1.70224477669358,5.7965278683936,9.71576055349315,11.3498809009142,7.82662299049227,1.34967380468696,13.6534709554471,12.5114217783797,10.094874551681,8.78920979259667,13.1362397128989,5.64607583849813,0.539540291378703,0.004377387403813522,0.01690391565908142,0.017555456105882015,0.10211973805682356,-0.2532176543813895,0.0543598769857184,0.3439268417203073,0.049086259488167486,-0.10048646243969338,0.24766470980683017,-0.5182404263399331,-0.1699674506592164,-0.0298440377784603,-0.047487082807164016,0.07728545895730389,-0.023682393499071582,-0.3880971098155375,-0.7923682999071882,2.5251447451565734,-0.08559271246382232,0.27614927470831296,-0.19452602743311742,-0.07616274814158495,-0.028961144116823198,-0.12463197512779144,-0.5221532851197985,0.18638217112559255,0.014348882656252334,-0.14677314468269315,0.23422054519490113,-0.5646196287795813,0.5389660998979178,-0.09972779780770005,0.13183605831094616,-0.43326108919601125,-0.2827082077790049,0.33270666770512525,0.05176156951526869,0.1289797617544484,-0.013069737096308626,0.09754829822497678,-0.0033663062523820162,0.1551967463238213,-0.13040607624039025,0.31367779302974025,-0.09405362868819894,-0.12082997613966033,-0.1219816762411141,0.027649068818546223,-0.012868384746439409,0.002183954909774706,-0.07582571351324169,-0.6839333814333816,6.240550642416285
