,Cov_0,Cov_1,Cov_2,Cov_3,Cov_4,Cov_5,Cov_6,Cov_7,Cov_8,Cov_9,Cov_10,Cov_11,Cov_12,Cov_13,Cov_14,Cov_15,Cov_16,Cov_17,Cov_18,Cov_19,Cov_20,Cov_21,Cov_22,Cov_23,Cov_42,Cov_43,Cov_44,Cov_45,Cov_46,Cov_47,Cov_48,Cov_49,Cov_50,Cov_51,Cov_52,Cov_53,Cov_54,Cov_55,Cov_56,Cov_57,Cov_58,Cov_59,Cov_60,Cov_61,Cov_62,Cov_63,Cov_64,Cov_65,Cov_66,Cov_67,Cov_68,Cov_69,Cov_70,Cov_71,C_0,C_1,C_2,C_3,C_4,C_5,C_6,C_7,C_8,C_9,C_10,C_11,C_12,C_13,C_14,C_15,C_16,C_17,C_18,C_19,C_20,C_21,C_22,C_23,C_42,C_43,C_44,C_45,C_46,C_47,C_48,C_49,C_50,C_51,C_52,C_53,C_54,C_55,C_56,C_57,C_58,C_59,C_60,C_61,C_62,C_63,C_64,C_65,C_66,C_67,C_68,C_69,C_70,C_71,Mean,Std
0,55.3272484745282,20.1929361194978,14.7892054250617,15.7126771088762,9.36619608825264,20.2007378702,20.5943895368923,28.5511213079758,5.9323355481825,1.11240837906071,16.2912555861738,-2.40016597667361,11.5075450369354,8.48516402764416,26.1397649562363,14.4296564678245,18.1523033582885,17.4302006801179,25.3932365633067,30.3094244207149,41.5303120580271,29.7922812610116,18.6060706353624,16.2382955942742,14.8062993056145,16.9336269279312,14.116746297493,2.79841112520996,0.239533189139028,13.6879811854225,8.8410796801618,7.40931532138238,5.05945817991678,5.85868522274875,3.69097397044718,4.89371307804491,-3.45955027520133,-1.13132988758605,14.3693665855014,2.31692655613699,4.27166636507233,2.31534639503595,-17.9538776248346,22.010863549728,5.59991653974713,-1.95963657154574,-3.33496634179455,10.0028881759504,1.15031037938489,2.14120937546045,-2.81072770948977,7.41209673187748,-2.91734708335094,-1.60131894441673,1.4137503968912706,-0.5346542750689541,0.06350748837480627,-0.16964561555365593,-0.032942929073357226,-0.08427135535624636,0.18574025264575508,-0.6926763502287101,-0.16605101680968704,0.11670309810388595,-0.15267417325060192,0.3734360863484598,-0.01000494999807475,-0.18760600812397338,-0.16873316004567912,0.27210320608957533,-0.0905305533299577,-0.02645459577068761,-0.1919113415179972,0.27528712149900597,-0.10103311252428332,-0.005882218738109445,-0.04555925061134591,0.1824071946949921,-0.23099584134242201,-0.17533396847750435,-0.1688307609314629,-0.1992604155306747,0.10101628006052533,-0.4963676408265908,-0.19474586668953922,0.06414465650415375,-0.2790359404372042,-0.2199810492746198,-0.026275461935485085,-0.15004155900273136,0.09799138401468432,0.2349339458453766,-0.29185004041727153,0.19392104576806105,0.11681884288280271,-0.005557044509066324,0.40604909727211314,-0.026958430588906936,-0.038373327148961064,0.09483237044130859,0.367272111175705,-0.07111925909170509,0.14904869641207405,0.5255771813974074,-0.31129170759232005,-0.010099782710940886,0.14972742899420644,0.06684059245339417,0.05648148148148155,7.43755661992083
1,20.1929361194978,30.1665772669221,6.31180268142835,4.29957521323345,9.91091351040173,10.5145326999754,8.75403053958425,8.48373502902649,7.58336017013842,3.11227874080702,-6.42805987767727,-3.19250451949542,0.776392072676976,0.602720581228804,2.70172092078848,-5.34236401788386,-6.69892249549024,-1.28101999084749,0.0907105562556399,12.3787911172187,25.7428703919935,13.7326803215495,1.6224374921345,-0.65147408857893,-1.83418042621993,3.11614644657483,6.01705856022666,-5.60136547001171,-1.22340701266475,3.39297029334526,5.41913536198533,1.5184428120545,1.42992712787336,-7.63259007520211,1.76581787078471,3.38037730423528,-0.788189548627603,1.99530702161481,-2.594940012207,6.8069205366661,-8.27047786380784,2.70142975076444,-7.97063101095294,18.39645127582,1.07501820870925,0.897616127794265,0.949337486906038,3.18459063795091,9.27378425132177,-3.52439724576554,-7.70670334061453,-2.58061414223635,-1.489005728776,1.31031639320029,-0.5437104171663238,1.5914949814055352,-0.3090112171685368,-0.21718625862263502,-0.09727491564290802,-0.26354335132037693,-0.20656764244488965,-0.10653728342833121,-0.017655737501080553,-0.30400005955696996,0.07341011516974488,-0.21787284409379853,-0.012142288438647683,-0.2710929467827364,0.25346924069050925,0.20410072645343913,0.4144578428546702,0.3400205518655741,0.053411830710118416,-0.04742371854013971,0.011101223454185296,-0.17635299553288566,-0.07675979134921183,0.08357801067405828,0.1381488849557569,-0.004290271055359845,-0.4121725136914205,0.15334227723676794,0.2157283648907581,0.019528318404999058,-0.48184798538544327,0.0977313363542379,0.5236504807379618,0.33284871009217437,-0.07312187921431168,-0.06835640396304957,0.13029678912584094,-0.113343037876332,0.21555411263753596,-0.04845437505566195,0.2265405010167783,-0.04030954748240842,0.2186334300572714,0.07218304752896229,0.11108395557932424,-0.02722252088429865,-0.33353728233924895,-0.179172184869164,-0.21932487689286712,0.194597900885034,0.13129575924204612,0.2980443650368368,-0.3065262015918481,-0.3436917421748659,-3.0222222222222226,5.491500456789756
2,14.7892054250617,6.31180268142835,68.1345789431673,21.9472955872262,9.45830300510101,10.9844554759768,-1.35649292199164,5.17298921588911,7.58603581268692,9.54135084061915,22.7497937759093,3.92602882317387,2.95206082970192,-2.09320680685607,30.758463140239,24.6867032434869,19.1428741441374,19.6180458108982,-1.55481358695786,26.9283741715209,51.7276416676811,32.4043635234078,12.8029393690417,19.7648377253101,19.3385570926703,7.90953807953723,13.783309440212,13.3225368775863,5.43720385026279,6.65065343885606,8.59607219290457,9.70752419514934,-5.45293724701381,20.4058292517124,12.0809263973455,23.8927672951484,-1.72781651032219,0.894953500781753,21.2922960285049,8.05761640042397,13.1034952571404,12.3336148812501,14.0909167857488,12.1339277283089,7.5635991949326,-4.85948548222089,3.99606804648302,13.8027573863195,28.780352283409,9.2799379301783,13.3732414282341,24.2961205984631,3.26668922740569,6.78655061148658,0.057853679625305555,-0.3078724776679398,1.3538519799625026,-0.27993542858807813,-0.23663718413070145,-0.20816430102362812,0.12611277380102706,0.20631038037542965,-0.05449406536733937,-0.22944821388012332,-0.25552837163774605,-0.005354376737814683,0.3404829736497078,0.27733035977887865,-0.4945437513302634,-0.26979125932835757,-0.30240503565927224,-0.32553412278325966,0.4891298422534553,0.15890373044054554,-0.1515335365395594,-0.004957066178560843,0.14835081395808195,0.0732214421098153,-0.03169749633183587,0.2508510843553607,-0.1943959512297113,0.11199214643133404,-0.02747045776316923,0.011386559974252345,0.2301393196458735,0.00013609361760324307,0.663906211427568,-0.20774090518484456,-0.0629135651785329,-0.34694882761467744,-0.12928068042276944,0.0318856209312099,0.00676139134214552,-0.23299317825344942,-0.3557322607068208,-0.12964024849002698,0.0898211961986771,-0.07821681533158481,-0.05095910800866917,0.3668510304917283,0.11800043363361432,0.16260429407441027,-0.12242408687224297,-0.03468376765841609,0.018215656790482572,-0.25304064404907467,-0.13570094929274543,-0.05264172146714894,-1.4180555555555556,8.25376150268272
3,15.7126771088762,4.29957521323345,21.9472955872262,50.1167927841635,16.7516098648045,7.62479917299386,7.39343571539815,16.8327876624176,7.3666645833421,13.3476012358765,47.6548308275614,6.44584869154311,10.0432845307896,5.19894593823522,30.3738147228635,23.0502459405414,21.0848996072464,19.5761153465342,22.8670983944941,44.4568664043247,60.0738718096699,43.1778111026592,26.0579003748984,33.0867153038766,19.3463399928299,8.00484058696811,3.12228919958571,13.1215604376247,12.4662977968,9.55575774887915,16.5114741543401,23.2801733213174,11.260871568179,-0.507832846318895,4.83053802924693,-4.40275777396503,-4.0194168665821,-3.74373037932289,-2.36714259871825,-5.25935597375762,4.77349226868019,5.11883699714752,10.6780934736906,-5.23146263756846,-0.655014400750508,2.36274295312052,12.6256076055971,15.7783174118199,18.6207955739196,18.0713521623721,-1.34760064529195,8.40250934320758,-8.82597735632569,-3.96227015128045,-0.164754644808709,-0.2091272909028844,-0.29303378609254493,2.1104621846634926,-0.4439437162513501,-0.23718900814341073,0.17400031244687428,-0.029094868398361083,-0.05067372450696715,-0.27861471463595083,-0.5174192139362994,-0.010042730750504275,-0.045420901669447906,0.26514588160439395,-0.04498678520072742,-0.06844684999918106,-0.00952039656995271,0.34302967562794723,-0.039917419667490336,-0.06812543904939534,0.03758979217582261,0.10987894870749701,0.02617693593804176,-0.19338254469700375,0.039344554435712414,-0.04318935675156974,-0.1191703783940117,-0.1267793639079027,-0.20316837731095286,-0.267409081425766,-0.6615496449572595,-0.20682668486746172,-0.45683436020232754,-0.12491498893966319,0.25097044562951326,0.3690797882283858,-0.1472238624649808,0.261509666431457,0.20322530168955383,-0.05167734296653747,0.054822269375166426,0.12195659039155228,-0.014799558177352809,0.43137019402241705,0.47227933571566477,-0.07649145718769236,-0.3830585202308377,-0.04303676350870504,-0.11050808538748594,-0.6246480359021123,0.24694795440014963,-0.3976558700047623,0.03083816223298286,0.2866854674656647,0.2055555555555556,7.078615174182269
4,9.36619608825264,9.91091351040173,9.45830300510101,16.7516098648045,33.4891287515964,7.71676561489351,5.1135876758783,12.1569436192074,5.94353156126014,9.57430467306574,-0.357200931175934,-3.86542027237574,3.6493721990134,2.94583110898461,2.9603337492775,-3.63644414936721,16.1478376178319,7.60041821758073,10.4743060631589,26.067824154996,40.1784647469682,28.6918794415813,18.4765151739282,16.3976813553319,12.6991944148163,3.6276467483657,-6.14288280605531,5.21350767523082,5.22303636319432,4.3258419594131,4.67444223448029,16.0797825536775,5.07894380596243,-1.45574381790153,8.01570935811344,6.44210586065289,-0.715946779677825,-2.24042688463257,-3.26703318025425,4.07665751063617,6.21713767486978,-2.48620704635057,7.99918785128913,6.22420507850815,5.79529562210329,2.19370014848071,9.17238441132972,10.6676899752865,6.87477553540396,6.80131861505152,-4.29318747750085,4.05210714651045,-1.54260867401724,11.9779259670379,-0.03332828797490188,-0.097474915290447,-0.23553786509565122,-0.4523507790622295,1.753406905611386,0.053710121901448776,0.26276767564951975,-0.03248717061411797,-0.12982686847739844,-0.0576475274357477,0.41592498045523923,0.22159149943625045,-0.09932433700335358,0.14429776821774037,-0.04415520911061148,0.4774344633224565,-0.040694581554260506,-0.4287007829605666,-0.173225895281093,0.13698590511507183,-0.13340789381283955,-0.04838334822413838,-0.08325393367774347,0.1869590093551224,-0.5237102414309638,0.1661614113723167,0.5301660908092953,0.164495507627619,0.03319743138714468,-0.11414013077615773,0.08312679452684639,-0.11144959998532428,-0.1067208446771047,0.2583989730290308,-2.8077122151153236e-05,0.0373865533200773,0.03507406353575985,0.0008089445196280465,0.2719045358445173,-0.20971102794093235,-0.12149927048209241,0.3765295351897409,0.03992371025112176,-0.13626816041104417,-0.07445428743766104,-0.2603425005530523,-0.17622583463476754,-0.5835371966817163,0.25650344226042066,-0.17945720550023914,0.2820031599107152,-0.2670095241310318,0.13346545867153342,-0.6564838103121787,-0.19027777777777785,5.786115169230252
5,20.2007378702,10.5145326999754,10.9844554759768,7.62479917299386,7.71676561489351,22.0390861802895,20.1192353401245,17.9071666306256,10.7701191898437,1.19954935796608,-0.284044906430814,1.46747579811872,4.61475823957972,6.29270666901845,12.1048087091818,10.5457596103701,9.91711525701339,14.6454191520613,18.0205812915106,26.7116482201413,33.4833178940366,24.2122284829718,15.8143450393765,13.4865415653016,9.14041399168775,4.80224866749233,6.67667171473315,4.90449410934446,-0.66263584050977,2.34700730717281,3.64486452079235,5.6376768046916,-0.0077684881209661,6.44866310589037,4.4088301969542,0.252256179578885,-4.68000550286101,-3.45629149048213,0.367399912985957,5.35913508597767,-1.45454450338366,2.24474213846029,-0.892851823877472,12.0967669272112,2.90401960131305,-2.79588638403306,-3.70212488817268,0.744342116880914,2.52435981470573,5.02765543478718,1.44931617621915,11.5969207162793,0.272091788450622,3.04462243391221,-0.0842408745394637,-0.25888651534101864,-0.21254352976615573,-0.23166000150104035,0.05253039178737079,2.307384009777672,-0.6428499018322508,-0.7658312564520455,-0.3554588016611568,0.3766683868731839,0.33880559956877665,0.19598406021354506,0.22648910146192047,-0.11464314795750018,-0.074683610212615,-0.008749461024964086,0.0023761433869151937,-0.03989120038759952,-0.1179222461101508,0.016140977936655924,-0.0029344204148474273,0.08495489706686846,-0.02107504368611505,-0.36516035933004637,0.3321669698629569,0.01609879343130996,-0.226143119212519,0.015747350597531348,0.05615267038723438,0.1094243831301794,0.43415710169851573,-0.10312982785675945,-0.13329595923216034,0.0741615189396448,0.09339122787395243,0.09014702250738159,0.2424629415542174,0.09497215966108925,-0.12118778511787834,-0.292375626654803,-0.1967981221409076,0.1866737004941904,-0.06871239453252838,0.11251739278400837,0.023583648880341975,-0.22145510853250894,0.2899629987128011,0.7286251013170224,-0.3937063997605188,-0.22836759320473776,0.048099073383985225,-0.32084467255562704,-0.11509659099692149,-0.16326660789936764,-1.265277777777778,4.693515332913005
6,20.5943895368923,8.75403053958425,-1.35649292199164,7.39343571539815,5.1135876758783,20.1192353401245,33.8088658737761,24.7355523094816,8.48081501284567,4.41774743930431,1.89846715204515,4.07794817203278,8.42547778087527,7.97853828733611,7.57689836930093,17.4766216903103,13.7121478470377,18.1878358022787,22.1382969890567,27.9417681071749,32.3291383096293,24.9427001756082,18.4531825703082,17.0332446827509,12.8465016859594,7.66012672723923,10.067672508363,3.78344420091683,1.1216961011407,4.41391860325029,4.84211131329832,9.88025806440887,1.1900815199003,9.78926314884593,7.5062795829864,-4.70351653857942,-2.8150723328729,0.0468203306420749,-5.05706306054975,0.409932508505374,-6.20344683361035,-0.211559617814826,0.62800297333337,16.0854974633846,2.31157985218151,2.33234664612979,3.37001987297614,4.77659898784063,-5.70621230399133,2.98866485410242,5.26451416210395,13.4415558027808,-1.6643466860359,0.376725354202736,0.1804261618174318,-0.2031089297650577,0.12639621806204368,0.1723564726299331,0.26785846638753213,-0.6424279608593864,1.5994378256705777,-0.5072019856273711,0.024943186665884007,-0.026477372464177966,-0.07583314983841737,0.11768329337604248,-0.005322591528520856,-0.04104899346055654,0.0037195011146126046,-0.05198129337124019,-0.08050342858038124,-0.2484594366919819,-0.13664290111623123,-0.38557261815758914,0.12021254376077245,0.07665122372433404,0.1896889243284977,-0.18832081018883173,-0.4396436033475089,-0.1187356591043482,-0.13912962587548255,0.8230889501308628,-0.12780819834792595,0.5770192653075208,0.01185828008411147,-0.0018840241573571048,-0.0750958703222196,-0.00039038365830272305,-0.19836586905175016,0.011279268717564832,-0.3617014809991223,-0.004234339475502098,0.32256512834729395,0.08887192615646819,0.09855404237221396,0.0578892141344337,0.017662771893362253,-0.13491168847972962,0.12126519536700978,-0.11942209715015559,-0.04063422158083906,-0.2898394022640492,0.21914570586422497,0.3041769202740181,-0.033025493905052605,-0.3944504106096428,-0.05277424392618224,0.08044980655644407,-4.3375,5.81367920286079
7,28.5511213079758,8.48373502902649,5.17298921588911,16.8327876624176,12.1569436192074,17.9071666306256,24.7355523094816,35.8329377394636,6.12385394890601,8.16974851930381,17.5215770131865,4.19287189859675,16.0383731178077,15.3430755119317,14.5766060945934,15.7180289415697,20.8607885280021,25.0694025145478,23.9380662093593,40.6848052620114,66.7750731687598,43.9935260038598,21.9989676670107,21.3787302224379,18.7915422306931,13.7398098628673,4.52760223998307,9.13989220179055,1.54399929817317,8.12177514346497,7.32886394387527,13.253111042456,1.27777596822406,14.1452193191866,7.52956521024785,-2.42107273129653,-6.89792584223105,1.21032111290742,0.979284845513402,-0.12004517151716,-0.661176137837656,5.71010513795444,12.8958992368128,16.6570111683678,4.78740532886295,2.0964218474739,5.06965183514934,10.7172508709293,5.57121033586946,11.295735295066,-4.30441827994497,7.52478308165829,-5.63823350735817,-3.11024800647126,-0.6958807672737798,-0.09948004797387643,0.2083749000459584,-0.02940323737177967,-0.03881968009973539,-0.7678436950914316,-0.5151697210258025,2.6855066965733267,0.37290914872978065,0.03743702292705033,-0.07431222709726996,0.05938400436143267,-0.02901735831426547,-0.48882844683628696,0.03372717983572745,0.0708213134272395,-0.3172105398899194,-0.2266885679922982,-0.04732951686178169,0.23653402450774166,-0.3525974377692645,-0.03790698618028654,0.12502674068110797,-0.02536239815023503,-0.005290162876154458,-0.0791854610168119,0.2290237134399734,-0.02893720564371998,-0.026636132246184867,-0.04039525835525181,0.27724386221257785,-0.42449584294969656,0.4641133212315279,-0.33223705702568057,0.6113552617053072,0.1400103390441877,0.10326802907741388,-0.20737622119213633,-0.010593697376246356,0.12058004704785796,0.04174443157738238,0.005122579754278733,-0.3369671759479945,-0.14358273898359614,-0.0177908111751043,-0.23622958882242198,-0.3010521161110933,-0.013516768071458476,0.2619934002456951,-0.22989593532100425,0.18345233359373384,0.14025258699739834,-0.03588963389596014,0.16667945797721595,-5.735,5.9852266239018554
8,5.9323355481825,7.58336017013842,7.58603581268692,7.3666645833421,5.94353156126014,10.7701191898437,8.48081501284567,6.12385394890601,33.1818722860792,9.18461671322888,-2.75998951805123,4.17227150689252,2.91306157711738,2.5928351227795,7.18321605446219,12.0626532162518,17.4285936441778,14.4361319542915,19.9566171350883,46.6837183951238,63.6909767422891,38.7585183978963,14.4902604945861,9.50343023988206,2.8407657067008,-2.73462642325299,4.31926444878415,10.8656023358955,2.48129843085999,-1.18264507763526,5.09623696703665,11.6081221731975,4.66514194902876,-2.54800174397844,9.02700674170491,-11.6771921119347,-9.15156873788807,-6.22901755403184,-6.08113532169323,-1.0306393845418,5.07553011635911,11.4103882612155,10.7431197392469,7.35207234046584,0.375450713286611,-9.42688724937873,-0.0156451587714535,10.2261922817713,19.9901925330983,-5.92100233923326,-3.69605512001501,-2.42167477559439,-0.0672352191436356,-4.20453503182082,-0.17699043830378725,-0.019485991579507735,-0.05450458206745184,-0.05758287938167499,-0.12578429014169157,-0.35878005386404205,0.023349506334655396,0.3805334765132972,2.080039675508067,-0.005848604364670638,0.09517325391550129,0.037716417138377166,0.5007475314792442,0.2590080868058817,0.27674065308117246,-0.2488483869856127,-0.23912679063594577,-0.3813507260725941,-0.5331264788840717,-0.21284582829091844,0.02363440318169795,0.05464481747352315,-0.04087772058321563,0.2150621219627776,0.09204568292998293,0.6002644392254852,-0.013124643148106513,-0.19604501670385352,-0.0005405176018435208,0.010123424688385771,-0.12174555089141816,0.009251344320133163,-0.21868705491316034,0.154835471865591,-0.049631226364330115,0.27622325115864776,0.4632857094957414,0.08707740731091797,0.1351337612685052,-0.4738321507500167,0.015957714104963855,-0.43370191934135627,-0.2607725057087319,-0.17223320164841288,0.014731617113065752,0.012623517746579323,0.02478677807827357,-0.13616776834230201,-0.3259307987389003,0.834784860831433,0.2090468266179162,-0.11210631127962861,-0.031509792857479506,0.2733533804990603,-1.4577777777777778,5.7595027811504
9,1.11240837906071,3.11227874080702,9.54135084061915,13.3476012358765,9.57430467306574,1.19954935796608,4.41774743930431,8.16974851930381,9.18461671322888,40.6000782247765,8.32612781053448,-0.197454728534789,24.520967969295,16.591001908893,17.4036649598685,15.0478541530758,18.567266444928,17.7417050755143,22.7301525362234,26.4588408720904,32.0875458712246,19.2069933182435,6.60792530504691,3.1837819708793,0.411460747843854,-1.40945606366215,7.01278595399971,4.0133294996678,-6.34136359464353,-0.7476854200687,9.35413802127808,12.5232691110853,7.98127680580973,-0.9900461934552,8.3840249641786,-2.54665782618968,0.311413709733373,12.9148882694286,16.3590131049725,2.37426511296324,4.0469178895024,-5.56341975717106,18.1866805938155,13.1639165266793,6.57112582067136,-5.53880773458947,3.97762526274734,11.6417708065488,21.215568980622,9.38237963499681,-5.28702813149992,3.37146584130498,-4.63020435040276,-3.68247341671489,0.11992440627724894,-0.2951252039729947,-0.23979102394812682,-0.2753805614595023,-0.07133624453642218,0.379743490821685,-0.022619240190229123,0.03786469060019507,-0.007556310265378154,1.846672823778846,0.05381224734214307,0.10658411103680294,-0.01833020726192703,-0.5233262491923414,0.09508210839598726,-0.17319687957545823,-0.40777495119457474,-0.0355011028818978,-0.47319326290341507,-0.02659245948409218,0.009757158875165374,0.06628738111081364,0.05645988328075874,0.3379750260712675,0.0588940357108241,0.42566414666976093,-0.00519597975304459,0.02630450553010111,0.24268598913603942,0.38542303524585586,-0.11280014070011951,-0.17325813712213026,-0.21430590904953586,-0.11521151369513154,-0.4222795884590854,0.021864050818712684,-0.5664938851497938,-0.503168431538636,-0.11891138786149062,-0.0913841532423341,0.2808021825433849,0.6214939041775115,-0.19180911736903125,-0.12209971045168891,-0.08226857742038937,0.2659985074821606,-0.2535522787171632,0.0045687595879585164,-0.3156557915224971,-0.18609927625551456,-0.1533254775366829,0.2971362539718446,0.2114707654057709,0.12061873210593087,-3.097222222222222,6.371034313577074
10,16.2912555861738,-6.42805987767727,22.7497937759093,47.6548308275614,-0.357200931175934,-0.284044906430814,1.89846715204515,17.5215770131865,-2.75998951805123,8.32612781053448,92.0799632822478,3.74270984201627,3.76562007028021,10.1427215259326,42.9927147833101,28.291029686053,10.8618443524092,23.3258520170352,16.6366397482933,9.44356677242248,6.19344020699689,16.8302022625427,25.0519617100483,39.916286135235,27.6945778967824,10.6020005255286,-2.88421364642996,13.270504947367,9.33520992170771,7.34864394816191,15.440525940468,22.5217480057946,9.03653757423408,4.94710180707712,1.49028381477354,-5.59187638988172,-12.5669393366531,10.4332795263375,9.99832806547564,-9.84997883654547,6.72588297587936,10.8811111233263,14.6230829153844,1.90784223570365,-3.47396967506271,12.5554161623544,16.9886110509481,13.4157201223209,21.1570725900033,17.2929405682924,-0.617701995642177,-0.998869446673564,-8.97834331143134,-2.52320018855222,-0.15631526309958635,0.07781523187562332,-0.2545303797192039,-0.5151305140263028,0.41390431661333665,0.33583712839256036,-0.07478996683534009,-0.07509065003110375,0.09525284447845091,0.054136176312787845,0.8864492572734042,0.28231629411827536,-0.0025717284349972775,0.22787067312855583,-0.22771162930287978,-0.06184920215812989,0.07586262483128198,-0.3314637165315978,-0.19938410755164665,0.16061830204281496,0.08787967984382969,-0.13318386876158006,-0.16625392601257738,-0.14159923115368525,0.03146168969983406,-0.13142295399436613,0.4199927870484389,0.2993521692283967,0.17961314983982032,0.12856022348735857,-0.3897432924950266,0.13062967434640232,-0.05373099681490841,0.0733653875286854,-0.011570863315739656,-0.14005705851995479,0.16507944463336202,-0.023528749988094743,0.10750285737153022,0.3093933138357096,-0.10768594309640565,-0.11583591638961031,-0.25383098662237397,-0.01756648694702821,0.0032571393779235085,-0.3230035113988787,-0.048987409760061516,0.1350321076754023,0.007265521814307943,0.005236590028796686,-0.009057301865096725,0.26914003498157935,-0.0704020429503869,0.11765656676675963,-1.6805555555555556,9.5953094417141
11,-2.40016597667361,-3.19250451949542,3.92602882317387,6.44584869154311,-3.86542027237574,1.46747579811872,4.07794817203278,4.19287189859675,4.17227150689252,-0.197454728534789,3.74270984201627,19.8844891443167,-2.65110106319619,5.62730826194958,7.39857401192863,10.1059111171076,9.23759928902422,7.91959180703182,8.86662374775081,14.9149350823004,19.894160848295,11.9448270297033,3.89177398018129,4.75296544359992,5.43011381911853,5.67965891702333,3.95258782004371,7.73876904710017,-2.28246200128462,2.30160005491894,2.17245982989673,-1.24164366851369,-1.79685421370222,0.051315836178253,-1.12032791983918,0.377128458682617,-4.14975765582317,-5.95134284766937,-8.98075270026078,-4.42547485741971,-0.581326191244572,2.96864446437293,3.16248257414097,2.73729177614305,-1.83016049570414,-0.214096900177507,0.770681420795084,3.8372705713922,2.86456603112108,7.77744438151993,1.13645232745271,7.07859860936443,-4.70481175925005,-11.4613859351206,0.3767592121928407,-0.21606354037520356,-0.005031174341958248,-0.009341392421529803,0.22353801306451937,0.1954280938172768,0.11849087641087963,0.061580730301129046,0.03849371352677714,0.10611865755889761,0.2858566320993936,1.7759546580762129,0.1347202587875597,-0.4274171393078594,-0.47116610213973764,-0.2717196920885141,-0.17688058163932777,-0.00034207330721889917,-0.17216399729477275,-0.19498151174748207,0.061980323044075185,0.029318780066330714,0.08782868226883297,0.319213520699928,-0.25048567416794654,-0.375706532615421,-0.053162823649955504,-0.4306982841063945,0.42840967908448246,-0.2934427143832565,-0.014083611750323431,0.011567703072130592,0.13394484920696204,0.08518925237102791,0.02798400040902012,-0.3763003423926911,0.16308085219597665,-0.0011298240393510215,0.6164026983431977,0.263260420471402,0.0044911414851090655,-0.20459517725508572,0.02049201846494901,0.06418653260992642,0.46329158643496726,-0.40327656235755105,-0.12221614389080891,0.007352783874468497,0.060474517002612214,-0.06366968123133236,0.13838599562245946,-0.2780109605520202,-0.08807496099271711,0.20648154503488084,-3.938888888888889,4.458081329935192
12,11.5075450369354,0.776392072676976,2.95206082970192,10.0432845307896,3.6493721990134,4.61475823957972,8.42547778087527,16.0383731178077,2.91306157711738,24.520967969295,3.76562007028021,-2.65110106319619,53.24043550447,16.1901034000173,16.2010920222543,6.58784723114568,17.7434687893328,24.2704082523997,14.4446888974818,30.3786150076554,49.1186501925137,24.3496493591428,-0.648348492304931,-3.9900622909992,-4.37263414276268,2.41109536469712,12.8172948923971,2.14027341494042,-3.90077754664863,7.91536830433147,11.9148289242208,8.05786567372064,1.12829101264598,-2.58606090653393,8.77030491977636,-14.184493810376,-3.42537706597026,6.13145759024061,13.2301086185565,-9.95367850158387,0.0680292311870674,1.14358769064941,27.3200569666758,13.4180691378382,11.7750457878873,-15.3784452097624,-4.67000582779463,8.15674863182631,23.3522295379712,9.24703785455056,-1.26634708622239,21.5820530701141,-1.7624887994656,-10.0310331285747,-0.010388030951340298,-0.010034129937282837,0.34294033490603965,-0.042113396417123306,-0.09454180354186696,0.2198402265273609,-0.00465611358544507,-0.030854588052915854,0.5007156206057276,-0.0173773977675938,-0.0008151206944120444,0.1321730926725282,1.0845379600875096,-0.0749961179902796,-0.07996864029905973,-0.2216085112965863,0.17447380509079505,-0.281644721934235,-0.16486931581545802,0.11407436469929587,-0.07000744231916338,-0.13503914806828535,-0.10100132667600624,0.26833616024891765,0.14739535870677878,0.13503972457598942,-0.45216488280844125,0.21079732438217252,-0.013542118856029824,-0.09996469296448834,-0.11120569547622748,-0.2157192840786725,0.012278639029973426,-0.07906098686018817,0.046068823450161,0.06650236621922348,-0.05054886970901224,0.1489381257399576,-0.09172657953125246,0.31046233306017273,-0.012157517660322968,0.0004341756586646471,-0.2333671334307569,-0.009710489596140967,-0.3372225516924513,0.2573509202324032,0.17438424180316117,-0.038290798793676965,-0.22883206057481084,0.07980324625205845,0.48937911248386734,-0.3868233125928442,-0.41446553690897825,-0.18506113439646188,-5.4911111111111115,7.295919099364383
13,8.48516402764416,0.602720581228804,-2.09320680685607,5.19894593823522,2.94583110898461,6.29270666901845,7.97853828733611,15.3430755119317,2.5928351227795,16.591001908893,10.1427215259326,5.62730826194958,16.1901034000173,28.1765632183908,12.516301452734,9.3903724039464,6.84575134045523,19.034949471534,23.2072344309094,12.3966804596836,3.08132290482408,9.7048793492183,15.6227780205467,13.5464136433069,13.6365796142818,3.55668840520333,-1.10149361743242,7.9074402881391,2.33615469333718,3.70699887819733,5.49824254987279,8.01081444526134,-0.878451825775163,5.76264871704594,4.92552469471348,0.664719792723673,-4.3646997417481,6.27258680794373,7.19968406392993,3.01499723234406,7.24930587572624,2.12750754929971,8.86767879815104,10.7638874775029,5.57431445870943,-3.95244929146593,-0.234792715680849,4.98694385899101,13.1733800642735,10.8118109367385,-9.49659319152785,0.291190052140029,-3.84706050998022,-5.84382032647578,-0.18498352417864586,-0.2717414931663115,0.2766608175634364,0.26565232223555535,0.15158706160740407,-0.12005129811126149,-0.043413981887663586,-0.4863476477223744,0.2593493330110528,-0.5273699078867001,0.2302306204412768,-0.4261624199684916,-0.07377046826560668,2.3424440427543782,-0.2109974134937527,0.2467012827617864,0.3506013263585967,-0.5544436041343959,-0.4514604672804644,0.005142528318558898,0.27280796800369356,0.04135739192478925,-0.04584649843136917,-0.05371726025015586,-0.30406294208396434,0.05997307832685975,0.21347180306755983,-0.26094651269263935,-0.23162236886841372,-0.08350651529473663,-0.0033175637385127964,0.018265209241281128,0.19371152547478113,0.0475341087339652,-0.28721282276055143,-0.3127831832900262,-0.006627355141744714,-0.080332277869859,-0.018828780509378223,-0.04132220450018849,-0.2966497423451663,0.023545663031480313,-0.4167315513739081,0.19937454540628535,-0.07207813853973835,0.15291255681329058,0.21329431874018512,0.10247697144231889,-0.2805189113317074,-0.21703995835091547,0.1608937599201522,0.24347422500281757,0.3535341489799666,0.4295322361583,-4.66,5.307218030040862
14,26.1397649562363,2.70172092078848,30.758463140239,30.3738147228635,2.9603337492775,12.1048087091818,7.57689836930093,14.5766060945934,7.18321605446219,17.4036649598685,42.9927147833101,7.39857401192863,16.2010920222543,12.516301452734,74.2992820083014,29.9078575812291,22.4615051872703,28.5540260585874,27.664821910039,33.7079681122813,33.6482412094582,25.3761059244738,16.0406582342641,22.0901320905901,13.5834133343436,6.83227816688587,15.492650202077,8.61881720982862,15.9626853682808,6.08660325296611,10.1375011171798,9.68955245895677,8.88193587100727,-21.8527057409876,-3.05357622314457,-7.14899782263547,-13.0344249590058,4.47992975848303,24.589588665555,-7.32398196374362,-14.2974363941131,1.21543068310831,-9.73228828115584,25.1048078121242,5.67511767602764,-3.62013592355448,2.45388412206346,9.14196076375232,27.3883435278518,17.0168641542242,-6.1071461618638,5.37511267344076,-12.5850757500618,-8.11109074486978,-0.165964175232068,0.2503525376199025,-0.4981843329700385,-0.045433505200514014,-0.04173004391692213,-0.07540605775531956,0.00494724977392143,0.03717849683557614,0.2767956785156855,0.09183426830037902,-0.2285324421297382,-0.4677523383708532,-0.08066450612623408,-0.21217668938745918,1.1839870443869314,0.02872362113443372,0.12881061339916508,-0.201095336623571,-0.07135510589897336,-0.3792052065372244,0.06141046874603856,0.1300620837913947,0.31285560954547925,-0.08979861428334675,-0.05467073885659503,0.2069550593978789,-0.1729531009614645,-0.19479875334222582,-0.2800436576113215,0.11301307039368219,0.11163122795731799,-0.2156339390881257,-0.3701821630933841,0.3900021738260824,0.03052833166423588,0.1545208022667273,0.030876155367929908,0.13569539577707643,-0.51331770294166,0.030409963757199298,0.2549658344347517,-0.008712399703226698,0.0299612036762192,-0.3203496408464055,0.3385486625655104,-0.006661277354946129,0.26901892313039605,0.022548061788182555,0.12244974559816081,0.007986835408487568,0.08036594437396838,0.123673940187943,0.1594253909745228,-0.28532684633787403,0.5902777777777779,8.61912304171958
15,14.4296564678245,-5.34236401788386,24.6867032434869,23.0502459405414,-3.63644414936721,10.5457596103701,17.4766216903103,15.7180289415697,12.0626532162518,15.0478541530758,28.291029686053,10.1059111171076,6.58784723114568,9.3903724039464,29.9078575812291,59.4444448435504,28.1208328412908,29.4914386520823,33.6722014421745,52.3575867954749,61.6421587745156,51.9945061975882,41.1190388476416,43.1535588370682,34.9647355298697,13.1128149278829,17.8006380765066,21.0018187868458,15.0138483198321,4.87296994338246,8.85136919276085,16.3991112225798,4.03890642825822,23.409263444892,14.4394476931429,0.823181461063838,-9.73740315354057,8.91717391059096,18.253013251399,2.39657121973878,7.4495737876137,5.21143836454481,-0.566284245084929,-3.79539096397357,0.555226100422815,-2.54849095833714,9.35807416584261,17.2281802403912,10.8310489366576,10.1731397529873,7.94782086364615,3.93686803203591,-4.13706769126236,3.14797961086924,0.275618743849644,0.19934369299362004,-0.2691520322298006,-0.07199984919534522,0.47785035860049846,-0.008225819029139693,-0.051477582158979164,0.06963462526219576,-0.24180646329460118,-0.17692775893997967,-0.06668395554392875,-0.27510939437708454,-0.22495809179616155,0.24613588552621857,0.031794122821526744,1.7103055474576954,0.1440738118852386,-0.45036134352728785,-0.41450438845873816,0.2780901001851641,-0.1746818688838276,-0.19326965267686622,-0.2388168223555518,-0.13076651456511373,-0.3197023553016917,0.09718841055231735,-0.7392363312286028,-0.08560440738371133,-0.07688077901753351,0.011448692312211085,0.15471528894483008,-0.09163392804002454,-0.04032086429671533,-0.27002608928458594,0.27569913017598846,-0.02210547847059948,0.1328222393432788,-0.5075735095638049,-0.04673188725398143,-0.015806323203545684,0.05302034164728076,0.2988238377601303,0.44767989530102786,0.2107570187359966,0.10015154357367408,-0.17019606118396713,-0.23318746954965178,-0.03701970712622146,0.02621167058696396,0.17318085077690404,-0.11273998190150473,0.042678263769968985,-0.0006013026028240055,0.053513170958929324,1.9847222222222223,7.70937382953703
16,18.1523033582885,-6.69892249549024,19.1428741441374,21.0848996072464,16.1478376178319,9.91711525701339,13.7121478470377,20.8607885280021,17.4285936441778,18.567266444928,10.8618443524092,9.23759928902422,17.7434687893328,6.84575134045523,22.4615051872703,28.1208328412908,64.2486915128295,26.4128640643938,28.0099915012693,48.7259374247,64.5198525434955,45.3192557038913,28.5035952741151,26.8561996297087,21.8718582628907,11.8652987254284,15.8036270791705,18.90664781266,7.03624166232158,6.2727686908891,4.93851120003368,17.010270490381,5.56905590383022,1.69838626898585,12.2207972570773,-0.468268474248633,-10.2197771844887,-5.7834057627468,12.8753144292528,-13.8709122611866,9.1743799592771,-0.3903785554661,18.6803613213086,-2.95487720115476,9.53733631748925,-6.90813646756722,11.5557618535247,21.3022635144345,11.5043181038548,3.16895297327575,-3.42966716370083,12.0092187308483,-6.12489549083252,2.5176234046442,-0.08924293035942828,0.4100491984980585,-0.2973929674808344,-0.010600595282818545,-0.03940507855122966,0.0025829686840800857,-0.08527456141037873,-0.3208051070120503,-0.23656175991212589,-0.41423918278281896,0.0760508920396186,-0.17347616411128094,0.17506277175634616,0.35027485301430583,0.12776246858712614,0.14028541778139036,1.1411244475047944,0.07876333828458618,-0.20289263289276727,-0.18625420601333026,0.0830192591112086,0.028790202100823944,-0.12120546359843787,0.015270384547734142,-0.02803072087432168,-0.4406023817630069,-0.19629685822477178,-0.17630615140195238,0.15370323564097405,-0.032695874334549443,0.24141679568015284,-0.12118907789443609,0.014767425493167006,0.10708606434380626,-0.004223555897316335,-0.056782223088190815,0.0038563262067421457,0.1812061112877093,-0.3039871071149483,0.7139707113868247,0.10286477238265632,0.009288015904726728,-0.09324740414631066,0.1590690345030929,-0.5561597290979676,0.27339407607774835,-0.3841686684051706,0.03365814992198497,0.1864502409719302,0.07338654809605324,0.4275477398403663,-0.07349339704836134,-0.07210357572819785,-0.040498192251687964,0.7883838383838381,8.014904335850144
17,17.4302006801179,-1.28101999084749,19.6180458108982,19.5761153465342,7.60041821758073,14.6454191520613,18.1878358022787,25.0694025145478,14.4361319542915,17.7417050755143,23.3258520170352,7.91959180703182,24.2704082523997,19.034949471534,28.5540260585874,29.4914386520823,26.4128640643938,38.4038650586323,30.8009345316675,49.086862975239,66.5176480298081,46.8086817707366,26.7028905995109,25.8155399118908,20.0293949336729,7.80937274993466,9.04234265374984,16.1547295178997,6.32046808443053,9.04941781974423,10.5579870797038,16.6544396553584,-2.12019892482475,8.82575014720467,13.8791710940424,-9.09946286415785,-10.6760289019776,3.5904137258628,7.87052523029767,-4.50081456565532,2.70804867754233,10.2491105001132,18.892631433139,15.1195357908499,9.4327585122481,-6.79436013207953,3.37797362567442,13.2392677361409,21.1744940123755,15.7796651438842,6.78853683680828,17.433904399783,-4.8857681164035,-5.11920766090342,-0.028692475493077053,0.34449268598163063,-0.3357526514201619,0.3351975483248212,-0.42949359907411777,-0.03976832845276874,-0.25106447962631345,-0.22978733533350415,-0.37526306089728184,-0.033919848012799375,-0.3342344081301456,-0.0022062180434180598,-0.27859304559463016,-0.5550571653904158,-0.21552557897426067,-0.4394198330235738,0.06851588177533152,2.83610846524779,-0.4797670348664917,0.1529464302197439,-0.12351704994690645,-0.04669442992407597,-0.061022386498748915,0.09805915131927796,-0.18571871555823255,0.2661696151345769,0.021262041018628244,0.051377798393982994,-0.02196358155472685,-0.2951779306402719,0.23913881954441912,0.20861757669638545,0.506529150143873,0.1133402041228634,-0.3575002319970812,0.4103823955059891,0.1116831803361349,-0.07196305610207866,-0.004790594211948662,-0.0007346837071323699,-0.011071819408261763,-0.34005263331145713,-0.1949354649916055,-0.0048511810077439,-0.5417510092174556,-0.21811329122051956,0.1334119203122734,-0.050097568694324045,0.10254555123577601,-0.0980519193921547,-0.18311021129668031,-0.2613344806409189,0.38254684404351863,0.13829988575282934,-1.1793434343434341,6.196278323205979
18,25.3932365633067,0.0907105562556399,-1.55481358695786,22.8670983944941,10.4743060631589,18.0205812915106,22.1382969890567,23.9380662093593,19.9566171350883,22.7301525362234,16.6366397482933,8.86662374775081,14.4446888974818,23.2072344309094,27.664821910039,33.6722014421745,28.0099915012693,30.8009345316675,65.133795614484,66.5652931560087,61.9074012000289,49.8537774594072,37.6689450285927,26.6849630373642,13.7613227541261,6.72315184956446,3.74361542566251,13.6820174458725,1.70273337067918,4.59930622613927,9.84662362571276,16.9978105859968,10.0112002320145,2.88099979302789,4.10455098571611,-7.2723868059664,-2.65787554965487,-4.54443995781074,6.90968995104698,5.38916637919887,14.7484474440515,-1.48163726416149,-14.1438260737359,4.16654983791055,4.23850236041188,-7.04485523664157,-5.42380911619668,12.4551867303349,1.74277495101705,17.6578236255566,-4.95989059510667,-1.32658518013288,-4.55507176328029,-8.86379696576602,-0.19393066637411172,0.05758076422586255,0.4974620880333827,-0.04061664900194565,-0.17020289817576123,-0.12388114972415869,-0.13461316454909592,-0.04644316599295299,-0.5424087551306418,-0.4587848157808197,-0.19763351263297943,-0.17203427765309812,-0.16549395718707224,-0.4600911859597216,-0.06940660260296234,-0.41944247885562647,-0.2021294098803029,-0.495190386960685,2.3352890001052646,-0.598460262056708,0.2906503399513537,-0.06333994208144259,-0.5991074149151446,0.2365508546353906,0.2856921718836438,0.2289913058455304,0.29032765581132197,-0.26343175524239537,0.24483922873296657,0.114695556098642,-0.011381972975062951,0.012373709956534806,-0.15033375697978052,0.006391402799750569,0.23166943580169688,-0.013646089485330233,-0.017574993523024787,0.3418228846121751,-0.10881168258388871,-0.16084356483590534,-0.24247633176210873,0.09221462381014293,0.5414813236007257,-0.0253354643026087,-0.07623387902503143,-0.23739944696400356,0.20469952737241878,-0.016074512205719302,0.2400735611223521,-0.37361865902552616,-0.055532524828145476,0.06627774671829453,-0.37587242555466266,0.1476324784141925,4.102532467532467,8.069931574337172
