,Cov_0,Cov_1,Cov_2,Cov_3,Cov_4,Cov_5,Cov_6,Cov_7,Cov_8,Cov_9,Cov_10,Cov_11,Cov_12,Cov_13,Cov_14,Cov_15,Cov_16,Cov_34,Cov_35,Cov_36,Cov_37,Cov_38,Cov_39,Cov_40,Cov_41,Cov_42,Cov_43,Cov_44,Cov_45,Cov_46,Cov_47,Cov_48,Cov_49,Cov_50,Cov_51,Cov_52,Cov_53,Cov_54,Cov_55,Cov_56,Cov_57,Cov_58,Cov_59,Cov_60,Cov_61,Cov_62,Cov_63,Cov_64,Cov_65,Cov_66,Cov_67,Cov_68,Cov_69,Cov_70,Cov_71,C_0,C_1,C_2,C_3,C_4,C_5,C_6,C_7,C_8,C_9,C_10,C_11,C_12,C_13,C_14,C_15,C_16,C_34,C_35,C_36,C_37,C_38,C_39,C_40,C_41,C_42,C_43,C_44,C_45,C_46,C_47,C_48,C_49,C_50,C_51,C_52,C_53,C_54,C_55,C_56,C_57,C_58,C_59,C_60,C_61,C_62,C_63,C_64,C_65,C_66,C_67,C_68,C_69,C_70,C_71,Mean,Std
0,185.791544061303,151.62903190958,118.43969326378,64.0802445456985,60.5425239778622,41.1074512137179,-16.7679648849805,14.3625966988843,29.1213272277757,13.7340457703985,-17.7802398816229,-73.4436962868171,-44.6867403159179,-41.4496703220597,-47.180648567632,-53.7827523051975,-39.0956956815176,-23.1052367151906,-3.60565669609855,0.350907614321495,3.1770162213836,5.38456236522614,8.02170569283947,4.03129999235814,1.91091806525517,18.3212306093679,16.3368152819197,22.7790023602981,31.9292346445107,30.1703454851213,23.6646494515851,32.5101755288923,20.7125612658388,37.4749603282619,18.2225391270975,17.3563111056191,2.72876271038768,3.5145521519887,2.40624811154499,17.4945639560511,27.1090208464246,-1.4140166059516,-21.1616064431128,-36.0217901944795,-17.7727203861974,0.147539244744309,15.8700995858206,17.3997410034696,21.6288730702832,8.78202619221076,1.53930424869685,6.84582748930086,-1.70317404544255,-10.3667976909297,0.322509467099359,1.4517761269593041,-1.2382989711653003,-0.16903427303208252,0.0973145635622995,-0.16416178786977356,-0.13469453884360238,0.25356312698417266,-0.13339088934500104,0.09011769140844768,0.28189046881249086,0.1898835722117983,-0.08214662691014939,-0.06602877847010269,-0.09313370645585096,0.053297796763040174,0.10777383077172523,0.08654936927163787,-0.1818333163516926,-0.20446779512598784,-0.4357712309238275,-0.2673760712073248,-0.07045622689204892,0.08461180763667302,-0.08109818086981727,-0.22225845387472756,-0.06789732075441529,0.13492235084741355,-0.1580539160343702,-0.029265407597177523,-0.30553008107539026,-0.03987967021664888,-0.11515325351202613,0.24520064805012895,-0.02285738334491478,-0.18917320824833067,0.0038906231684153335,-0.04652820552838399,-0.0028814113879164524,0.3205151044510164,-0.018199203841920288,-0.5736144143286959,-0.11574114354844478,0.022809317619278336,0.06703938090213311,0.16345928209544636,0.02904670254055945,-0.48273146066692607,-0.0072220840203812186,-0.010353072670246431,0.17800613945503746,-0.10638253966571093,-0.029104989862315446,-0.06788486252300734,0.06173293586172681,-0.002508233096613351,5.026666666666666,13.63017036068525
1,151.62903190958,144.102554278416,121.074428820429,71.9712110525017,50.7165506869935,32.2682144277671,-3.054051430289,13.4754010565478,18.4629383661154,12.5547613236838,-11.5736646725001,-69.6560172060195,-54.6606164754941,-53.7449054884411,-59.248268459245,-65.2024431733087,-45.8799928084297,-25.9308705638181,-11.2836001633653,-9.28755197212914,-8.39210327421532,-6.31524673694945,-1.45985436109581,-3.53966066449213,-4.36916766236919,12.6945670977341,13.1629820215244,17.4443588796216,24.9203142070857,19.7263695560046,3.33814687415294,14.7080727791782,14.6526925839608,34.5237101949179,18.9256903069202,15.6989351819416,-1.00853481491018,-1.07874537768943,-0.155750070576459,3.76423318842658,-1.72774075381801,-40.7598900070471,-60.0541812253497,-72.7104360118294,-40.5247263645487,-9.01613531360621,13.4678830885319,14.5243827781555,21.115201242067,11.7614556682898,0.752767814138633,3.87773319817242,-5.55910858787967,-20.2895024319693,-17.4097372613484,-1.2382989711654997,2.199457325360748,-1.1327661505149318,0.09601137620050289,0.15219697731987888,0.06078311466691271,-0.021884440615102963,0.09138967825770673,-0.04516447091040126,-0.18468522860131706,-0.07431827119018124,0.15395020634128218,0.07265320813511816,-0.008789129347004411,-0.10396941494401352,-0.18045488312130525,0.03792009024900622,0.3680658258929932,0.04593681389869985,0.2994877744211009,0.047758820297826694,0.012684531481110364,0.02416812967991443,-0.021165370643599756,-0.021914452949330483,0.13649729920421266,-0.0616482104545497,-0.004837242669788297,-0.06549917307099173,-0.11813969152352158,0.41371785452873394,-0.02747485324969747,0.02006471811087691,0.19106069122326086,0.11593213196779659,-0.21186323739343838,-0.233917815901724,0.018408261879675782,0.17687613335701946,-0.03996181716043115,0.48393206982881315,-0.01471185811065803,0.14976034910299443,-0.045331875755053694,-0.12763934008575964,-0.1265028736663689,0.28640215144890213,-0.005362405847305807,0.0973658403342616,0.07015186368665154,0.07999048654638412,-0.22781728754335182,-0.00914674998310975,-0.032189657750948224,-0.004002784259529758,2.994444444444445,12.00385580879812
2,118.43969326378,121.074428820429,129.908692209451,101.628247298835,72.1333443180308,49.2322916594101,17.7874420893117,22.4720348098937,20.4923506146444,28.8520722824448,21.6274846342461,-37.2597996869494,-38.5978937117109,-42.1057264871648,-50.042453079071,-58.3001740346901,-39.290111128395,-20.8770245665762,-7.8029347779702,-8.12601180589673,-7.72084676113675,-8.61995230407063,-6.30541604093226,-10.1647514397115,-13.3745367214296,19.2843424046412,21.2807263394759,18.7294775834609,27.6566369599976,17.382239439327,10.4302981910014,20.0858843804425,27.5157279660414,46.0652162581533,23.5999847577972,18.0181322987409,-0.993533087254935,8.13983976547872,18.2960088805649,13.6930816634081,-8.75945284864974,-56.64695018749,-82.1600516818646,-95.5153026429326,-53.9397313940384,-17.3429192111717,15.3067891173706,18.6097193008005,26.7804084384178,17.0738552430701,0.7299813286947,-0.989066169131797,-5.83315712455647,-22.3028206390766,-17.5934874274823,-0.16903427303140658,-1.132766150515802,2.2687577751125896,-0.6542414661996252,-0.08892718745143248,0.25897997567049885,-0.21436426047031268,-0.11905654304184811,0.002187078293175129,-0.23329027048815895,-0.02302904973451493,0.01673653418042939,0.10428368224315798,-0.1303533120367364,0.021603053189425184,0.19906094791357348,-0.023496077012123587,-0.17859017370275534,-0.03909144933816904,0.10305072806317955,0.2139792921459292,0.21047226719251616,0.0760613956509274,0.07527215573451669,0.25324926098798617,-0.015547763486762005,-0.17283171694389154,-0.11145931065329735,-0.2920414355668412,0.3597534246078257,-0.27734250745872185,-0.017041408680474313,-0.2844056048776012,-0.350000396681611,0.24870094888622607,0.14647840542817453,0.21256715877399426,-0.11609749754964546,-0.15689091334400523,-0.052202052004971945,0.03653421594652293,0.16130849255790342,0.06135455842366865,-0.0353731039131963,-0.03834592297887311,-0.07363441646468472,0.4432545752959189,0.0026136838177607635,-0.1664968865898211,-0.48310505671496534,0.4379607554902791,0.14564003822303948,0.025301579663541598,-0.1727703499402747,0.05022827162259806,-0.3744444444444446,11.397310744620892
3,64.0802445456985,71.9712110525017,101.628247298835,122.872584929757,81.9619717448768,64.5853010620148,42.7190252829412,27.6561059649141,9.53091903364625,29.6975941026459,41.4609995247332,1.04899456002953,-14.6190321365225,-16.4898089487089,-20.7589858215683,-25.4522707747231,-16.3338924992595,-9.49984979355926,-2.08588732047481,-2.39702641800668,-0.551513551606622,-2.20683255005961,-2.89237404704065,-10.6697810571911,-18.4138072885057,16.6345719432364,14.1471683834298,3.5088545976309,11.3065361051539,8.11170432460605,5.52722952299722,9.88548452673805,30.4760624363841,33.5605958173268,23.7221746046137,12.6776508086168,-11.8372855733711,-1.61748712407799,11.7847103178101,8.43386870042919,-20.8035940385107,-65.7811605460284,-93.8020009537889,-108.214613513044,-60.8316491573581,-22.5232989664407,17.5018216732693,16.5389505057731,20.99262735557,15.0212653556314,-1.34526262120268,-6.84368148458177,-3.10835869389784,-17.4088464806663,-7.5076267773864,0.09731456356187722,0.09601137620140444,-0.6542414662004031,1.238592814228755,-0.47363744982476874,0.012873152196338496,-0.11858059036588475,-0.10531356370006853,-0.08213896248715083,0.11962025171817596,0.29155381771889133,-0.21436348660616655,0.13003294217205374,-0.03413128889261031,-0.0857417421968983,-0.1932484671201993,-0.009706347360754515,0.031553153304466404,0.00030927446561271647,-0.09249100643501439,-0.04841365312245859,-0.2800059818934499,-0.2294929617874246,0.06700953287956182,0.06425076792561536,0.10233365088980143,0.17758109111386997,0.09677132893415917,-0.09194991249154379,-0.10521931353772573,-0.01314840076249128,0.29365253746551134,-0.5395077163457709,0.20015233865355095,-0.23537938334508945,-0.2772242804431485,0.3865321155193337,0.28813975694040067,-0.5025739917820403,0.256532206276521,-0.17059198321129865,-0.017113686205092803,0.1771223747336262,0.3086648865340816,-0.09904366333318187,-0.3041231140337315,-0.18811716942593135,-0.08391461431247128,0.009193831339022813,-0.204600735049803,-0.15744276417137554,0.12377787294625452,-0.08783164707078396,0.1233867115896913,0.06782236296058698,-4.915555555555556,11.08433962533436
4,60.5425239778622,50.7165506869935,72.1333443180308,81.9619717448768,108.705849616858,92.3697980195944,29.4180313042276,25.6201266061206,17.5681368376365,52.3624590515012,78.3446121573252,27.2189633875669,7.12178793549754,2.85874103516857,-0.682221008060255,-6.30236009377176,-2.62961608551153,-2.52916462445396,8.43595313076354,7.36181872249153,8.20746456660826,5.9747482926107,3.24276170788112,-7.66494641740156,-19.8874248622396,5.29399151460696,8.4009448686467,5.56410834512237,17.6419317979024,16.630575894754,20.0165374254653,18.5512986011109,23.2726844573159,45.5031150216553,28.7188567410533,18.4767718178168,0.361563671184392,5.69273190794053,12.000333042461,34.608287939859,5.45737055432455,-22.5957636423925,-42.4114409133954,-56.5018060285356,-34.3079803917932,-19.7464840567468,3.7156234868884,7.4763051148699,10.9689380814476,10.7063167157116,3.89177042131688,2.38155211034831,10.8316148851804,11.4884487433424,24.2494615649001,-0.16416178786923774,0.15219697731913023,-0.0889271874509526,-0.4736374498248342,1.4708728252015444,-0.9897825639676282,0.2176686565588981,0.036220286818009956,0.28091652122699307,-0.14884357907092788,-0.10518428008490464,-0.13360910702520543,0.04605007797947967,0.1429167296028985,0.04107114968998026,0.12670655016719568,-0.2631411386051214,-0.3995419441466294,-0.1361162291784303,0.1640081919238165,0.3923854013714994,0.07173735002137849,-0.4619010322200841,-0.057770792808928176,-0.12614472330542548,0.049128872264616215,-0.11717845212689688,-0.09131534506467982,-0.04573357318207432,-0.10749847086741687,0.15907333888932426,-0.1730150440844754,0.17573761318234682,-0.23950470016345762,0.012858593279390082,-0.07330860243340091,0.0631139548295743,0.2167310293476242,-0.066125387036957,-0.23919039145691606,-0.020489620876686987,0.19169675674891562,-0.3237232056397969,0.017902385521433382,0.030317481953071712,0.12668823930130962,0.2940600977490634,-0.03544766360830765,-0.1309915046779307,0.15402021280011438,0.011045162547405283,-0.09916077387388347,-0.02757731966186139,0.09252086275306472,-0.035765656296042045,-3.3016666666666667,10.425730171880446
5,41.1074512137179,32.2682144277671,49.2322916594101,64.5853010620148,92.3697980195944,119.670391203704,82.5249378990554,68.147302220065,41.828691516777,53.0757549100289,64.0574213609839,4.68443845590235,5.62966937277624,3.75670765513238,3.25632737287392,-0.536081136146591,4.12863681374257,4.84467969516738,11.2192347645984,10.4497914070527,11.8408704280149,2.75740359221822,-8.39939250680234,-16.0504959460837,-26.3501044696868,1.72064202309145,-0.598086746227193,-5.85021248485494,2.98801387919915,5.26375642723198,13.6975552957525,15.3985181586435,8.2931855806154,31.2398449177772,26.7868168122789,16.7233401959841,4.15541349951724,0.730750378965757,-1.5130785446084,25.3257386002907,6.14316310209319,-15.1904123603237,-20.0117649072129,-22.4589133986961,-5.00701046703761,5.38356281282544,21.2954364573315,9.3318934772254,9.99712983732013,11.1548004554006,10.5995861637909,16.2272682023434,27.6702544193577,31.0658242391787,43.926238097805,-0.13469453884419907,0.06078311466759117,0.2589799756702726,0.012873152196178614,-0.9897825639672758,1.311320284604155,-0.2049403935532123,-0.17889380212176031,-0.14931940586711043,-0.0918547875147703,-0.1927328671536489,0.18823876496633477,0.19584495499886634,-0.11347134799139598,-0.14000302480235124,0.0012140259531528436,0.19294889464289494,0.3634281782785436,0.145604662187531,0.12103485083125771,-0.5185870957899827,-0.12304010599321853,0.4741932821329763,0.2004367862932052,0.1510397390653166,-0.057254936029006186,-0.08870635614578051,0.28041949628075513,0.28239978100557817,0.13478998187449448,0.0031536896210658575,-0.26046988567718726,0.2510155107786523,0.10472014414527665,0.042423002855224934,-0.07492733198663258,-0.15162912011270802,-0.12618747739828606,0.13482186154558823,0.07233419062145477,-0.09482609799074482,0.043062227588318194,0.022621983391159645,0.024099979316033054,-0.0446392950147923,-0.02097981155138786,-0.056461777991398246,0.011528928451071407,0.06380722695380028,-0.12773577272586384,0.17558228039141563,0.40414037272711606,-0.13192691612399007,-0.0508941031752626,-0.1326518812723642,0.781388888888889,10.938939217479168
6,-16.7679648849805,-3.054051430289,17.7874420893117,42.7190252829412,29.4180313042276,82.5249378990554,209.353957664011,148.936263162521,77.215904649176,12.2972784321699,44.5581709771402,15.5514915652912,31.0132203602766,24.6949010640364,25.8928431643478,25.6804478062192,29.8889614556455,29.5201078929099,5.11823410226705,4.90768133748055,7.07373560390363,-5.40474513084626,-15.299688473403,-3.84116618801752,-1.20952972298652,15.4283354691908,2.93955579813512,-13.8205548069918,-16.5180320493925,-14.9851393214093,-5.07878586329622,16.2462046927728,0.373311898717062,27.5064014702428,38.9299411833599,20.9370991743114,1.3394802097745,-9.81587240800476,-22.2704267784959,1.45092739888641,-14.7449823752293,-14.0629745353328,4.22694970364142,21.0802484686904,25.9854713277713,25.3201780760436,17.841113267096,-7.91692726250028,-14.8262478061787,-7.57362186918115,20.2912813721706,50.0611921102629,44.2744129165373,26.7748324934727,17.1720468343421,0.25356312698369793,-0.021884440614604993,-0.2143642604703868,-0.11858059036601254,0.21766865655901355,-0.20494039355304522,0.727122076246277,-0.8097485875443485,0.39859671687199494,-0.006723256124536283,0.08028456020241873,-0.12510377480864632,0.07202555539340846,0.19151453521106615,-0.023366436673441727,-0.10506177600488277,-0.08136835608807716,0.011561493756693141,0.002440056064458395,-0.0064447044025706095,-0.24794083627734778,-0.08467349200518229,0.07231823846767677,0.03437532833767711,0.09103526978007227,-0.17533570570584098,-0.1885859640177939,0.0009377646224729515,-0.056102014249742566,0.02094062345428251,0.002242021099284865,-0.024660897527758744,0.23396871294657065,0.03514372100957597,-0.17774498664168367,-0.1982437062368361,0.0027324998072141573,0.06788196736518849,0.1807102563407495,-0.16197324080248668,0.07737730082210521,-0.04758246630070866,-0.08309927808107857,0.002442537864979172,0.03346953250266368,0.02038058444829018,-0.0176905165173829,-0.01180582901057022,0.07449289310146265,0.013991997579963021,-0.016441333925028244,-0.4490872079466752,0.26990314498179807,0.04324331234513124,0.03521419237827176,-3.6500142450142454,14.468723428969493
7,14.3625966988843,13.4754010565478,22.4720348098937,27.6561059649141,25.6201266061206,68.147302220065,148.936263162521,140.389520993544,108.664769510737,24.6662925836636,35.7285256278739,17.7894200528019,52.0872423434491,44.4809763855194,35.4351525019153,24.7262326852249,25.4920040841124,23.9191191398391,6.46120525026724,6.73378318305632,9.18014639931488,0.747088558490052,-6.58969328540238,5.66962381140977,11.1907756854344,18.0070266172942,4.16503439564557,-6.47749097539127,-4.16693667063674,-6.25018620896613,1.16335818499719,17.5489104494055,4.79336833609242,27.714711218503,31.3406457005218,24.5720773535323,16.9756375358111,4.0356612748031,-2.81537183002798,23.4619993136468,15.9183063709379,18.8542542294106,41.1289904671668,58.3045730798934,47.5904907086309,31.9730717356904,11.4890998975037,1.38548750836079,-3.17527017902252,-3.16147963282272,18.9404707969593,41.3834286858414,37.7775616845562,30.0408767048671,26.0655354152112,-0.13339088934426369,0.09138967825718933,-0.11905654304198304,-0.10531356369992198,0.036220286818282016,-0.17889380212230005,-0.8097485875441572,1.9629973185959995,-1.0442724779328345,0.184216478760826,-0.012346514450876566,0.016701341262770196,-0.19957715579796392,-0.02028256212654531,0.05126698386930228,0.07931841963199401,0.010120769445064643,-0.23597692276941148,0.08964076795251785,-0.07552952490366328,0.24646230464599214,0.19357930507388538,0.023785623736160853,-0.1843729189551728,-0.12099677906904684,-0.2183495642593045,0.44270076075076803,0.039436630096922956,-0.06109580391494662,0.0974213065300062,0.120134724710907,0.0049606445032329746,0.14972039917121613,-0.22567924837600536,0.11621698042307177,0.48635896967999237,-0.17786866454312852,0.03136774865800295,-0.08155213412154248,0.01423842320977296,-0.011406407127308067,0.004650296317353655,-0.02598738399146843,-0.051855678464803864,0.07386063110339713,0.07996227299446576,-0.3259543746640694,-0.02249607317232882,-0.036885298482894575,0.35752479971377427,0.14263650966866787,0.08276535616970535,-0.2776404090150717,-0.36075257802457633,0.16883454407175635,-0.5036396011396008,11.848186401029649
8,29.1213272277757,18.4629383661154,20.4923506146444,9.53091903364625,17.5681368376365,41.828691516777,77.215904649176,108.664769510737,126.304913791464,29.1299675591763,28.7747512278349,18.877537321133,55.8577787356673,45.1137358611655,31.1548646189517,15.1117625891539,15.8623034290367,16.1619194667511,8.37718311567026,9.2078495006379,10.6482336628616,5.63730695856178,1.84184116830949,13.7277306521841,20.9703726783315,19.9337275067277,8.64600945225326,4.0352573570397,9.94687132334858,3.58025409926393,3.33965233100557,13.4050715910029,11.8755266616078,32.872963933741,27.0339269833033,28.6451001169719,30.1389428057194,12.6938609310327,9.13842569022332,36.8396023262107,36.8818284570555,42.6470848443213,65.7236056545607,83.9986223965115,58.5175156451624,28.9720414767052,-1.73882460528647,5.42795006808082,6.08453125335098,4.00716899638212,15.55148197098,18.2753373567658,11.4704190174147,10.7027438983097,16.4235572145155,0.09011769140796316,-0.04516447091002075,0.0021870782933841723,-0.08213896248734545,0.28091652122685074,-0.14931940586686218,0.39859671687184883,-1.0442724779329748,1.0093920052897898,-0.03198726914255429,-0.17719487739977532,0.18844907170864605,-0.14085363449617477,0.004026496363557058,0.025424179928716133,0.15046634248330482,-0.003588953039316301,0.07953594724244367,-0.13360147414369192,-0.009982697942464184,-0.017133942547676802,0.12769114474734947,-0.039645377691272875,-0.03482835906574299,-0.09794794282807028,0.13847694080858805,-0.16768306597383537,-0.037092933973613115,0.0065116214645310954,-0.09680471997122583,-0.022812745437579243,-0.016814945833271727,-0.4335560250328716,0.28026719144582574,-0.05011783515929859,-0.325400235475166,-0.2711528967758677,0.24086038441320182,0.06998424620952923,-0.1089809048322968,-0.04575197428650536,0.09712390899792951,-0.17553170862989195,-0.05185147395798549,-0.033149044882527665,0.1307779047740563,0.2347885455728936,0.06583758438681118,-0.025416924492541796,-0.22797081923189447,-0.11441046206307574,0.050513485271996394,-0.001112486441478149,0.2752431793444966,-0.13578572804237798,1.4788461538461537,11.238100986886709
9,13.7340457703985,12.5547613236838,28.8520722824448,29.6975941026459,52.3624590515012,53.0757549100289,12.2972784321699,24.6662925836636,29.1299675591763,93.2905416635153,99.4313759274539,102.573206855268,70.4598505004652,51.5077651747606,30.1118267518833,7.57876644554924,-3.99820932038267,-11.9104786191577,0.936972632656717,-0.156727364877897,-4.92835742945299,-6.24335215229245,-11.7153619911753,-11.4931344674079,-9.33164780567433,10.4347942718573,12.1200906493818,5.50847173524655,10.9103781311887,6.45720243250938,10.1667866157601,-2.07419062909864,13.3836171927256,28.0685904427564,12.8785605984967,11.4584448479627,10.4810984285764,5.77262417539329,6.84235690548191,38.3554577147002,25.229941659718,11.1895717319203,10.3466957636603,17.8410628383372,29.3375179950278,33.1587274551187,30.4630465499602,25.175662689484,21.3845392301872,12.880921692543,14.113675554689,4.5469919497414,15.2736236900009,16.9192616911571,28.477051993764,0.2818904688125765,-0.18468522860097408,-0.23329027048875803,0.11962025171828712,-0.14884357907107082,-0.0918547875147171,-0.006723256124208398,0.18421647876036698,-0.03198726914235166,0.918341360766085,-0.22961861922706964,0.15211327728064555,-0.5809436833270125,0.10258576377091767,0.0358913907222548,0.1461043162925988,0.3424779938442367,0.15383492487103634,-0.428009110930885,-0.11544161960199438,0.23302083866002393,-0.037526180126250724,0.09693691866997241,0.25717627001958,0.03296673583480134,-0.018698067598859714,-0.007607365247354423,0.05954539930102163,0.10767435981201016,0.12369324996553105,-0.023538102622464287,0.11230770628834795,-0.10900211249767539,0.0733959763756286,-0.24515110376390387,-0.20528859074349007,0.03429944388545391,0.26051729343094315,-0.03914488013156041,-0.08936851477497994,-0.0753030730970854,-0.11980117519059924,0.03287513004163788,-0.04114372257563131,-0.028560697884670753,-0.014211123517837636,-0.1522904185989359,-0.254208170543719,-0.11953823793334302,0.46679286231437006,0.026642365186924893,0.1018624445448542,0.22720261880804943,-0.435877102294925,0.07152534321913312,9.488966588966589,9.658185215842327
10,-17.7802398816229,-11.5736646725001,21.6274846342461,41.4609995247332,78.3446121573252,64.0574213609839,44.5581709771402,35.7285256278739,28.7747512278349,99.4313759274539,257.193222418075,215.167130224365,116.417774441469,90.5420172736145,66.6894378001081,43.2503269181482,22.3010985600853,-4.9234162185641,10.6254769706177,13.9584221439732,13.2499250124611,7.29744832290336,1.14815491926732,6.77634727653878,2.04052374071303,30.0096721473281,28.8679906046682,21.9857704340225,29.3117939208379,14.5226563157784,19.2494777365743,-1.62494890457396,20.1259391058022,54.6278195330798,27.5409200469949,14.3895845066151,12.9776386332291,8.56092569109965,5.67527744679555,28.1218871453151,-2.7174548663097,-19.4922772822328,-24.1461944384281,-16.7917246329795,9.77545817974379,25.3008336218405,26.7103340261738,24.7194253309803,19.0086633853003,17.3351202361471,26.8047606849029,18.0876254724986,25.1960901303454,16.2085685777535,30.7316165330051,0.18988357221200927,-0.07431827119033534,-0.023029049734810368,0.2915538177190851,-0.10518428008498262,-0.19273286715362462,0.08028456020257159,-0.012346514450893313,-0.1771948773996232,-0.22961861922688973,0.7673242943561778,-0.3346187076147968,0.2036669196459154,-0.0790797150848376,-0.11219852187402028,-0.17746917870075485,-0.2604697351727625,0.07311083932882359,-0.1312736292184891,-0.15476524806799913,-0.22502778909576018,-0.099429569415456,-0.04635562968673638,-0.15153534246024816,0.14627693812478812,0.01915677824652297,0.07105294952374992,-0.36299119426593857,-0.4594194146796353,-0.21434926824018424,-0.10095403883810272,0.2792326750599574,-0.011004660410631285,-0.376857840156472,0.025272791392023514,0.22439401848771304,-0.038026545604080225,-0.042007972414482404,0.1491378902650206,0.10140909649891605,0.04562888274270514,0.08165303422269402,0.15368203006671113,0.2693830428295661,-0.006592232518694385,-0.29528433957091976,0.02926459077593279,-0.2021356147922728,0.16050701922712615,-0.11738474823053646,-0.15141764272251598,-0.3017047606562952,-0.05960513766740235,-0.03290905823216227,0.21910103068869144,15.699087024087023,16.036933073941395
11,-73.4436962868171,-69.6560172060195,-37.2597996869494,1.04899456002953,27.2189633875669,4.68443845590235,15.5514915652912,17.7894200528019,18.877537321133,102.573206855268,215.167130224365,397.627966513351,222.38550063271,181.800095030843,138.096590910986,95.310531285782,38.5650066007172,-13.3627670611118,-1.78366702879397,-4.99271724993977,-5.67546553331516,-6.62740622674443,-9.23656302081386,10.7517581948614,32.1082035976495,24.122372209935,27.776419634354,11.2472350159481,15.8990475899638,7.37665949819532,10.5118896699193,-14.3589581911029,15.5530829658598,17.2899231350555,1.49745434142295,12.6263212060925,21.7075463896331,7.24267306192521,1.40075431344113,33.3374391298466,35.7349481841596,69.220532422802,94.0428973711415,122.426530404915,104.953681191934,73.6658011660499,29.0380177457258,26.5679967495788,17.2871640743044,25.2544113629484,23.4902078500632,10.3947312477534,36.5329579881329,43.0423906084321,78.7380464171853,-0.08214662691030764,0.15395020634132417,0.016736534180951182,-0.2143634866064464,-0.13360910702531575,0.18823876496647837,-0.12510377480869989,0.0167013412627028,0.18844907170856928,0.15211327728050764,-0.33461870761490375,0.5071832860709866,-0.53214561124647,-0.11286298152446803,0.0939488741285551,0.22873114660889912,0.2658203915824892,0.18637300899606785,-0.13831942468157937,-0.018434234688124464,0.0028797077156382084,0.21088526070530222,0.16970929377889546,0.023983753770400594,-0.17476402694990031,0.21358734678555685,-0.06097899958177874,0.010921816895078889,0.06197366579486105,-0.15080751391592803,0.09290046116951114,-0.05170275113837424,-0.21495776865669777,0.17548731940777285,0.1657779995750533,-0.012501285716195173,-0.15096035641883612,-0.0038657412938607884,0.12493600451362473,-0.002777709685364355,0.1899658916666899,-0.03658322393569428,-0.06849297722520167,-0.21462956504330874,0.0020096277822315165,0.22880064387639137,-0.060619359540803025,0.07052753542731575,0.11802297213667934,-0.10228543459117224,0.040715102339247716,0.19479606228449592,-0.0595924920309133,-0.008818915308331845,-0.11169375921280437,16.47468364968365,19.94036024031037
12,-44.6867403159179,-54.6606164754941,-38.5978937117109,-14.6190321365225,7.12178793549754,5.62966937277624,31.0132203602766,52.0872423434491,55.8577787356673,70.4598505004652,116.417774441469,222.38550063271,213.377898466895,198.992262936156,168.926788222878,139.725703084553,75.5800447024499,14.124743706331,-1.45391618918995,-2.66547441756797,-0.374200759722915,0.826916996997574,-3.47233814980091,13.2096739426522,30.8345082477803,31.1744698563712,27.0685444321951,9.09365114964894,10.1631673578804,-0.0270107633738439,16.7601322853038,8.27670762441111,14.2891595336724,14.9698033011915,6.1424966177197,15.4693142378835,23.5093260715297,23.4952519832687,28.1081361522206,75.2089160453797,67.9133710658696,112.090152470414,123.327082528301,135.856382368455,106.121380069878,64.3837823881674,17.7228271120419,14.7647519766425,5.05196233823828,2.7007604868876,19.1171495059429,18.7540985429146,40.8220723983514,42.6493979255622,73.8629627442442,-0.06602877847003637,0.07265320813438839,0.10428368224397214,0.13003294217239242,0.046050077979669056,0.1958449549983405,0.07202555539267186,-0.19957715579730226,-0.1408536344965665,-0.5809436833273822,0.20366691964694392,-0.5321456112468098,2.2970391201083804,-1.0781942771747197,-0.4911894611902345,-0.08524891472402364,-0.06304773979008763,-0.3926727919308464,0.4075279039745992,0.10177670410031073,0.1629391264832268,-0.1654779387719883,-0.20943441656701609,-0.1266347456477707,-0.03001583430997045,-0.13021457085288607,-0.2256333815964221,0.03542142581110057,2.0777290469906524e-05,0.031505522207171247,-0.3488748117228274,0.06444234011080534,0.3140302827428629,0.09078360449474336,-0.29388994321238254,-0.3769948303806555,-0.1004888893627297,-0.009911585946291322,0.023082425106477757,-0.17208474152772088,-0.12492173553095878,0.21306460890682044,0.14797465463421602,-0.03875388655812304,-0.056247883602052795,0.08155702864298041,-0.18450952002363732,0.019150364335534433,-0.26339767795932467,0.14569568655093285,0.12955664409250953,0.05589118929315352,-0.19185467088400665,0.14510257030027263,0.04244008069253801,14.164354349354348,14.60711807533899
13,-41.4496703220597,-53.7449054884411,-42.1057264871648,-16.4898089487089,2.85874103516857,3.75670765513238,24.6949010640364,44.4809763855194,45.1137358611655,51.5077651747606,90.5420172736145,181.800095030843,198.992262936156,201.657105940444,179.810503785668,158.846811831065,88.3243980186865,18.4964664323272,1.65051111878556,-0.606767861519242,1.69987233283961,2.11114099564797,-2.70898271299547,10.2842740825735,23.8028347219231,26.0272599581336,19.5358296483038,4.18643310084658,6.16589100934873,-1.44845476005582,17.2755196021222,12.8980456167026,14.2692473666364,8.17866929155029,1.33939680328044,7.70540252243555,13.5769281027499,18.1649247855026,26.7016827552162,70.6771396793624,71.9215292392829,124.886379129259,128.495917553088,131.648670658563,97.0102075080218,52.1128338138142,6.96565493622626,6.49653993842304,-0.992687194025946,-2.0693133572061,15.4896063039694,21.5103695080246,43.307939890334,48.8328005664206,81.3389354206891,-0.09313370645648483,-0.008789129344970177,-0.13035331203896625,-0.03413128889335809,0.14291672960452023,-0.11347134799186125,0.19151453521174935,-0.02028256212709057,0.004026496364854663,0.10258576377193283,-0.07907971508679505,-0.11286298152312425,-1.078194277174387,2.7688182772694447,-1.5318092168429773,-0.18532732458149526,0.025190426666677757,0.090191971739279,0.13621210135134332,0.0404855991336486,-0.13633673772005178,-0.013234246307131742,0.25326492754367547,0.01143385886933841,0.05144798122397437,-0.5308676274756222,0.2575149477321427,0.48758310604911964,0.1693786629496878,0.21564367766246967,0.0971756444767016,0.030043698843820778,0.0034538132954964737,-0.03736641842776289,0.06731820766488295,0.327783568740397,0.11448111808797794,-0.10969453836263146,-0.18294536027210845,-0.020427799542530496,-0.6770066221158626,0.3389938903976283,-0.007378511955310419,0.011525947878093407,-0.06744361759578456,-0.17572222649811878,0.43492209496146855,0.140166293454747,-0.15151162859734194,-0.0018340857335243427,-0.08882088929627188,-0.3761635845032443,0.009733853941135634,0.07641525961980711,0.03358165716440875,12.197358382358383,14.200250206966203
14,-47.180648567632,-59.248268459245,-50.042453079071,-20.7589858215683,-0.682221008060255,3.25632737287392,25.8928431643478,35.4351525019153,31.1548646189517,30.1118267518833,66.6894378001081,138.096590910986,168.926788222878,179.810503785668,174.118704010491,168.978524528603,97.9383578164049,25.1490152239444,7.21043763545948,3.66748617675304,5.33534611551497,4.53135870809614,-0.277391489695929,9.28094008064484,18.8991993972675,19.6468572952468,13.169246878823,1.08512105481434,3.26811266589793,-1.66648000147296,17.9555409515637,18.3081637945023,14.3597841502583,4.05641348300023,-0.124788596872048,3.42196300412184,7.15360487117181,11.2398681760108,18.3860206475506,55.3264707290545,61.6388044333974,127.293833246005,124.53919591244,122.606303999563,84.1742830503936,37.3845349333923,-0.640979078218638,-1.8123242604283,-9.02362523973545,-8.93035936091869,4.90767138998033,13.2349186361358,34.7001962354189,45.271140673588,77.414017998065,0.05329779676256912,-0.10396941494334844,0.021603053189814456,-0.08574174219599395,0.04107114968868253,-0.14000302480204754,-0.023366436673187375,0.051266983869576566,0.025424179927129323,0.03589139072102069,-0.11219852187204019,0.09394887412657549,-0.4911894611913528,-1.531809216837221,3.920241869521542,-1.484515722041074,-0.6191197731607848,0.37145115418702346,0.01961328198779174,-0.0007243706334465438,-0.06207846469131654,0.0045107456373554315,0.05092950092115848,-0.006978519547448015,-0.02128868833350294,-0.029589988500005472,0.01916988579243321,0.034781238468077846,0.043638322100398995,0.15152711159608387,0.055408155452705575,-0.062382950076452046,0.014061882261683685,0.07735825379524455,0.1398699024861074,0.022282511126886784,0.11432877798672368,0.09333140715562648,-0.10406598394577929,-0.005247558333833138,0.00543921826806104,-0.11113256178707827,-0.1144297629344897,0.025924962040771483,0.02078175894278074,-0.08890894491114527,0.15985075540811478,0.19258371737213076,-0.056338597398830154,0.04578856002713419,0.07214503351631099,-0.008308907127831862,0.07501004598587149,0.10395399175410322,-0.10750280325367627,9.019251304251304,13.195025729815429
15,-53.7827523051975,-65.2024431733087,-58.3001740346901,-25.4522707747231,-6.30236009377176,-0.536081136146591,25.6804478062192,24.7262326852249,15.1117625891539,7.57876644554924,43.2503269181482,95.310531285782,139.725703084553,158.846811831065,168.978524528603,180.117042842517,108.636206537088,32.88976036649,12.7691285585427,7.77044646481435,8.60259721168851,6.42120705933362,1.57357525267183,8.06682782328679,14.1713937787038,12.9667788761292,6.52489592477444,-2.16176889891385,0.14048905645329,-2.0635077891085,18.4642171921029,23.7775035741562,14.6974561077103,0.541621844526305,-0.952258208296472,-0.545571224571346,0.675003447087153,5.54299303067009,10.9170002247185,39.7836479766488,50.2444704990695,128.466451848299,118.804277786019,112.618681599527,70.7893035721438,22.5296631726486,-7.81081619259434,-9.91444077141405,-16.898671882301,-15.2783022899291,-4.63499446352888,5.88144048844086,26.9724556545143,42.2098443518663,73.687661888998,0.10777383077340769,-0.18045488312468805,0.19906094791515758,-0.19324846712044474,0.12670655016703639,0.0012140259532946688,-0.10506177600521906,0.07931841963246501,0.15046634248383942,0.14610431629358733,-0.17746917870156664,0.22873114660961613,-0.08524891472431886,-0.18532732458662868,-1.4845157220336358,2.528973903975699,-1.0158782632717493,0.08549342719984067,0.0007073741710999211,-0.09595784081678484,-0.029806593452402226,-0.01812392110254234,0.007282535327423517,0.06079004859530225,-0.03471839023730658,0.2572179079604225,-0.0003488467453471346,-0.2040441839923002,-0.07826519143555201,0.005103514334920038,0.21979014171839123,-0.20246612176913087,-0.07036299346363929,-0.0542948037829064,-0.011257205725687097,-0.14640568760413247,-0.00970355795866788,0.2050726609830218,0.005573672671957001,-0.01168268631256068,0.7271798278353525,-0.8789419423855549,0.02842802483297565,0.06638197920898226,0.0995490770297919,0.14086499375153647,-0.32622710318962794,0.08607768689802174,0.0005391465672599839,0.04142024656990825,0.04019193120823782,0.4258952986236745,-0.04795796420461619,-0.15455731395213376,-0.07308953292785106,5.65169978169978,13.420396523296796
16,-39.0956956815176,-45.8799928084297,-39.290111128395,-16.3338924992595,-2.62961608551153,4.12863681374257,29.8889614556455,25.4920040841124,15.8623034290367,-3.99820932038267,22.3010985600853,38.5650066007172,75.5800447024499,88.3243980186865,97.9383578164049,108.636206537088,80.3236399552938,44.5820017033103,21.5991088071952,12.819303699877,9.8883659011924,3.75832265345553,-2.96955651407706,-1.05811353039706,0.0576772142119919,-1.18244572168827,-4.04936610966101,-7.91535444387712,-5.66931746005025,-4.3910907016278,9.60440788009121,14.4055683379285,2.75602272390397,-6.35616328003973,0.801346532999858,1.71111297793092,3.9217761599647,4.49099858799872,3.57214108588556,15.363119387422,21.4430459082972,64.5349023122988,70.599883372445,80.8593136979508,52.5956920757926,20.0080939193196,-5.33917555015694,-8.10753923669431,-13.0248421435185,-9.96616947542073,-0.72617811745659,8.50054483944229,17.941097655331,23.4661888046693,40.2527738174167,0.08654936927111076,0.03792009025030963,-0.023496077012587845,-0.009706347361292255,-0.2631411386044392,0.19294889464237253,-0.08136835608850491,0.010120769444523434,-0.0035889530394503455,0.34247799384361477,-0.26046973517271244,0.2658203915826679,-0.06304773978765509,0.025190426664290545,-0.6191197731631372,-1.0158782632690895,3.1227152796018,-1.2955193849401538,-0.5407870771379488,0.31124716884353576,0.06278951900511763,0.19882448585178142,0.0660483085812531,0.00984462288070367,-0.12378985678576573,0.26694400867325635,-0.0029506908572393196,-0.024927335107965503,0.019361083721487208,-0.08573313140490381,-0.11853908578745627,-0.030974073688030682,0.014948453376171034,0.20362446920652416,-0.18927029740687226,-0.05672375043714572,0.033308679847240896,-0.10850132242229919,0.15216876295292453,-0.019149602379973815,0.10860987319737563,0.01634901629563483,-0.12585264765625503,0.036723180769601335,-0.026490674282439994,0.03790761144639303,-0.004145916635778253,-0.3756574910334613,0.0795521703097936,-0.037239362941064925,0.10862792181614592,-0.0008878732122798718,0.05123147423599436,0.10378015281976521,-0.16338994400478135,0.8674815924815922,8.961787765579691
34,-23.1052367151906,-25.9308705638181,-20.8770245665762,-9.49984979355926,-2.52916462445396,4.84467969516738,29.5201078929099,23.9191191398391,16.1619194667511,-11.9104786191577,-4.9234162185641,-13.3627670611118,14.124743706331,18.4964664323272,25.1490152239444,32.88976036649,44.5820017033103,50.0229461317559,27.6135203764638,17.9919596822047,11.0996022278783,3.17827950707807,-4.588111420248,-6.66376035987487,-9.92650767242455,-11.1356919954457,-11.9847267697412,-13.1754424710444,-11.5222094611166,-7.01554142074308,0.439634523485192,5.1721354348285,-6.43262897023572,-11.4403954946432,2.71861371313077,4.46672369233471,7.91227754166204,4.84920146829708,-1.63209439988573,-6.66984254074246,-4.61280620136141,4.65796388261136,25.3505538131787,51.7118522570859,35.7949101921147,17.6829249870025,-4.12174655193663,-8.10552948716039,-11.1941266809143,-7.34910626383168,1.29093093649427,8.77709966099682,7.83987385754581,5.75305018629977,7.66637624285696,-0.18183331635235545,0.3680658258937895,-0.17859017370278427,0.031553153304346215,-0.3995419441467706,0.3634281782788323,0.011561493757006526,-0.2359769227689591,0.0795359472423422,0.1538349248710925,0.07311083932847312,0.18637300899609516,-0.3926727919321396,0.09019197174065101,0.37145115418836894,0.08549342719782893,-1.2955193849391653,2.1014827807133782,-0.6123644956109958,-0.2148767554938086,0.1272445773544329,0.03887980737764869,-0.022265015315560837,0.1918382797920106,0.19417243176625334,-0.11533045832335595,-0.06936683309790757,0.04592568968841187,0.018955940670872105,-0.024828208445932993,-0.03589136999391198,0.0754888485547711,0.09182254524370871,0.11917580700969,-0.0844835814667639,0.037470222643970236,0.021500243444077374,-0.26787744966748767,0.21993259288115286,-0.08655360165251029,-0.016263423144216506,0.42490320207606563,0.27646504735868693,-0.49003160823774283,-0.20257100022850302,0.25068919358039343,0.07025684647530155,-0.16632466675328714,0.20415711842456044,0.043989068917426426,-0.12103057968791545,0.16001028674892542,-0.20411831997850496,-0.08075268970578171,0.17717420668629227,-4.29006993006993,7.071983182372245
