,Cov_0,Cov_1,Cov_2,Cov_3,Cov_4,Cov_6,Cov_31,Cov_32,Cov_33,Cov_34,Cov_35,Cov_36,Cov_37,Cov_38,Cov_40,Cov_41,Cov_42,Cov_43,Cov_44,Cov_45,Cov_46,Cov_47,Cov_48,Cov_49,Cov_50,Cov_52,Cov_53,Cov_54,Cov_55,Cov_56,Cov_57,Cov_58,Cov_59,Cov_60,Cov_62,Cov_63,Cov_64,Cov_65,Cov_66,Cov_67,Cov_68,Cov_69,Cov_70,Cov_71,C_0,C_1,C_2,C_3,C_4,C_6,C_31,C_32,C_33,C_34,C_35,C_36,C_37,C_38,C_40,C_41,C_42,C_43,C_44,C_45,C_46,C_47,C_48,C_49,C_50,C_52,C_53,C_54,C_55,C_56,C_57,C_58,C_59,C_60,C_62,C_63,C_64,C_65,C_66,C_67,C_68,C_69,C_70,C_71,Mean,Std
0,834.617065710891,943.202789216024,1042.64407208511,-10.0594169076078,20.2074827233785,12.2529457664512,3.44856149442808,17.6351125461877,10.7124332894805,-0.272324191015275,-3.29857127359197,-5.14717198327572,-7.34460688468883,-11.301295154721,-14.5206530257557,-16.9296319064655,11.2463243810833,5.60078304411162,-0.668776168789664,-7.90403116931006,-14.1825019822283,-10.1603561398581,-5.80708108815793,-22.0606532332729,-13.0623067470583,-5.59632812604163,2.30060748739677,10.2320793399941,17.1025971233572,21.3787998385998,-17.2039823419004,-33.508779391308,-46.3043285306976,-59.1253399992458,-49.588547330076,-32.1851217720848,9.52816252258035,-52.7029069516422,-51.7586057556368,-40.3977968003048,-35.6647978507536,-37.81752348967,-44.0970218070455,-55.3084317131817,1.3175370579659036,-0.6042295205935092,-0.4988913290772314,0.5103391234891138,0.025523592988162994,0.2258879272832737,-0.6958557956627012,0.19683062074867222,0.24110009874768837,0.08554621148326062,-0.06295044094826406,-0.2226459136094742,-0.12968144733422948,-0.039877180645360395,-0.020927349184436398,-0.12987815281477497,-0.09054468712515293,-0.07326261723705103,-0.10575323758051869,0.020984157796527663,0.15651908766191303,0.027252379470926427,-0.033055052432484466,-0.03128766688739275,0.1071777038901331,0.2060269403013528,0.12069335800700952,0.07574573151183604,0.1198056132480616,-0.24563564149355807,0.02743127835229187,-0.13053878963620255,0.007004037557069549,0.08599627809962403,-0.060838943531908975,-0.000257498402748192,-0.00957332084358412,-0.14836706243122091,0.153817997361891,0.15436925536132953,0.06609808785718221,0.1606788665779465,-0.2782965239182818,0.044749173410396116,6.015756373256372,28.889566727642194
1,943.202789216024,1075.85877902799,1183.31431712284,-5.76807456900081,23.313168726014,13.6728943851361,1.03846444546216,17.964727013724,11.1604322562442,-1.9289171999049,-9.31591974873126,-10.9909505349002,-11.8114312435697,-15.3246429744381,-17.9094832189583,-19.5325110434672,10.5977179124097,5.39544686885178,-0.478957109531383,-7.49510235375882,-13.2978064566725,-9.56579467657465,-5.48555327267922,-26.5549145912433,-16.2544903358234,-7.29065490099527,2.0841497013156,11.8503852861911,20.2039656134447,25.6747564892054,-18.0000612810762,-37.3287864333514,-51.2804447370779,-65.2971390950097,-57.0151988018437,-40.1670535637529,8.69603257143927,-54.9178275357634,-54.5845086080924,-41.0090621171556,-35.7548827697187,-39.5603649900931,-45.6093193052118,-55.321265176584,-0.6023742544177001,1.100913242154757,-0.4935991074435916,-0.6690829916022485,0.3124862907191142,0.024098405333666067,0.6379229742483497,-0.36758767363080824,0.07294072792732241,-0.0780174000913817,0.03019843253542723,0.05918976523046305,0.09715028095159287,0.03216452918054619,0.008543912345464068,0.022447991036531896,0.09364037537594966,0.03858211455074463,-0.0006074179616519623,-0.02090828451916802,-0.05132688393455737,0.0010288354567496915,0.023808089758596513,0.211093091428082,0.11933160589593589,-0.08000571635433354,-0.0814036394656653,-0.05000263344095299,-0.13543531940838058,-0.020420257257700473,0.1467643363311445,0.12929458220226056,-0.09742208807755977,-0.044980676277399725,0.019614379533223453,0.04946117461747566,-0.005965235310488134,-0.008176042123904532,-0.011630465024211976,0.04865226304555766,-0.10754457683915777,0.055862356006778885,-0.0031240443758918397,-0.004531455073111133,6.8077633477633475,32.8001338263732
2,1042.64407208511,1183.31431712284,1311.5564432571,-9.95304638628813,29.4623710683131,20.1692695280582,4.65959307145485,22.4367670550421,15.3553146482734,0.296081287257079,-8.34755795476269,-8.8218886931933,-9.38509921498118,-14.1159763148514,-17.8911088562583,-20.6614529292907,13.0350459059026,6.6011939377097,-0.518341038974896,-8.83229440819889,-15.8572034520202,-12.353942203791,-8.53493637546917,-27.0906578623533,-16.1752357134353,-6.5407981551893,3.38112561489527,13.4020118829264,21.8084759106784,27.5216473435535,-18.8673362706733,-39.7197058402564,-55.0026492092162,-69.046483639328,-60.2584464319241,-39.9340714478598,14.1132084425133,-44.4701476251166,-44.5109513009634,-30.7690160955495,-25.9530814388813,-28.350920574949,-32.3013043961893,-42.9132047886576,-0.4911596174621728,-0.4964361025922655,0.8632483708287084,0.20711944783599082,-0.3254610235414499,-0.20233489110818462,-0.0007022217495011164,0.17065330289368688,-0.27611910999225414,0.016967059122053426,0.020638058533496432,0.13211382888535061,0.01655045980634963,0.0025440396785480243,0.005329311743178641,0.07101260622872002,-0.015068692427720921,0.02118341241663332,0.07754566864575568,0.003053403050150334,-0.07125173085054631,-0.020166300522310852,0.012694211213459575,-0.14920611670327086,-0.1892116510954311,-0.0964760986247655,-0.02347653354474651,-0.01989688348222221,0.03329524814724705,0.1848228245842732,-0.14435199460109277,-0.01686409309443372,0.09668500386388117,-0.03304194473089455,0.04772770255306776,-0.0428765814040074,-0.00414311128827115,0.12991348281663193,-0.11337274169340963,-0.1658522841488407,0.044538801824643814,-0.18938595472455552,0.23396525154441708,-0.02922921374672389,6.491436988936988,36.21527914095239
3,-10.0594169076078,-5.76807456900081,-9.95304638628813,11.9260703610337,7.693721812797,4.69328330110149,1.23443531905343,0.150009257438147,0.233419910302924,3.65115889709237,4.99285443570497,1.8288270173491,-0.72395649194116,-0.493881489167625,-0.0021175602436632,0.506877351025037,-3.53315804965881,-2.17693944067512,-0.761135762362384,0.632204926679351,2.38329255677339,1.49629509289579,0.529215840622854,-0.0599881006997132,0.297070530577973,0.78293305119664,0.924075596243968,1.15259730697015,0.44478908756582,0.775410938056277,5.60200510455354,5.80868574390808,3.14261503129531,4.15842095050494,1.19659552823585,0.989881448647593,2.60772384229813,-9.12628593225076,-7.58168287537958,-1.76118920504523,1.66403136951127,9.18453021842189,14.2453978716194,-9.67970282812962,0.5098548377309426,-0.6733742861976594,0.21006269193603663,1.2193617383180726,-0.47892548291748516,0.0144598954484931,-0.27148767319714884,0.4059513632660942,0.020499747038971415,-0.01749697517288553,-0.0348853819306816,-0.10632388528055906,0.18779531729333795,0.02737660275547052,-0.10821060005468064,-0.21200669466262823,0.23094462414527875,-0.16928190784974195,-0.014579130117434296,-0.019348357776056917,-0.023002119621425732,-0.030935293711950626,-0.0355530978797218,0.22143734876632676,-0.1341683378263809,-0.0682794548139463,-0.08471522982073217,-0.07184732964688094,0.1275511196875364,0.09172433485508882,-0.09256030911123216,-0.1728553211577561,0.21179698278887674,-0.010940819510124149,-0.0013491995656835923,-0.00315255408628959,-0.05524609315961735,-0.06966590825748568,0.007958825633716237,0.14593019429639928,0.12648128320482663,0.060107985767208945,-0.2142663382140109,0.035761519251371596,-1.4798893698893698,3.451966158732403
4,20.2074827233785,23.313168726014,29.4623710683131,7.693721812797,13.8049601233396,10.3581918208447,4.49909785508051,4.22345900865566,2.91023216606862,6.12400533821894,7.83766001688431,5.52420201962371,3.04585025691834,2.22649724015638,1.58970491359001,0.854786578318076,-1.82971611850036,-1.65319552344488,-1.38391679973419,-1.01137899393269,-0.340841258749239,-0.839273068273333,-1.47003861201455,0.0355788456825034,-0.23950281278951,-0.136889534019445,0.832361377505962,1.61871461754022,1.38487705869398,1.30314319951556,4.75363157160634,-2.58729658483533,1.54269516176146,5.90776604293782,3.23841219636995,6.7633208398919,8.86331086600377,6.01049880223516,8.25804054793397,12.9937919520241,15.6735816309115,25.5495967376844,34.858532516454,6.11904188187992,0.025567711164864504,0.31548681160244624,-0.3276924000806552,-0.478398207276518,1.131655011109597,-0.3070963674056831,-0.016773596704700286,-0.274070993022136,0.3308770826453155,-0.07721710767950103,-0.04446368753988953,-0.025156210419135693,-0.31393147746262795,-0.04246621416448788,0.029132586496015724,0.28328817089864655,-0.1021767434336396,0.0017693881373392162,0.09066956738509763,0.0392179082660625,-0.029596526017006873,-0.09362087786918077,-0.037413233604405544,-0.053473342518074125,0.15528597283894954,0.15338459757409087,0.14421522271441692,0.01026813983566485,0.04140007954792755,-0.14380250608444958,-0.02682419183171144,0.06383298590055012,-0.11246586523104542,-0.00034195584201096704,-0.09750639401172066,0.09038137801111971,0.05086829211077916,-0.11672981586326324,0.17129041053252184,-0.1856679256734226,0.18364511660985197,0.20131878304455678,-0.265844326924475,0.020032486383223514,-2.7762157287157283,3.7141567176600905
6,12.2529457664512,13.6728943851361,20.1692695280582,4.69328330110149,10.3581918208447,12.1698538763345,6.90232464181311,5.96021645968091,4.04840268247208,6.69632801997165,4.46755328994037,3.62716110699321,1.14732274083368,1.03933266593647,0.87553214815301,0.496158095783703,-1.29066696238506,-1.2874843667396,-1.57147854924956,-1.62511114439544,-1.65072275139345,-2.14031079797002,-2.73067465347411,0.607794538830709,0.530484627775055,0.970256986107144,1.81856579607726,2.05008337476109,1.52017724012294,1.20768914999937,1.5449447360698,-3.75616939593579,0.297482108884613,6.17153295046554,3.26073483436668,5.91868742677336,9.2629008837335,6.03690545143169,8.81097427565042,11.5138008520756,14.1195476734049,23.0441005266027,30.3904333368947,9.02557119269061,0.23445148610210156,0.020590388873412944,-0.20690580498891886,0.01751538567900805,-0.3113927648887086,1.1861062434247793,-0.1729567801805814,-0.3006807424779457,-0.04511103614659631,-0.15596050819695112,0.10748421664196159,-0.09030766352180242,0.03924807309768521,0.0487375398222515,0.11958912282658221,0.009680570011433496,0.12079600142439932,-0.04954047223978202,-0.16074026027507107,-0.04368845352126085,-0.029206825528016636,0.08756338365229925,0.19259484857247217,-0.2863212396248532,0.14980952196967345,0.06341051556570079,-0.02125868201632841,-0.04788714442351825,0.06561804334862918,0.04168101918904547,0.04758390810370078,-0.04610047281056565,0.35164307364093156,-0.30358778067977654,0.14568746492672457,0.06224714206290309,-0.05676245166576465,-0.2305233997529519,0.11451090684624775,0.1549497105461179,0.23336588939430156,-0.2310812237461359,-0.0669035988657356,0.023587951059841468,-1.8969865319865318,3.4870982028521156
31,3.44856149442808,1.03846444546216,4.65959307145485,1.23443531905343,4.49909785508051,6.90232464181311,7.50699505365099,5.00488469611591,3.43711689500308,5.08249668755251,3.60280244210021,2.35454422276286,-0.682415745024447,-0.442107409795478,-0.307314192844426,-0.313178688666348,0.0404696237577944,-0.473162783789453,-1.51100345305887,-2.37861293364481,-3.36808873450243,-2.3156420028427,-1.25877651155311,0.922435491266995,1.58969257421844,2.77503229454179,3.9910841882049,4.55599909730076,4.49533675731464,4.17631385966655,1.09027654848441,-3.82289701088263,-1.27551665793038,3.31708065446353,1.34288988294114,1.38411315920788,3.67512916693828,-5.04551111385413,-0.554555162273565,2.82886348642047,7.00489041086022,14.6482830325853,19.8646444026401,8.84550391693047,-0.6895146076598638,0.6415906725834721,-0.0014578762604631785,-0.2683068144587276,-0.017558391559515437,-0.17243618822387066,1.6711771222506233,-0.3115633509741405,-0.2021544554750005,-0.06979298342019279,0.21696994384360327,-0.20984078605065887,0.26645322552659606,0.06725493301277612,-0.005190409141893932,-0.15997637758744296,0.21152532371708546,0.009011674301978084,-0.032209189328913895,-0.0323184083365466,-0.005204337100743901,0.049670387166594276,0.1682035651707343,0.22904403766593218,0.013577373414256026,-0.09127986561843247,-0.3758663021962984,-0.18972938061723515,-0.016079388715392537,-0.0208513577995243,0.11955613722519463,-0.0013383748447699086,0.43753306713783646,-0.3888189728867329,0.1624331544657265,0.1232511024592092,-0.1797991798881814,0.007902731859311285,-0.05042861793030377,0.07660203014071176,0.0022261645666219443,-0.02718624445323752,-0.010196085169624693,-0.006460599409695416,0.11660774410774413,2.7380641069286495
32,17.6351125461877,17.964727013724,22.4367670550421,0.150009257438147,4.22345900865566,5.96021645968091,5.00488469611591,8.93637043369959,6.68192122959393,8.68783469122517,13.9676678623701,9.27721047717774,3.0044133458591,2.16071327999586,0.912244390399138,-0.661868766712489,-0.677063532320013,-1.41404126124734,-2.73408716638209,-3.66945952741794,-5.09695838169532,-3.4167506152308,-1.78773811017089,0.353212534622331,1.4663857923583,1.91846292462973,2.46523031178697,2.37762262131066,1.9857817987626,1.34366899552855,-2.20720314214771,-9.15822087098775,-10.6051522860523,-11.6091617416665,-2.18503928594932,2.39271342400296,2.87194098135573,-3.14986156078118,3.98613698212058,5.16640266518587,9.74002236080378,16.6719891341126,22.159753717012,12.2094512398466,0.1988701503265727,-0.37165797429170533,0.17116390408698745,0.40109958952874253,-0.2714250540980264,-0.30055312898044195,-0.3125115984055999,1.4572798262849027,-0.3631464071826545,-0.03840982905759171,-0.021053401858170014,-0.12521442375958158,0.07820229830207064,0.007804219392841089,0.01313385159565432,-0.09500896729609008,0.05109965372609068,-0.027554454521590072,-0.041037501407061604,0.016254638144677164,0.11013865310683942,0.10301716615502396,-0.005876510295999858,0.02522865095426075,0.037586681427120947,-0.10200679448818104,-0.1680851996945043,-0.0521318384662803,-0.09037641303393808,0.28135398350932195,0.06513922599178694,-0.037012489669859025,0.03287790655730005,0.11719203785547962,-0.04031516225035184,-0.12455307464364403,0.003768945023744321,0.21726941543599976,-0.18084934511202005,0.00887367188209515,-0.15858076736507146,0.29743291425796264,-0.12171762849610494,-0.0003650537754795762,0.39686868686868687,2.9877032037502627
33,10.7124332894805,11.1604322562442,15.3553146482734,0.233419910302924,2.91023216606862,4.04840268247208,3.43711689500308,6.68192122959393,12.9482643678161,11.2984679542857,21.2382757177545,12.0922289773405,1.5875564723251,1.70488973862291,1.86735050437859,1.57444430128662,1.24611154301442,1.00085422396227,0.171465097708642,-0.0818620303867164,-0.286670120942759,1.07760310674259,2.36411697421394,0.388489348760012,0.350629409503365,0.83799893889337,1.03087247463922,0.841795884658921,0.710583989915842,1.0770086783675,1.22227211290963,-2.20991291044747,-4.97397117659147,-6.46893268687742,-9.4644159046748,-13.8998843819737,-9.15457337910216,-0.111094037474738,0.988615307354647,2.6120648082569,3.78740689591032,2.15403413291964,5.81473570118687,17.436444459877,0.23455911351196782,0.08061378894584839,-0.2776134407184794,0.022042250541065032,0.33097320224433896,-0.04391555112790155,-0.20342796766617946,-0.3620094447309308,1.17905932862508,-0.2111520356496925,-0.09149555487971071,-0.22304947520567808,0.04055512068934994,-0.026482776806245764,-0.21457877079883167,0.18332452690393708,-0.027517603795393003,-0.161131995251123,0.36630659496258067,0.06694541080137295,-0.12135618945888717,-0.17826393840886168,-0.23763660507377732,0.21963604665276706,0.03055680307874557,-0.11455293719689616,-0.00411963090222301,0.12046959225407482,0.13601269913095432,-0.07873880466148783,-0.0194431913788868,-0.041088415884833834,0.09108309301852456,-0.09288000929073262,-0.10698649274648077,0.1437087915839381,-0.04041426888636122,-0.1026426274611627,0.17361033131875137,-0.06647164793179779,-0.1573671125098381,0.3902551337633401,-0.22641225784253075,-0.024307682240419563,0.49666666666666665,3.5969798953866974
34,-0.272324191015275,-1.9289171999049,0.296081287257079,3.65115889709237,6.12400533821894,6.69632801997165,5.08249668755251,8.68783469122517,11.2984679542857,27.4236653895275,31.2810601717885,18.608358731639,5.89035603854606,4.39632915720315,2.32827704892765,-0.23006371059465,1.36974834605577,1.60219874148836,1.34222609804508,1.6724915360776,1.31382961946087,0.385732258499604,-0.671225036845746,2.45719423733016,3.65206939326757,4.56523068493423,5.15958030473675,5.57730321103922,5.86603093733394,6.92602183456808,7.14860466212863,0.442411866182053,0.334891858588224,0.311703915948897,3.0150527785398,7.88358310954597,9.85787875479279,-19.6386249684509,-17.2390806255497,-23.1512058013904,-24.5014741862382,-21.514463327204,-24.5436244581361,-14.7772036318714,0.08264597604644394,-0.07635654431418688,0.015317582438154457,-0.018738764483765786,-0.07546208914172185,-0.15585220767991587,-0.0701217980582909,-0.03904166376811756,-0.21100235703342354,0.6153222348049503,-0.12748642705658034,0.05817734747651583,0.06232525945840881,-0.08564175081286729,-0.2628264600907144,-0.19194086048319944,-0.1202103718008941,-0.0017383586622493512,0.09043909378055683,0.008680990583784142,-0.016395128838971405,-0.0020771370108635663,0.09964863059965356,-0.0805552265251125,-0.10059108866390543,0.0963234186136357,0.1367992754353036,0.10595053800260835,-0.009849699215872304,-0.453752866398275,0.03249688229101882,-0.028594680732869665,-0.17895552963279018,0.156373879156372,0.1391125419336084,-0.06802720048353009,-0.10550602957016755,0.11488310320101298,-0.10712124846008128,0.03201292098933964,-0.0030093206377877256,-0.10927027572925571,0.13298535242679305,-0.009455162418920648,2.1222222222222222,5.235806087846212
35,-3.29857127359197,-9.31591974873126,-8.34755795476269,4.99285443570497,7.83766001688431,4.46755328994037,3.60280244210021,13.9676678623701,21.2382757177545,31.2810601717885,81.1435931956861,46.1259860210317,10.383839278582,7.18042819853116,3.42957596938462,0.330067035553091,-1.79063249516571,-1.12299403118711,-0.30620321951665,-0.301066967476735,-0.90786184799903,0.848925829910632,2.54414184743154,0.728603942286233,2.09517926330974,2.65540326039035,3.19318942203704,3.33360752505623,3.35658891725053,3.28465322638227,9.86435033753904,-5.65136985324535,2.62960484668895,10.4183754662211,27.860309260643,45.2330436984886,36.4700104393972,4.94274965408961,1.20977545265841,-10.8344526650281,-18.6058475764878,-13.2737862906834,-18.1585724415997,-11.8106989205974,-0.06059469154326724,0.028185436576994675,0.0230458781807823,-0.03393009198870684,-0.0491340074753616,0.10563348400388954,0.21788073425446824,-0.020461039810550277,-0.09408174839888758,-0.12694921238544923,0.7283815761906999,-1.0888241742124902,0.3140732418940963,0.1122484388457118,0.1645710716103286,0.017748329763449804,-0.01293407015390728,0.14809702860975996,0.024352760670668872,0.006664087503234381,-0.028913314095043587,0.011759622013303939,-0.0016385137743269726,-0.032735091089543145,-0.0703381419286497,0.03430458638781644,0.04885844082883706,-0.1401181566184571,-0.09347614518442376,0.14691753875117594,-0.03449649852246186,0.025297806290868603,-0.0022551732766468765,-0.02180849462891496,-0.0695132490726996,0.058657290184369215,0.011379065251256421,-0.03527281980054243,0.012617067055344312,0.021106914743146632,0.03683027044055904,0.013355552020272703,-0.04215193735372369,0.005232144675761432,2.19537037037037,9.007418786516263
36,-5.14717198327572,-10.9909505349002,-8.8218886931933,1.8288270173491,5.52420201962371,3.62716110699321,2.35454422276286,9.27721047717774,12.0922289773405,18.608358731639,46.1259860210317,28.8906903646942,10.5046610676031,7.77377678520789,4.34259164310517,1.11948520163605,-0.392505103517111,-0.229889199043936,0.114975049789289,0.177002364245278,-0.591675104900242,-0.29528079612604,-0.0401875756274109,0.958689408377034,1.71880929995415,1.420191786737,1.16507079608148,0.417236474786985,-0.278015528722199,-1.12768290998933,3.61785999529046,-4.15875990886303,-0.774274305557749,1.77759020785231,14.1444365714015,26.1365311619268,20.1937801252451,7.91727726837644,8.61421464998679,-1.5641838206832,-5.94211722979989,-2.19846617063367,-3.74783010122975,-4.52805502598907,-0.22181950514791937,0.05350735956299154,0.13381581931127534,-0.1045152575023355,-0.02407537928053038,-0.0876417296136985,-0.2109901657313687,-0.12337602117481763,-0.2203479419767684,0.05924990287085059,-1.0896318380290737,2.415471147300887,-0.8023111541921949,-0.2231092085210081,-0.05403845062106367,-0.0639054507367874,0.07815221284798317,-0.1212986582178606,-0.32726137045028325,-0.04087259950174648,0.1683374906116988,0.03779636596251662,-0.010364041640089496,0.04903468627294147,0.1299543820987857,-0.11130889018418018,-0.14604091635347655,0.20146676175997422,0.1462265371143084,-0.046044348784898236,-0.04165396603826129,0.0073875807434669325,0.06720700525382362,-0.016516140470139856,0.11622064953925687,-0.1417020844063754,0.03393806113477263,0.06750166373474459,-0.029530072285539798,-0.0643762522346965,-0.04240276190310489,-0.24811728421613663,0.25586689209167496,-0.0079146208512123,0.36851851851851847,5.3740757684176925
37,-7.34460688468883,-11.8114312435697,-9.38509921498118,-0.72395649194116,3.04585025691834,1.14732274083368,-0.682415745024447,3.0044133458591,1.5875564723251,5.89035603854606,10.383839278582,10.5046610676031,11.0293247126437,8.53296393013841,5.21161217479127,1.74119789553751,0.998263717099467,0.667515357365787,0.867449863013175,1.24079000031427,0.595511737980468,-0.704799274134486,-2.03035166248518,1.97191955241139,2.14702161609699,0.996962804146348,-0.099127566057252,-1.36670193092938,-2.60251616231904,-4.08517536514613,-0.831737402804214,-0.630559137640169,-2.51273970092547,-6.47125210622267,0.162723032712929,5.73886726956198,2.3768407605296,8.31588800620023,13.4755452343126,5.50024764071673,4.62981302960242,6.59304847491229,8.16525541052769,0.816904281885722,-0.13031329543120618,0.09235457025499627,0.02204385724889257,0.18303913403784175,-0.30881890176471993,0.0374292748404216,0.26904978726856493,0.07602368279842543,0.039739806077020295,0.05802476936881041,0.3196546682196822,-0.8106743020863519,2.642762005174146,-2.0080095669877376,-0.36840340677596706,0.45623445322058037,0.09356228336459879,0.017790698946135008,0.04415856197644192,-0.0594355828367963,-0.21238022415540778,-0.038673230256738626,0.024155689398254684,-0.04972847437988128,-0.1511776245464601,-0.03782586188423327,-0.03735478802573239,-0.13918532173178266,-0.0690559799100905,0.041134631149603716,0.05713076770076933,0.031029051577853295,-0.23107859821385532,0.1757630984752593,0.21015598301963187,-0.16026956067633555,-0.0367625368341619,0.028286043809999835,-0.07562209908032608,0.06348887030799505,0.02936616147092626,-0.009914286356999303,-0.027550188237280105,-0.019820896411692566,-1.2583333333333333,3.319536822004491
38,-11.301295154721,-15.3246429744381,-14.1159763148514,-0.493881489167625,2.22649724015638,1.03933266593647,-0.442107409795478,2.16071327999586,1.70488973862291,4.39632915720315,7.18042819853116,7.77377678520789,8.53296393013841,7.43841993933589,5.53400506980002,3.30782485415909,1.58553338629276,1.03648918399191,0.712875125719762,0.783226059399328,-0.0596761223397396,-0.652983824036807,-1.26580684797017,2.0280441492677,1.66621801461148,0.614985154275884,-0.379132509060622,-1.57500952066725,-2.71693334154339,-4.15958298344978,-1.20389449644822,-0.952301241132218,-2.50357743433464,-5.87978853531163,-3.45360898632729,-2.63146679274585,-4.22656070659673,12.8680718243509,16.0966429372138,7.58339676653717,5.4030421515687,3.93197612531894,5.67900241898776,-5.28387082796452,-0.03828594365567925,0.02954204360646207,0.004773389992649419,0.0243002925282376,-0.030292212727595063,0.04656227385126758,0.06919195668649644,0.007845450358629411,-0.026324385311110362,-0.09002610660395723,0.11462440993814138,-0.2267406321762932,-2.0219969880417294,4.371755455782611,-1.5536325401740243,-0.16397644702344663,-0.02001242535934792,-0.029697126948710392,0.0632351565368313,-0.030703537834762734,-0.0662112684960996,-0.00226955983671483,0.06535025523095009,-0.024713209977104328,-0.05430872346150461,-0.014247519287940835,-0.016169269325271005,-0.03698182114413017,-0.01162540656258506,0.15927995252790234,-0.0021466913132111194,0.03835119771773641,-0.07349190539118534,0.039747031045513484,-0.05574135267333938,0.028746321931644343,0.044699610215926174,0.10175719685904344,-0.3206405075884555,0.20092418604321227,0.0936170137760462,-0.018295314792090116,-0.06567481211951268,0.012554383991876385,-0.7402777777777777,2.7255127846583087
40,-14.5206530257557,-17.9094832189583,-17.8911088562583,-0.0021175602436632,1.58970491359001,0.87553214815301,-0.307314192844426,0.912244390399138,1.86735050437859,2.32827704892765,3.42957596938462,4.34259164310517,5.21161217479127,5.53400506980002,5.54992496807152,4.97970051439528,2.10867483896785,1.30938423158841,0.437169865065626,0.198746317738584,-0.43692018709423,-0.281022008261276,-0.143309738014671,2.18486959229072,1.23718101034708,0.255812995129416,-0.671446673605523,-1.72104959328003,-2.6854159163869,-3.94277723647098,-1.41644244846354,-1.23436608849151,-2.21238507450071,-4.73691247356113,-6.60267647642086,-10.4430373352802,-10.7033155279356,16.2828809608595,15.871991873128,9.92455211283536,6.67386203828114,2.11590792331296,4.34495747179705,-10.5860660076631,-0.018910964215762726,0.0068372541438843455,0.0067189716726033235,-0.1164769406683979,0.031562366500539535,0.11552316790210455,-0.0021599172769715797,0.012867733788913671,-0.21395484536721113,-0.26197678365583743,0.1673251084481058,-0.05508630379054416,-0.3753705979016801,-1.5654492967033589,4.057092992873229,-1.3751601831517686,-0.1565714232613223,-0.19838292726279688,0.3920506548997598,0.05648706303453587,-0.078202932520166,0.00928516371109848,0.081693571881089,0.04584416780026725,-0.0037563232378404598,0.035045966493591124,0.0040347621618967,-0.06200741087714152,-0.06565705816997416,0.44322911911771135,-0.06992830325183787,0.09736499527874679,-0.025559269292323494,-0.015170852983140798,-0.3424427871302665,0.13426010363654303,0.19862876497067639,-0.08812675295706801,0.07310482659861955,-0.03675993163053523,0.10009694124031214,-0.03129952592277801,-0.0503870485005244,0.03506241717310352,-0.3194444444444445,2.353704520128115
41,-16.9296319064655,-19.5325110434672,-20.6614529292907,0.506877351025037,0.854786578318076,0.496158095783703,-0.313178688666348,-0.661868766712489,1.57444430128662,-0.23006371059465,0.330067035553091,1.11948520163605,1.74119789553751,3.30782485415909,4.97970051439528,6.37861470306513,2.37810834303321,1.48234590080877,0.511349397058482,-0.078429831098141,-0.553964825622581,0.386435565650396,1.32595533772911,2.49706442390615,1.00632129124351,0.122172560491286,-0.650059068948078,-1.43473532360023,-2.11686024667498,-3.06429041307732,-1.09056791565593,-1.23897262163531,-1.51244983651329,-3.03336973299441,-9.47895215875679,-17.1838278200383,-16.4333936354382,21.1181170972068,16.9971463010501,13.4858742691546,9.09171637111792,1.4520032660797,4.15457777674195,-15.0524637229811,-0.13088848390819868,0.022386740468299214,0.07353114461769689,-0.21174353208905347,0.28706196203400214,0.009158038368980166,-0.15010256525105173,-0.09654325624150763,0.18007174310854962,-0.19007630136838904,0.017911807365098755,-0.0614061990403606,0.4576002968115411,-0.16630514043165925,-1.3841838037060559,2.519214868008286,-0.019518990960222894,-0.07787834615759143,-0.18094075201838666,0.014765307905722858,-0.00649593398786392,-0.03822718580666102,-0.15787999153979188,-0.26541477593685764,-0.05486884951273295,-0.001737713805005469,0.021586288478709047,0.09038204196117078,0.0421110601100413,0.22774986109198994,-0.10561961753637221,0.1277091580799807,-0.04350133951470042,-0.07544143660822696,-0.11153059950803176,0.058842123754465535,0.23710605234520954,-0.18144055427520472,0.23463280907044154,-0.45070427612452413,0.39684453502169814,-0.125295345745333,-0.04919482284745866,0.04918968497999296,-0.020833333333333363,2.5236114405877017
42,11.2463243810833,10.5977179124097,13.0350459059026,-3.53315804965881,-1.82971611850036,-1.29066696238506,0.0404696237577944,-0.677063532320013,1.24611154301442,1.36974834605577,-1.79063249516571,-0.392505103517111,0.998263717099467,1.58553338629276,2.10867483896785,2.37810834303321,8.49920178799489,6.50499469331727,4.6342155198162,3.11121179162281,1.52005601374588,1.17864023625116,1.2519826944456,1.27008009579569,1.20577163388837,1.93828107962823,2.1113013450793,2.31859905228893,2.88160003269051,1.19716248136394,-0.75499202550486,3.16980120777855,3.03878329354507,2.29328690420472,-5.32685330812069,-12.2555624908127,-7.59244764530084,6.01183402807597,1.54816421095062,-4.0791218889745,-9.14516068868476,-17.0585391795305,-19.5810995895392,-5.80090133488344,-0.09255353551746,0.10120760294621337,-0.01973935602753007,0.22848721497454855,-0.09926134056085405,0.12202466419094268,0.21231933700321792,0.047465220603746534,-0.024003536126667346,-0.1201062152902176,-0.01264255795804423,0.0763144724059747,0.09941887373179739,-0.01980040942290589,-0.16115220808454453,-0.020644069507626855,1.8495855775320997,-1.5435628644898731,-0.30049145079150663,-0.030324626638459886,0.22399865768108101,0.1521745019463519,-0.011420306558757472,0.218806898149689,0.00840955763035556,-0.16389631318091746,-0.15131798913768632,-0.0931497605855099,-0.22238126680948467,0.30592048797801624,0.10412243563360413,0.027514122271563933,-0.014756359908055558,-0.025493225479529775,0.0022495540449998168,0.08514387410873266,-0.03841486364946908,-0.1555601893035349,0.13169362722259156,-0.008705523336155735,0.19249266203914786,0.019774880353341188,-0.16637395691885354,0.008291596692674614,-1.5944444444444446,2.913623480821585
43,5.60078304411162,5.39544686885178,6.6011939377097,-2.17693944067512,-1.65319552344488,-1.2874843667396,-0.473162783789453,-1.41404126124734,1.00085422396227,1.60219874148836,-1.12299403118711,-0.229889199043936,0.667515357365787,1.03648918399191,1.30938423158841,1.48234590080877,6.50499469331727,5.84132399751088,5.30125605333662,4.91481290064901,4.42691167843663,3.01646575734636,1.91412453647468,0.980082869844258,0.422145837101255,0.970665379195195,1.0167256335412,1.10401572033312,1.62493901550854,0.73477966790081,0.290300379786117,4.34214271293468,5.07006829357973,5.68842048777505,-2.29881294439549,-8.91489656349308,-4.28822968806339,-1.10149081395281,-4.95907279362291,-10.3748760571724,-14.9502650576253,-22.0990161550534,-26.491326457373,-8.41838745701074,-0.05830706964068451,0.025360194488813586,0.01911655843427204,-0.14938800122909598,0.0072791226747421795,-0.05420918103255513,0.0112963721650529,-0.029599417366463432,-0.1482752234341283,-0.005334544656447047,0.15173826251177389,-0.13932392771087854,0.01579252388794537,-0.03275640409106083,-0.2072403582700377,-0.07748497812991456,-1.541540725134964,3.4158300709245153,-1.3385337035108167,-0.2128532029701305,0.28545311342165847,0.12830529243616795,-0.023566333502646423,0.0010416547688316578,0.05105191850650068,0.08199518668174635,-0.00465584212635649,0.04612047802060575,-0.15246699109745407,0.019708477749827782,-0.020041292072397063,-0.0415739455513674,0.04950794458096257,-0.018016585041553974,-0.14571309644159644,0.053522436475111006,-0.024272902612969844,0.1468945467611654,-0.008214180768321328,-0.07706972779665276,-0.30631428688027257,0.16953471565022943,0.11790146010812087,-0.028686948255632935,-1.870436507936508,2.4148134498364224
44,-0.668776168789664,-0.478957109531383,-0.518341038974896,-0.761135762362384,-1.38391679973419,-1.57147854924956,-1.51100345305887,-2.73408716638209,0.171465097708642,1.34222609804508,-0.30620321951665,0.114975049789289,0.867449863013175,0.712875125719762,0.437169865065626,0.511349397058482,4.6342155198162,5.30125605333662,6.80345873406834,7.81462061938847,8.71777669016959,5.82095718027402,3.14494862657735,1.06984983086132,-0.146858297206011,0.0420435685009503,-0.147650098852225,-0.212579412798952,0.239782411962696,0.0508810204254304,1.24629962227072,5.62471297552338,7.07677880929975,8.63062120288781,0.247905462606737,-5.90525719846539,-1.03825671102175,-8.67937386008661,-12.0423073120802,-17.1868093546945,-21.3468053869793,-27.7873825614052,-34.2169748217512,-11.5507497702916,-0.08505778259944434,-0.004800900632753926,0.07177393203063898,-0.01305642402337677,0.09758619894041644,-0.14966726202977823,-0.037894291381724676,-0.03178938618966743,0.37720788797157107,0.08577950954687365,0.021632677307138398,-0.33394814248673726,0.037366439313733096,0.06374692145203519,0.39367905130588077,-0.1799384155656223,-0.30176907921501933,-1.3416175976239277,3.8403856236226517,-1.56873444563782,-0.34661412406195946,-0.17540337566358177,-0.13433297597055938,-0.2592601629731093,-0.03095593219173046,-0.03518680624171475,-0.004002114875191116,0.1443515356561766,-0.00249122965958883,-0.18952653835873956,-0.008059184460565926,-0.043769555298258454,0.004116778834714309,-0.04266808909103053,0.186974804003137,-0.04098782365104278,-0.078577597727022,0.07346246656759142,-0.12983833402216508,0.0006618864544256432,-0.07831095946783492,0.08095662053232369,0.03153836987997364,-0.023763144813945054,-2.0464285714285713,2.606426429820788
45,-7.90403116931006,-7.49510235375882,-8.83229440819889,0.632204926679351,-1.01137899393269,-1.62511114439544,-2.37861293364481,-3.66945952741794,-0.0818620303867164,1.6724915360776,-0.301066967476735,0.177002364245278,1.24079000031427,0.783226059399328,0.198746317738584,-0.078429831098141,3.11121179162281,4.91481290064901,7.81462061938847,10.3538689580238,12.7048716490926,8.27455759234855,3.96383988526831,0.938269524098005,-0.961697229307814,-1.15943557760201,-1.68155759672001,-2.02831633906721,-1.75716345390324,-1.40810424069854,1.56937714223087,6.57216032171994,8.61380740899406,10.9141433440391,2.43118748886589,-4.14889278073955,1.31780906801834,-17.9220755622973,-20.7599829965273,-25.4304001148475,-29.1221342605381,-34.8731938554432,-43.3039352264852,-15.6725860706893,0.027915160300033156,-0.02350726416578227,-0.00353271149919324,-0.02101261831838476,0.05398630549973327,-0.03867637478989439,-0.04843442354690721,0.018125019285458822,0.08121058837223588,0.006237594789594907,0.006809010714274468,-0.044702309818293526,-0.05988322289781416,-0.02076189671706556,0.06587736999445948,0.025187975704753097,-0.033148910462465264,-0.21335329492965202,-1.563346768295291,4.112369185878919,-1.7775017191040634,-0.5046479459682408,0.15416995040881792,-0.03042888251314883,0.01346017495475305,-0.017502111732622328,0.0005857365559223748,0.03208530897484252,0.007696875054093412,-0.017745949567946305,-0.008183286598407509,-0.0307758212113251,0.018024210221278456,-0.01456809571935039,-0.004263948201618148,0.04281591577626868,-0.05071450097261543,0.1842531605393271,-0.3256204911395509,0.12181257103436698,-0.02677419837880105,0.04290692074068142,0.012811591903080864,-0.007197448241033113,-2.0748015873015873,3.216188576253548
46,-14.1825019822283,-13.2978064566725,-15.8572034520202,2.38329255677339,-0.340841258749239,-1.65072275139345,-3.36808873450243,-5.09695838169532,-0.286670120942759,1.31382961946087,-0.90786184799903,-0.591675104900242,0.595511737980468,-0.0596761223397396,-0.43692018709423,-0.553964825622581,1.52005601374588,4.42691167843663,8.71777669016959,12.7048716490926,17.1094578674382,11.1025552865866,5.12342154487471,0.916567658427645,-1.73958264629819,-2.36440271215392,-3.27132611383684,-3.81922877029124,-3.63214896196905,-2.57904675123385,2.10238656902953,7.61080445238755,10.5203677751187,13.8844234135993,5.15401245945632,-1.7501687729664,3.91076103460995,-28.4519340319682,-32.9288334748509,-33.3001178925388,-36.250067682584,-40.9037145599412,-50.9593584055597,-18.8336631726415,0.17218301942016914,-0.05443679166807798,-0.0797762534205718,-0.02914980045985486,-0.0241254345004461,-0.024045028347638407,-0.020304772708393388,0.1070717797298036,-0.11649463574490321,-0.02582971867730263,-0.030426216457456745,0.16005863204522353,-0.22194229533158027,-0.059697827394844506,-0.04896697284789183,0.0038308613975864673,0.21667113507041683,0.2753387309500199,-0.34448343189616415,-1.7816358578778435,2.556458614519454,-1.4454264455767094,0.7016383300735782,0.12782751447852922,0.08660363616258375,0.007348870002899777,0.024116930859216325,0.002715399777706674,-0.021722858595275694,0.08525047380035558,-0.01880848168312538,-0.007926448011766759,0.026837978916736484,0.009030391013238182,-0.1414861091615216,0.056303552332113614,-0.0068109503453133,-0.08354682517503058,0.30540008251861755,-0.18391564438236435,-0.052744228381036554,0.05086215933876699,0.014179019118517468,-0.00020037936697524236,-2.2365079365079366,4.135149074391172
47,-10.1603561398581,-9.56579467657465,-12.353942203791,1.49629509289579,-0.839273068273333,-2.14031079797002,-2.3156420028427,-3.4167506152308,1.07760310674259,0.385732258499604,0.848925829910632,-0.29528079612604,-0.704799274134486,-0.652983824036807,-0.281022008261276,0.386435565650396,1.17864023625116,3.01646575734636,5.82095718027402,8.27455759234855,11.1025552865866,9.40197748064743,7.59489216974967,1.749384428425,-0.794322964174741,-1.4866709180476,-1.89702493989486,-1.99089938840493,-1.70372797757788,-0.838815634416768,0.294526182889595,0.898831007927774,3.67541715670271,5.7936703105959,-1.47284827643925,-10.083894418342,-5.07226091102129,-27.1923037811808,-28.8565689873861,-26.6092948119657,-26.9102955319169,-30.2917265794967,-36.0725415312607,-15.8409498736475,0.014127890378524344,-0.0015796407792120061,-0.01782251175450975,-0.03227541452315302,-0.08741974445452623,0.10187106454361414,0.04356068080800096,0.10727003806634625,-0.17971377783151132,-0.014834955127633512,0.03031155537204002,0.021157716672272397,-0.041859719081996066,-0.0014082070823559923,0.013326679567838487,-0.035098096326980736,0.15598805648247271,0.1397427692776768,-0.1572029034820062,-0.49815381285844224,-1.4566131983946249,4.053193738356386,-1.7509742431748923,-0.12836333743304923,0.0234243715207428,0.04506934974498843,0.028593314331355202,0.012010244026732774,0.06439164515594709,-0.07918102142247989,0.05174971013744207,0.0172580647156504,0.03736492212190357,-0.04187206674715888,-0.04396197259640193,0.012025621707502331,0.02348552444086624,-0.02006788854314988,0.06284312601839015,-0.018824828850833066,0.02234081877121976,0.0074296429805659255,-0.013163331472743857,-0.004273575373733459,-1.2857142857142856,3.0646333354330384
