,Cov_0,Cov_1,Cov_2,Cov_3,Cov_4,Cov_5,Cov_6,Cov_7,Cov_8,Cov_9,Cov_34,Cov_35,Cov_36,Cov_37,Cov_38,Cov_39,Cov_40,Cov_41,Cov_42,Cov_43,Cov_44,Cov_45,Cov_46,Cov_47,Cov_48,Cov_49,Cov_50,Cov_51,Cov_52,Cov_53,Cov_54,Cov_55,Cov_56,Cov_57,Cov_58,Cov_59,Cov_60,Cov_61,Cov_62,Cov_63,Cov_64,Cov_65,Cov_66,Cov_67,Cov_68,Cov_69,Cov_70,Cov_71,C_0,C_1,C_2,C_3,C_4,C_5,C_6,C_7,C_8,C_9,C_34,C_35,C_36,C_37,C_38,C_39,C_40,C_41,C_42,C_43,C_44,C_45,C_46,C_47,C_48,C_49,C_50,C_51,C_52,C_53,C_54,C_55,C_56,C_57,C_58,C_59,C_60,C_61,C_62,C_63,C_64,C_65,C_66,C_67,C_68,C_69,C_70,C_71,Mean,Std
0,45.2213984674329,38.8529727692191,35.9897645373817,6.73495005649036,8.53914912337022,7.80625078582735,8.07647171034072,7.51949609411694,-1.91248405077124,-4.68802610761187,-3.74899113132083,-1.84748200469617,-5.17411885235088,-4.04079594494489,1.49024249246453,2.00542440815719,-2.95482538764258,-3.0129891993785,-3.7343226904686,-4.42624756603749,-0.970284310976643,-5.20393013338947,10.9719090902546,1.93828261915143,2.99076395450059,3.00028984717717,4.76594078808377,-4.82692749172414,-2.63192316615638,1.51181181829485,-11.3877896226325,-15.6567588605831,-2.48738575669762,2.48586979528218,-0.726117589993584,54.3383263443124,104.82095953398,-10.907366413861,-14.9097982000907,-9.87581945907457,-25.3369958001141,-22.1044242863464,-19.8167235264178,27.9983602552205,-11.5842401049863,-0.336709059435701,28.8454238523914,4.19050634564944,1.2258719593714036,-0.3875119495443705,-0.11366317330185693,0.13325967056391927,-0.05634784858865089,-0.07609710001346191,0.1977572585063761,0.0628524363185112,0.033249979400844544,0.11792533202636629,-0.0028636432734320556,0.06341916487298585,0.014215173659708258,0.04717323204819976,0.12219265691956634,0.10107807119369991,0.14594755130597287,0.02091976038061295,0.10058786299279121,-0.20171848962425923,0.20562902073085218,0.2534259186595085,0.410852295956097,-0.008092545139597831,0.22663902871973224,0.0016930028178606163,-0.17155932092907453,-0.40445846790254464,0.06534926974670041,-0.12937521263078444,0.08830600279675993,0.09176143671543974,-0.4890357352725588,0.1629313563618091,0.2672276962116447,-0.22084572723263515,0.00470680085534161,-0.1257830340052093,0.04484199133562898,0.37043713507276266,-0.08109815113952885,0.10515935827227027,0.20576819605328803,-0.28902574249820534,0.5558066064163117,-0.1218873367974538,-0.11442244019247882,-0.14195707525805534,2.933333333333333,6.723942182041199
1,38.8529727692191,141.464350255428,115.303614333032,20.3331065472071,12.2533890574777,6.65707241489532,5.51045645072147,15.1081484974863,-11.1923074107948,-15.8364167384312,-5.94369554020337,-1.51346578414839,-6.09111272014753,-6.27236502098602,2.81471498387392,-1.98627693231521,-6.67593286638201,1.41997957278669,5.09798786704234,-0.783504020975791,8.74477730470626,6.1065230004949,-10.8491832902035,-14.3295355510595,-3.48646285046458,-6.36181382229931,3.56291017756447,-3.53056665046993,-4.50368050191426,-2.43929442647352,-8.7002339636618,-10.1525340634991,-5.08381624377904,11.4231396854731,-0.345917506449053,-36.2106599618199,-81.3380229212042,-3.1591975277455,-20.2010507981702,3.00788166239923,-24.8361611363284,0.335742632456139,-5.89124305462665,-63.4552085760411,-2.01676183286285,5.75058234285413,28.1676201020332,13.624867740586,-0.38771927315829363,0.4959264147940517,-0.1036361891935359,-0.2577228796605585,-0.07810007297768724,-0.05737077768082877,-0.07063974840333892,-0.3354840171838534,0.34126124021224924,0.12185875328027648,-0.1246931141061517,-0.016255706576943224,0.165619780805769,0.1301634159069433,-0.1554755950001357,0.032187657733110275,-0.015341893025627888,-0.13737625705741854,-0.17153831860186863,0.1702930034850613,0.01996606169279087,-0.058273273755273275,-0.020983850652004695,-0.03389189894021441,-0.010432047893838873,0.10189700125849839,-0.06442664539454575,0.06694748643482579,0.025263658963331295,0.2476277701850536,0.10767995346135448,0.04984304575310079,0.31831542881283453,0.019839896004142328,-0.016581609119582987,0.18585888892605718,-0.004405503156959791,0.10410455555817587,-0.01004687315379353,-0.44712311318326914,0.0407292116655592,-0.0675529073773174,0.06890994142645333,0.040301068521744934,0.021875593480420476,0.0441787129452909,0.05681696021683449,0.12832603102547258,6.297222222222222,11.893458296703606
2,35.9897645373817,115.303614333032,257.539924968071,29.3831423303248,-14.9970690804696,-2.14076775738371,-4.08226489858368,-3.01054090223756,-23.2007244082561,-34.3192354324138,-12.3053944187414,-8.34541755568578,-8.26361880394501,-0.726243347055457,0.730763075095556,-12.5461907674174,-3.94459021459025,2.10204277392895,-2.29371080296993,-7.29534720796999,29.3139512190895,13.6845122864279,-7.58116684110556,-19.771564764396,-5.41733590943199,-6.71452832354644,0.634599766673792,-8.89217911078284,-1.23998640090368,3.04434505319439,-0.708481398629628,-2.29934409724437,3.12707481690587,44.6233250034419,-11.2866652181247,-19.461924278653,-42.1662032006849,-9.34969525238287,-12.2959034503174,-13.4435000458645,-51.6883603777442,-1.50529440445637,-2.84053286275476,-39.3307172721897,27.3408328886127,7.10009623667111,-0.672942725104079,42.6953959294325,-0.11249608667446861,-0.10327676006068583,0.32042256523941526,-0.01823366282252501,0.13189559326912872,0.10180379349965414,-0.0038692371986097764,-0.03634818283874212,-0.08316513297309237,0.3057555824573593,0.10044866956004385,0.01162137436016818,-0.007462514082176232,0.06701934455085194,0.14790012959055168,-0.014644667541767275,-0.034891307170525694,-0.02004189195739501,-0.03498030413909583,-0.07465177950338887,-0.13475943194136747,-0.03143206791072506,0.01638454785479525,0.24290035467489257,-0.12506917090475309,-0.14889834831475482,0.1394474375110878,-0.03644957680636358,-0.06325077517562358,-0.10572393258145818,0.18086468473074052,-0.041715045331055904,-0.08927719753475212,-0.2353070955766551,0.14282518884186937,-0.1260316653126314,-0.02835477353105494,0.04893436016635889,0.05124588557526664,0.17644943735451335,-0.015207126262650998,-0.06809919097911453,-0.11114200715271684,0.17369268576056857,-0.4005473429285271,0.03330325426445067,-0.015377782068028053,-0.11301600264990354,5.163888888888889,16.047738936313472
3,6.73495005649036,20.3331065472071,29.3831423303248,35.1526682010075,13.6691612176688,6.36591413624087,5.92292219721196,12.5142734868134,6.24603335511627,4.31411791588633,-0.0784882409538136,-2.827010756392,-0.0423091429144085,4.92706052404946,-0.222958202086776,-1.36368986868532,-0.711637007055111,0.536419069128189,-1.68181401537112,-3.1092908920024,10.1988287836015,4.77124435999489,-0.856371618031643,-6.7665818325641,-9.28532942114938,-2.35941272373466,5.76940013305516,-2.35762273391046,-4.629974455456,4.82156571680519,5.52679004937748,-0.62817494641913,-3.27942423187669,-5.2129260174814,-7.57117218826048,7.58760676170466,0.211771860420197,-1.2878456077356,-14.4380179909957,-7.8347556937768,-32.9031166096431,-6.7369713942835,-9.4318075134045,52.9935597145223,39.6198546832557,5.63929919956879,25.9494445961576,4.6940793160884,0.13599884182622307,-0.2611923623415324,-0.015899044650316673,1.6177983224409478,0.09347683654829472,-0.041039435538839986,-0.1962876665425633,-0.5270415221802948,-0.08565464341434008,-0.360820737516917,-0.03423310921348498,-0.16063805491449837,-0.14115385619741824,0.04125558214240753,0.1692954326406311,-0.2719762269001609,0.01651971067257017,-0.12759236522017223,0.01239067663120342,0.06847057244416137,-0.13397801949149507,-0.3002601616442068,-0.1890178253116009,-0.2657993007533939,0.30028008841103826,0.12686757463943726,-0.30331798450287784,0.34612531095625,0.09232640362498493,-0.4574786449198306,-0.6287142465346445,-0.22523739300665244,-0.34539826861630063,0.3653609260180617,0.24710512204329127,-0.2482108530797027,0.08217799644485935,0.008771451638122733,0.09146199975263587,0.007462278761497613,0.1418359369187201,0.13814966971649245,0.011040549446961966,-0.004002390474888756,-0.30542601455869156,-0.16389059097675263,-0.007733793407743347,-0.586479779859605,1.303240740740741,5.928125184323246
4,8.53914912337022,12.2533890574777,-14.9970690804696,13.6691612176688,56.290654445154,17.7853359334161,16.3366353940737,14.6404516370023,10.6666862479862,7.13698125184483,-1.12246301301173,-1.73602190218413,-3.93426670418705,-0.144222548994484,-0.413896838156918,2.31037627535337,-4.62765978871261,-3.91389590019012,-6.03307919702682,-9.23886182444174,-1.84102142575094,-1.38048660894085,-0.812913036199505,-5.74970424828122,3.83973653376245,0.824949773400426,1.89210836326615,-3.0510850664528,5.55174904816958,0.211767740028946,-3.59222217809332,-8.60597991710386,-6.13246538936655,-3.46962063996294,-0.824180787902026,13.0408087505314,-0.318465750846778,4.16505303130904,-12.3800001035155,-11.3521430004863,-37.6446813633914,-5.21274180744193,-9.55714446706108,13.9324742972655,8.56436863915969,9.53308836559013,36.5585412537392,3.60932051140856,-0.05501795403444308,-0.0793039700326712,0.1303131596972394,0.09560671442563831,0.489537771585085,-0.19109988324646549,-0.07946346204844117,-0.0720962268884073,-0.03838033723789445,-0.015013639738521678,-0.036853932660356206,0.14767701422215515,-0.07527069610167181,-0.09798186800516363,0.15535820160896702,-0.12468231145933757,0.17556965043277273,-0.11149412421723442,0.11675490522287257,0.14475111826863138,-0.11283936072677381,-0.07956381971673554,-0.04674552920682609,0.3022817618532709,-0.1574774067258403,-0.19988715085105863,0.023931006159913462,0.18093183108902297,-0.34514059687246,-0.08134106714709004,-0.03102367805799594,0.1657584889293575,-0.22267681481798762,-0.19181331188296907,0.19214489283344519,-0.1687102980914344,0.07959829624420685,0.011080196850628079,0.11542894634086667,0.07325485606321062,0.05296701506851516,-0.18590576013647722,0.038585160159002097,0.0342864732941822,-0.1100158314958665,-0.10844963715002831,0.013214304458681892,0.23693269018496263,1.477314814814815,7.502043351324622
5,7.80625078582735,6.65707241489532,-2.14076775738371,6.36591413624087,17.7853359334161,24.376808104947,10.0192927085105,2.90534804853289,3.12624044975882,2.99266055154879,-0.387123651022496,-0.555774717478438,-0.11315479969731,-0.671753665118963,2.34070234260727,-3.09022975919013,-0.355051768079665,-0.689588567353338,-0.172120491555374,-0.387303581111467,-0.959552753492296,-0.992570852125604,1.56572241666408,-1.46408039650507,0.96625767239466,-4.24470295905642,0.0315901121873864,-3.06640806443489,4.61173550555394,0.0456541665986524,-2.23391350638734,-4.80138323444298,-3.35782140948887,-2.70244261937301,0.473820893144612,12.6067802814415,18.560756516458,-5.64480893493649,-0.523310952760509,-4.20071306898403,-9.37025015741752,6.72032243261807,0.338377597807293,12.9523125217774,4.17502124093199,1.83304556913597,45.3636918113561,8.45459159382866,-0.07659073203280632,-0.055296365114653676,0.10292247335122513,-0.04226577733386834,-0.19228680042975313,0.8555907431428105,-0.3896340945064066,0.2831451341411847,0.011618822053991968,-0.04224533344818288,0.10222367588804387,-0.0698303397964499,0.22657287730851594,0.2623280406256352,0.007016526304076921,-0.038798948337464716,0.015546540630582101,-0.06448685714621906,-0.30978541786082936,-0.40117984950262114,0.11919734842059562,-0.01069823183219243,0.028486009424510166,0.024173412312763164,-0.1588521710250144,0.39551014988577826,0.32319576898391317,-0.06608788594383697,0.2167888884984353,0.16616826792876416,-0.019876635304241847,-0.12722899322586068,-0.11757785572249145,0.0951952951884375,-0.1336189188777605,0.030928005958092194,-0.09894989869239515,0.0031547384007465018,-0.0220934855071257,0.3471233198946644,-0.026713466641573216,-0.07741666820159103,0.01757238686711487,0.08554592944894127,-0.3120289504140567,0.2256545959236201,-0.06006817650697078,-0.42182600945414567,-1.5081349206349206,4.936274719355373
6,8.07647171034072,5.51045645072147,-4.08226489858368,5.92292219721196,16.3366353940737,10.0192927085105,17.742785834108,16.4067051676296,13.6324243968836,8.47723698254213,0.0212593346833634,-2.14758428100743,-0.796070949567884,-3.8773478598181,2.8339202108219,1.81895751726487,-2.18293269911877,-3.48622231673561,-4.85865305749142,-1.45697362976714,-0.905424414014566,-2.38474935411808,0.285672777377224,-1.40917712336899,0.167311178791686,-0.0914137453412142,1.92121934698373,-0.682922478065895,-2.38313473786639,0.098138386340485,-4.82431820556847,-5.63136990830025,-5.91551173833208,1.11604035602109,0.776993315092733,14.9754919622503,18.3021480127861,6.96551319182368,-4.97234886105691,-4.10320519879787,0.827885748910341,0.77860091834947,-5.43226944739647,-7.67019695761979,-7.04672129996783,4.14790731207582,45.925100735961,0.408339884653427,0.20225914684353125,-0.07436304006883372,-0.006667136817180203,-0.19973589583569223,-0.07927564532617455,-0.3930044015086452,1.8749124630001817,-0.1815757159896029,-0.23630890384752304,-0.039738424331330964,0.1465498943581031,-0.04254456000092369,-0.3982252672158457,0.029701146694732495,0.3249401612501778,-0.14213806252525021,0.02109433573863584,0.47256191576019674,0.659491797296219,-0.022814110447072117,-0.2802829174907669,0.3120757589788504,0.3111529860121524,-0.2336558393820781,-0.36954390609649695,-0.0969555624790439,-0.22033934138703148,-0.44662811862334856,0.06223751528878871,0.09733968795053921,0.0801924026020914,0.2799860768089372,0.7136616708217899,-0.15106764823038804,0.24692640151188644,-0.10281410496244771,-0.03391841160076469,-0.06548304890977664,-0.10977493838215606,-0.14111754925655362,-0.10069822468682652,0.041411076322677716,0.07138805003426212,0.08479535662215441,-0.03005122769307969,-0.05963334390958894,-0.13844928618277383,-0.051374397346251106,-3.2380291005291,4.211031445395298
7,7.51949609411694,15.1081484974863,-3.01054090223756,12.5142734868134,14.6404516370023,2.90534804853289,16.4067051676296,31.6422309154931,22.0514066849921,13.8104529108077,1.86767865292237,-3.32377755862044,0.109547562460417,-5.37828229661868,3.34860174320502,1.33429697872689,-3.00392828844024,-2.46461519260194,-2.39233441020858,-0.693930267697416,-3.8889554370198,-2.29589031024445,0.736692131712163,-3.37771068354674,-3.12074984519884,-0.324068637562823,1.75134493210146,-2.23775394899129,-7.24692056024693,-1.75949624433346,-4.529910957479,-5.79546876000701,-5.85969734492532,2.08974675692859,-1.62512852091074,12.1609944485711,9.77194167673557,22.8253890029475,-3.39233009911578,-4.14237482625486,5.32401255525271,0.375537474088453,-1.96646433122025,-11.7631387326624,-6.85546858453705,2.65100080938405,32.5598075965697,-3.74830543566759,0.06898097621067739,-0.3370351368129777,-0.03941891675916349,-0.5275518499205243,-0.07682721121058518,0.28240408641680936,-0.1741719070616249,1.8631213881174902,-1.185063635396532,-0.22765921895163596,-0.018442575638609585,0.12472976722774054,-0.12877447287619995,0.1033296327992349,-0.5941071607552003,-0.13387708156518832,0.28072099557607993,0.10782541696972493,0.023548240742479857,-0.18371449378553584,0.1776646805296184,0.031243154328142664,-0.2786214654690592,-0.07335406070564741,-0.1985696675197843,-0.06848516979100461,0.005286578426770724,0.019786746450704634,-0.0872018234553061,0.1121376804882274,0.08288198380682243,-0.020843179101871657,0.03362399128339203,-0.07620063514332152,-0.17499177910411057,0.19548374489785808,-0.029421865641733422,-0.289239655171661,-0.058019418365701896,0.5128278490173802,-0.06184792069317791,0.09454176814798564,-0.2362552999357962,-0.14325066218522825,0.2150625127358984,0.12836773393963935,-0.028215822886533418,0.1901316955568741,-3.0329232804232804,5.624253809661604
8,-1.91248405077124,-11.1923074107948,-23.2007244082561,6.24603335511627,10.6666862479862,3.12624044975882,13.6324243968836,22.0514066849921,22.9781814922329,17.4193773427891,2.7592678900475,-3.42990980554819,-0.423014115691792,-5.92466292037449,0.910784866840558,0.373643779627085,-1.60854530465575,-2.58627831897367,-2.53213104596815,0.328186380260742,-2.47838057523422,-1.98544254028734,-0.48806435034485,-4.14970037592018,-5.16433707149179,-0.338707313889737,1.70534402394082,-1.58940525874667,-8.60649715163681,-0.149178664101684,-3.32479834017033,-3.78753954953289,-4.3545926444457,-1.28163069401546,-0.317876776173084,9.76426079864425,6.44012845713723,14.8777045595119,0.909651838038244,-3.31268902170002,13.3512804424115,2.79201701757914,-1.36530479396873,-16.816333099176,-9.76327967831792,4.13742281517226,26.8530326138334,-5.08679396821193,0.03146198612418279,0.3412776256321539,-0.0848182503422372,-0.07571169430424664,-0.03960785309576078,0.012439060413666363,-0.23688300095391673,-1.194029136539521,2.985241566013796,-1.4341954827349273,-0.11766627245093429,0.43999822722609716,0.09170698417739738,0.3647262693664343,0.36142399269254843,0.1503445482001219,-0.029446152218636445,0.0572208439907426,-0.13876476707591967,-0.04861672322784575,0.1831817464801024,0.07933497602666377,0.3374411282813607,0.43421723404768714,0.024130986928865648,-0.004168377799088744,-0.04158700197919969,-0.2427453928403036,0.03971933079516312,-0.07048048705315933,0.15570326861609787,-0.21792045776357133,0.08665804933435671,-0.07472589188631595,-0.10591282185053087,-0.1218072424162246,0.02123231513170843,-0.004718575220300219,0.07415782674333378,-0.007286938332510788,-0.018998401563793864,-0.17250572495538236,0.17560590491893088,-0.01950936931898216,0.11576745354867897,0.07402653061213467,-0.012370030448954994,0.021686199986197023,-3.254206349206349,4.792513066464494
9,-4.68802610761187,-15.8364167384312,-34.3192354324138,4.31411791588633,7.13698125184483,2.99266055154879,8.47723698254213,13.8104529108077,17.4193773427891,16.8192146754083,4.1054708747299,-0.503747579010664,1.08587104254237,-2.57171161843378,-0.404797337905486,0.852193049431385,0.0264942457983638,-0.843010845619214,-0.516924478050954,1.01537226128113,-2.82741502800265,-1.72369569679648,-0.714634085101728,-3.67398170741124,-5.28058468603598,-0.738041605420218,2.67454129597863,-1.24606300741135,-10.4030984287112,-0.416981118484917,-3.30853017941354,-5.67658484010198,-1.13334818635938,-4.58796032392761,-0.515014677827118,4.14115999412225,-2.35979991219329,6.92459529611554,3.44369313609549,-0.119197477121066,19.3260438069913,2.1587437119209,0.576402808924021,0.291389391681331,-1.39612037116718,2.73560593128109,17.2572241440039,-5.95844430251228,0.12836066787355674,0.12104007255275212,0.3063709768594978,-0.35662187098246023,-0.019017442503641083,-0.03451350995155941,-0.03747028969716477,-0.22618095216252312,-1.4318327773984048,3.3960210275535396,-0.7334279624677398,-0.17132831580852187,0.11645417983902939,0.02181725534152629,0.30253120810157286,0.37159387791377757,-0.460408580114628,-0.14836306870292298,-0.14786131714683198,0.0658612661856849,0.142599250334552,-0.005534240806773947,-0.0609638632338789,0.4543763674666927,0.03896800786744126,0.0823075838026531,-0.32683091621474303,-0.18974568288126498,0.3186924541355301,-0.049366243712258645,0.45426898534144755,0.11085718955166565,-0.18882928826066234,0.03570019227264658,0.1681729728440535,-0.15615177487252152,0.012394138330290568,0.1544341727923679,-0.0179931727361701,-0.050681625431848655,-0.10765371912529359,-0.06139406602117384,0.10734904453497063,0.13410219777970384,-0.15735275325297085,-0.027473572860799635,-0.009858050172907303,-0.10958801496643303,-2.5254894179894176,4.099904227589746
34,-3.74899113132083,-5.94369554020337,-12.3053944187414,-0.0784882409538136,-1.12246301301173,-0.387123651022496,0.0212593346833634,1.86767865292237,2.7592678900475,4.1054708747299,3.55425812420541,1.91024009630262,1.78736548821073,1.4290691204696,0.077346831360939,0.696250891245461,0.463131089361687,1.0671954416312,0.748345439522984,-0.545280492815101,-2.69004926762844,-0.815195086646784,-0.903974464681227,-0.193574623140216,-0.637823982748631,-0.184838578703188,-0.806522888300514,0.390664882280747,-0.792027507663329,-1.18834541873798,0.908723231053912,1.06889163729571,1.5995035178091,-0.635150696379161,-0.6880798395159,-4.2469878696225,-7.088226945694,1.43869444824486,3.7906553830784,3.33668648761334,20.5608571043302,1.10199523036606,1.98335061711056,9.26471245790176,5.33184871614767,-0.146714690962859,-0.0724864897226563,-1.22277004945179,-0.0020711203270124662,-0.12988414667434367,0.10236607977058676,-0.03254271839619192,-0.03173665686119949,0.0905215505859671,0.16077839082337037,-0.017353636990331642,-0.11667225178850543,-0.7276891010730081,3.953057084787129,-0.12781399542235988,-0.07937120330744506,-0.10936262104879525,-0.007486909287399524,0.24080591061883455,-0.31142594335563345,-0.7668990830585256,0.0845831816261973,0.3656198994230468,0.4679577316173172,-0.011625813875214063,-0.029893259178195724,-0.24057615672989757,0.16516522271456865,0.05238206196328801,0.1287240407543959,-0.28066610143555243,-0.14178797950251948,0.49386850653279885,-0.010792700716292796,-0.2886280206068894,-0.02233510676859219,-0.17410435477875133,0.6451675037530045,-0.07633474486402952,0.025721415151200532,0.30662013622717876,-0.1741203999458637,0.188660701386501,-0.26783069339408805,0.15145624107340455,0.10082141613204829,0.08820651114548073,-0.2627500116607019,0.012007510971095576,-0.051832477790822805,0.17224748120318792,-0.6634391534391533,1.8826200158835582
35,-1.84748200469617,-1.51346578414839,-8.34541755568578,-2.827010756392,-1.73602190218413,-0.555774717478438,-2.14758428100743,-3.32377755862044,-3.42990980554819,-0.503747579010664,1.91024009630262,5.78747126436782,3.45819267242197,2.74631698167758,-0.525705625711831,5.22218268735625,1.02792779171662,1.75456511282424,1.78674762928377,-0.0523995877047519,-3.33176397109073,-1.04037289074965,-2.30290707764674,0.097476357973742,2.37103812120139,0.517585495926179,-0.597407057103561,1.5531594786074,1.25206222137502,-0.573692691747354,-0.167108755318019,-0.454562301804014,3.15941971679234,-1.38884939949198,-0.206651864463249,-11.8840227257067,-17.6915187244115,-0.681292942105958,0.183561049188891,2.30837506552614,17.56629449301,-1.96526854012932,0.204204576700674,-0.707058771095996,1.00407762116563,-1.14448392896185,-12.4539867155244,0.774775486929252,0.06841406579496327,-0.0193032697472541,0.011203560399550188,-0.1551570008249806,0.1448316616054979,-0.0650138594629797,-0.04590823899303597,0.1241582339813519,0.4420785868126227,-0.16577615418558425,-0.1420518452115682,3.4181300125298972,-0.08404609080392973,-0.6728672333633888,-0.03880459735197575,-0.7811014786132151,-0.38777413582945797,-0.2776854910454256,-0.24631011535449143,0.03893412088942686,0.6645477839899552,0.04869629754839191,-0.21173561366561944,-0.16036251176743394,-0.4247643441492893,-0.31820518041534623,-0.015143947914042718,-0.0483685044080153,-0.07869570024153594,-0.05937567607128441,0.14746534292445415,0.48099798794968984,0.10227988188827616,0.3818874367158045,0.33643076443006603,0.024321029779455765,0.07097352378497263,0.0009889947157263063,0.05255588270555707,0.2645629404750444,-0.22773104925452226,-0.03995076965975887,0.16596635370621976,0.11789380839092627,-0.132768700480762,-0.15901372549926548,0.0326455684060749,-0.33600040774413187,0.7333333333333335,2.403637090820454
36,-5.17411885235088,-6.09111272014753,-8.26361880394501,-0.0423091429144085,-3.93426670418705,-0.11315479969731,-0.796070949567884,0.109547562460417,-0.423014115691792,1.08587104254237,1.78736548821073,3.45819267242197,16.9197142401022,3.77998915528196,0.680052982932793,3.99257699141711,2.84056221357109,4.90220872241707,5.71446494871597,4.64142995963156,-0.695768851004503,0.681374476131235,-1.90341099460449,-0.82323397604259,-0.190045796182729,-3.01478386825448,-1.33734597006089,1.76529740556864,-0.4068748428998,0.2170529668321,1.00498926024819,-0.484448303520403,3.72885957863114,1.78382333465245,-1.77718215592199,-15.6884059037812,-21.3685618896459,-1.63312534605464,-3.87691219703038,2.53333177183381,3.098754347124,-3.25178144587646,1.24032203265467,-10.2896312997831,-4.55442583151437,-10.2603414812982,9.49739956589209,0.513745000074827,0.014501447407638864,0.16661967957673662,-0.008742571877193543,-0.13779528416299944,-0.07705950182047672,0.22700864316165675,-0.3960701863912546,-0.12794851663815635,0.08915279505030883,0.11967297484009135,-0.07980383188146888,-0.08231956733805207,1.2731410261583849,-0.32922770105698956,0.32363735356725787,-0.2668089094856495,-0.07414408392311618,-0.4366988074730636,-0.4805099801047262,-0.47742353815434624,-0.10313051327825178,0.20337063016768608,-0.01837083110807827,0.023223178411278866,0.22478911321827802,0.3882806494035716,0.18381716625380234,-0.046851776728087824,-0.17985696055394526,0.3693920090952601,0.10091430472800537,-0.001758585841321,0.01674568614901794,-0.11365326061356185,0.40619254110033154,0.25688955461663465,-0.07441541188689436,0.09295258711734389,0.039290660112436315,-0.12053614659610339,0.04278295030517801,0.30175290967575874,-0.2662984280942441,-0.06758070313613103,0.23800592979966645,0.06748275042441222,-0.09321127017647077,-0.0751479869447511,1.6138888888888892,4.112142293270281
37,-4.04079594494489,-6.27236502098602,-0.726243347055457,4.92706052404946,-0.144222548994484,-0.671753665118963,-3.8773478598181,-5.37828229661868,-5.92466292037449,-2.57171161843378,1.4290691204696,2.74631698167758,3.77998915528196,11.4252298850575,-1.10459748367655,-0.780214367214603,1.29603407258905,1.98210129020824,1.30389830486222,0.979924489836834,-1.0710788800907,-0.131883746341051,-0.302639555673717,1.10809434723246,0.113571720832467,0.818935522409753,2.64014124136698,3.20014135275919,-0.0164656368143273,-0.550037355082673,4.32396253981559,0.460440573133907,3.49595638678821,3.37469789001874,-3.25149822571953,-7.52004105605955,-6.67222802157023,3.05177301719412,1.2564218724321,6.27755885974155,0.726608178811077,2.03956725496133,1.48592984327669,66.1645666168881,36.3484703907624,-1.6257815339411,-9.49272304984331,1.96702880051944,0.043786620708968285,0.13256768613294162,0.07121230098234928,0.03131101010012103,-0.09911210318697641,0.2647294223140191,0.02926861331381646,0.10454140563010027,0.36738851370316034,0.022075525665648646,-0.10543067944165213,-0.6685519095338709,-0.3266896234996255,3.9848408189841154,-0.437606523655259,0.08383868830257073,-0.1910087744628101,-0.5092541331910988,-0.04910025419545807,-0.08545888917269895,-0.08449694677296965,-0.29599203164353866,-0.31399092875291623,-0.07966968826615295,-0.13954389458537517,-0.05486630034991452,-0.25779207137796817,-0.44222625732912574,-0.18646527847596592,-0.0011807447291130586,-0.0004535740550976748,0.28921253043740824,-0.013151424404111465,-0.34510653994693047,0.307916360474079,0.22632897838581512,0.06727970176058866,-0.1804933492454217,0.15603834645161566,0.05650289247075614,0.030893418889570083,-0.21483417365005045,0.40873820543089145,-0.3263604945352768,-0.22868916574960033,0.06137415322061562,-0.01714543945388362,-0.28517033929859964,-0.24999999999999997,3.3786432017982415
38,1.49024249246453,2.81471498387392,0.730763075095556,-0.222958202086776,-0.413896838156918,2.34070234260727,2.8339202108219,3.34860174320502,0.910784866840558,-0.404797337905486,0.077346831360939,-0.525705625711831,0.680052982932793,-1.10459748367655,4.02549329501916,0.214883412773472,-0.663598518201158,0.0771464938062244,-0.385908955732588,0.574054639162181,1.60166542970066,0.876579232851723,-0.641564375851896,0.334889992206679,0.065720031959807,-0.325131088382713,-1.50109449502039,-0.741187310971852,1.01391923144059,0.636650707321956,0.402498323145338,0.519801955049699,-1.67311677290848,-0.158664261472295,1.09416503675981,-1.09643314817764,-3.84857719216892,-0.556264298080728,0.311504133131327,-1.52182483102991,4.87961308751348,0.315667615692844,-0.971273853965829,-10.278415383947,-5.24638965733886,-1.80760537765298,24.9936617909397,-0.395459394462319,0.11610932559431829,-0.1569481035753968,0.15495925393409923,0.162428729422373,0.1656411525016931,0.007907518830445045,0.3174844512800652,-0.5927870202740784,0.36337874811117854,0.28488268383562165,-0.009173243128717593,-0.03996359218156219,0.3181444586401484,-0.4523536519191942,3.3655771324461923,0.08451184518733239,-0.2788649336903219,-0.19412421654080933,0.2607473990159616,-0.30108544806083115,-0.3594968152152006,-0.09365076045391141,-0.0021687560407873756,-0.42130192410961625,-0.2481953994561943,0.246462714687931,-0.03404924095471318,0.3584702995035772,-0.11613426120094397,0.04837270555691354,-0.10173467742098279,0.01360068287771614,0.07958980020373344,-0.2531021830977327,-0.024559979091650114,0.15910834606220375,-0.0462902401135581,-0.16783434511478137,0.04153458151252098,0.9095832772781227,-0.192946244286755,0.009371759211462908,-0.01829100732864613,-0.020757463625615445,0.046887711671668164,0.0538521710421377,-0.33694446942021106,0.13844404424104237,-0.675,2.003869580341784
39,2.00542440815719,-1.98627693231521,-12.5461907674174,-1.36368986868532,2.31037627535337,-3.09022975919013,1.81895751726487,1.33429697872689,0.373643779627085,0.852193049431385,0.696250891245461,5.22218268735625,3.99257699141711,-0.780214367214603,0.214883412773472,15.31,1.65206406828162,0.391361346691449,-0.187286078271373,-2.31472017254276,-0.283858460248152,-1.34085967354558,-2.66699664819566,0.0106901774457302,-1.27792340257029,2.32189537090813,-0.450236051824517,1.33457331972275,-1.55293108529051,0.295108948114742,-1.89114329603321,0.242301358799784,1.925910476381,-4.13111461310954,1.94258426347589,-3.10937942629584,-7.07494849991101,0.256374826088128,-6.78051204699604,-0.14545595130669,19.0746224766619,-3.07752339432885,-3.43095083360618,-14.4183327273925,-11.0368394684999,-0.61845504625253,1.91429620110656,-3.88310137437669,0.10193591566284785,0.032420364492602494,-0.014957641103809366,-0.2698872445046601,-0.12438650251719814,-0.04286216109422964,-0.1373002918275518,-0.1312934596396809,0.15225351647145732,0.37107233019888713,0.23879847971569823,-0.7831179757076858,-0.2693031368172164,0.08198974618879087,0.0824153564940055,1.2482215429670416,-0.4260816453979135,-0.02234220032294531,-0.023709679650100932,0.35332351751392077,-0.016352056552636416,0.26965641232021365,0.23686211218265948,-0.11931019890112457,0.3452820736913982,-0.5183131459014858,0.012304594711946393,0.0006621784544767391,0.2027520021894858,0.008732004100248932,0.24299169509094365,-0.19838299322839198,-0.3229731986251739,-0.00041204515232189125,-0.557746352899524,-0.0012915772412324215,0.004747772077478705,-0.040795606014511515,0.1328737184117085,0.2204535756232756,-0.08351492356713316,-0.14354364599457492,0.14130307864308592,-0.058028840227874814,0.19431870380884175,0.03669542936541819,0.018823200235893543,0.2380664772792909,0.1,3.9115214431215892
40,-2.95482538764258,-6.67593286638201,-3.94459021459025,-0.711637007055111,-4.62765978871261,-0.355051768079665,-2.18293269911877,-3.00392828844024,-1.60854530465575,0.0264942457983638,0.463131089361687,1.02792779171662,2.84056221357109,1.29603407258905,-0.663598518201158,1.65206406828162,4.88487228607918,2.026129764626,1.73080118338247,1.46003250499297,0.226765852028224,-0.25593043914204,2.40083633040962,3.09857491477176,-0.128871731986168,-0.94187381188638,0.135834021006497,1.21339268252747,-0.279465828647729,0.0781675988573851,0.343845175883908,1.2747869064704,1.47374823410583,-3.63770489594086,-1.8241261042141,6.41222660635118,16.2177616953142,-0.123050636060773,4.07316786859378,2.92438060464055,1.32654217320519,10.3698673071307,8.83485469471509,13.407336812705,2.01432965332942,-2.34474237395836,-5.04378054423181,-2.49645132066737,0.1515559981936639,-0.01611415183189235,-0.03532321338141697,0.016573788232795886,0.17316165550581838,0.019072506275371204,0.02220881939919477,0.2825929515093626,-0.028794937529931827,-0.45130755795683997,-0.30888473661261523,-0.38742539182471947,-0.06670544502302003,-0.18884267224489826,-0.28166486485799797,-0.4256047403736655,3.2038605176767962,-0.9255295820647395,-0.04928548267147167,0.35781759023835913,-0.3172422223359232,0.04599623609505843,0.8104720242314928,-0.09938270517910658,-0.3151298837943572,0.5932967688772447,-0.20003875450974407,-0.046482826563801115,0.019748880517214382,-0.1752052066766923,0.27743293408689196,-0.015553356314396178,-0.06679562586206148,0.028331292787888318,0.25136824251346995,-0.12728755045196116,-0.15539657884223435,0.010168432446366414,-0.006755249090334384,0.047424079558889276,0.14386244633672696,-0.46177375380184943,-0.1114451888884741,0.03347743156786943,-0.044567494022178016,0.2648393693526847,0.05562844255050232,0.27790750305283535,-0.9277777777777778,2.207911294884643
41,-3.0129891993785,1.41997957278669,2.10204277392895,0.536419069128189,-3.91389590019012,-0.689588567353338,-3.48622231673561,-2.46461519260194,-2.58627831897367,-0.843010845619214,1.0671954416312,1.75456511282424,4.90220872241707,1.98210129020824,0.0771464938062244,0.391361346691449,2.026129764626,4.47574872286079,4.88444861086685,2.51019926760535,1.22286055517189,1.40380748482248,-1.03036515900045,-0.205375056955124,0.154604306426275,-1.48676661103764,-0.560963141151586,0.515649848896017,0.561551859578719,0.532699050912096,1.31645343914728,1.74995369182686,2.76349204041582,1.09394032497272,-0.475230518337613,-7.26690848921015,-11.9756195746271,3.96355404719437,4.34720216213699,3.27253751980499,3.00050331384672,-0.961308243440678,-0.540368490731339,-6.63973969086597,1.36670089492998,-1.52343560563282,-3.39574671719599,-0.176232648962638,0.02081863418289954,-0.13977536801212387,-0.01701260045266012,-0.12356632926428246,-0.11006575498007308,-0.06518084156002621,0.4634047324134316,0.10974198453467354,0.049354013423595695,-0.14314585728980053,-0.7612596941304075,-0.2803250634439814,-0.44768326777120354,-0.5000391945629638,-0.18531573677062788,-0.023312666931658226,-0.9316677601893237,3.959104869689885,-0.9464330067817294,-0.13457220539695328,-0.16114938670724435,-0.24832489304369706,0.0021596863557842363,-0.08306481261055126,-0.1823056035948276,0.18535284832777166,0.03542449198820289,-0.024505084687992527,0.04024629778769108,-0.1366564075968315,-0.02395538713352193,-0.14813253441394686,-0.18289754685115972,-0.167911975996734,0.29108912780721674,-0.15348756651462694,0.014676403905667835,-0.05825003629913427,-0.34606720785949885,0.01104586959764912,0.016223919653168467,0.02215699896413704,0.27449271316377505,0.11829126507751693,-0.02767587806617557,-0.059930661428508086,-0.03514432541628348,0.19187402375972748,-1.1694444444444445,2.113231819479536
42,-3.7343226904686,5.09798786704234,-2.29371080296993,-1.68181401537112,-6.03307919702682,-0.172120491555374,-4.85865305749142,-2.39233441020858,-2.53213104596815,-0.516924478050954,0.748345439522984,1.78674762928377,5.71446494871597,1.30389830486222,-0.385908955732588,-0.187286078271373,1.73080118338247,4.88444861086685,8.35323914431673,5.8074550891694,-0.199565718106312,1.04670534166321,-0.0427416226311478,-0.135993162519033,-0.6974451082165,-2.51686076916951,-0.287773650320685,-0.421258014275026,0.342350417237418,-0.684598951033721,0.675052195898602,1.79205710122729,2.18750721106448,0.87618000962385,1.34976026050851,-7.58465888685784,-11.6904842127608,7.02561987885854,3.65118618111754,8.18598706172752,11.995284980752,3.42418196253152,1.93658919978946,-9.17808006310294,-1.14845753006076,-1.50864092097719,-7.41545954964026,-1.34281452939317,0.10070392063515733,-0.17870873165732828,-0.03428784819588564,0.013412501702538937,0.11370811725092653,-0.3055427476127738,0.6624904761001683,0.021764934985271024,-0.1500657395058295,-0.15216193036924425,0.07905133517472762,-0.24895247284361705,-0.4854960430370357,-0.04942351309768281,0.257974359386992,-0.012908119812549634,-0.05101071832203002,-0.9458692639101909,2.5348349970542534,-0.6101409289066534,0.025246676919577413,-0.10822360045584813,-0.3353170488671436,0.6046437967019876,-0.12450666922926898,-0.023533287948472443,0.49376351463614226,0.2676594866360065,0.004105216421854187,-0.0957705942447985,0.04548635585037734,-0.02248769550394363,0.21115434718703247,0.1659864565502668,-0.3787818354954019,-0.17881863377808122,0.1335134709292589,-0.18103457188015584,-0.08081146790092673,-0.3747100103584373,0.038572899928237085,-0.056357060341376365,0.22434634290835842,-0.15958926695905143,0.28285075990787045,-0.07599502961828104,0.02091748058649444,0.013710228304968803,-1.0638888888888889,2.8884665731693575
43,-4.42624756603749,-0.783504020975791,-7.29534720796999,-3.1092908920024,-9.23886182444174,-0.387303581111467,-1.45697362976714,-0.693930267697416,0.328186380260742,1.01537226128113,-0.545280492815101,-0.0523995877047519,4.64142995963156,0.979924489836834,0.574054639162181,-2.31472017254276,1.46003250499297,2.51019926760535,5.8074550891694,16.0599680715198,1.69525107059034,2.36829320708372,1.9532165077943,3.20671548805563,-3.58577568049047,1.20302847344011,3.8096732222054,2.55321145121386,-5.00413903276213,1.4983746710642,1.72963230172798,-0.293075305827209,-4.42464456906833,-2.22395939832625,-0.619346926575128,-3.2641441114591,-4.74629352132719,-4.81186155115505,-1.58793818228967,2.89758740088695,3.98580372601902,9.63502872787144,1.14301618443138,-6.43660764666774,-3.8919559505479,-6.92319839445999,-10.3293277797314,-8.48918940393215,-0.2002295665505959,0.17174208708587885,-0.07976750373085507,0.07108023723125641,0.14157669452640753,-0.40097156696588554,-0.020801109977050564,-0.1832811420866182,-0.031499440145544795,0.0686715743558486,0.36847259701752305,0.03444271775799387,-0.47304100675679045,-0.08641730614662908,-0.3038105392603285,0.3460874374888901,0.3645351626416888,-0.13269385918853696,-0.61191781673749,1.6889885532579783,0.035394736807311054,-0.012830225060012239,-0.06575065570303372,-0.5088144930659989,0.08299082919737312,-0.015577005071843708,-0.6920337204867951,0.018315738338697388,0.03721743684765735,-0.3277444020850966,-0.13120314868778776,0.14979035632783763,0.2811396880977717,-0.08842969718278956,-0.16017568072893762,0.028207081878424446,0.06666697419573293,0.11236065656249933,0.052826888084601925,-0.013165615682152045,-0.048107330940123545,-0.3531089386871254,0.24015155018795534,0.06598329203319786,-0.05726994506211419,0.0480210603129777,0.1446060576327067,0.5450043162923709,-2.138888888888889,4.006241139961472
44,-0.970284310976643,8.74477730470626,29.3139512190895,10.1988287836015,-1.84102142575094,-0.959552753492296,-0.905424414014566,-3.8889554370198,-2.47838057523422,-2.82741502800265,-2.69004926762844,-3.33176397109073,-0.695768851004503,-1.0710788800907,1.60166542970066,-0.283858460248152,0.226765852028224,1.22286055517189,-0.199565718106312,1.69525107059034,18.3173196040868,8.27292065233136,-4.86595466551844,-7.11099431302192,-8.76916685995113,-0.947248140578765,1.9630637046103,-1.21655928378416,-4.29384647599771,5.03110933318155,3.11202226094123,1.80982620917972,-2.90421212583982,-4.28230789210151,-1.20676508036091,-10.5249510101886,-30.3094583621776,-15.4437153670506,-4.81319818969384,-8.21864639967676,-15.0237732125933,-1.84627437325098,-6.73243769779764,-18.7118749276252,3.69958532503266,2.44196351995253,18.224503823091,1.04376287864447,0.20137058794506374,0.021030628033275045,-0.13204115457978513,-0.13737239738747892,-0.11362982527094143,0.12422730927711675,-0.27637945839124245,0.1787989424861702,0.18305287746700855,0.14590109267218287,0.4632553354380958,0.6714118323912417,-0.1051718482719987,-0.07975615681903166,-0.3550602881091759,-0.02219929591473023,-0.3078063531564649,-0.15405011872025942,0.024264056733389595,0.03370786234922933,1.4356862077777355,-1.1839412039316708,0.21167990710345694,0.35706328994971714,0.052152107782040096,0.2608850017577194,-0.40469400245745635,-0.20035642457508554,0.17135431971440107,0.005657546403900307,0.05470977606485608,-0.16050620235791035,-0.019456003062252872,0.253531632320574,-0.12886253025914374,-0.0861472202707189,0.002078949161597297,0.02854790962203412,-0.09699920960698608,0.13061869315323535,-0.12570447322338785,0.08949463013815782,0.11565152327926752,-0.10749245599359478,0.23384589742020662,-0.082325490077007,0.007634900857698459,0.0103038613750705,0.36944444444444435,4.278705365421513
