,Cov_0,Cov_1,Cov_2,Cov_3,Cov_4,Cov_6,Cov_31,Cov_32,Cov_33,Cov_34,Cov_35,Cov_36,Cov_37,Cov_39,Cov_40,Cov_41,Cov_42,Cov_43,Cov_44,Cov_46,Cov_47,Cov_48,Cov_49,Cov_50,Cov_51,Cov_52,Cov_53,Cov_54,Cov_55,Cov_56,Cov_58,Cov_59,Cov_60,Cov_61,Cov_62,Cov_63,Cov_64,Cov_65,Cov_66,Cov_67,Cov_68,Cov_69,Cov_70,Cov_71,C_0,C_1,C_2,C_3,C_4,C_6,C_31,C_32,C_33,C_34,C_35,C_36,C_37,C_39,C_40,C_41,C_42,C_43,C_44,C_46,C_47,C_48,C_49,C_50,C_51,C_52,C_53,C_54,C_55,C_56,C_58,C_59,C_60,C_61,C_62,C_63,C_64,C_65,C_66,C_67,C_68,C_69,C_70,C_71,Mean,Std
0,45.6589857612825,36.5086225828703,25.9408454089241,21.4307683343503,16.8706815245506,11.8344192171607,1.82296363717634,-0.342296528632389,0.77681518251198,2.44828616621788,2.57792093777006,6.02949368999133,4.62453971781914,4.18273110485824,3.14202801802614,-0.643418166396567,-0.922838246969019,-0.986469827187396,-0.489961794679877,1.24952927239447,0.214265049065004,-0.605157589133405,-1.86886273722613,-5.12987972499434,-8.2768086157888,-5.86889861101839,0.344439969287271,1.33883310064235,2.21092678459551,2.25814735230665,-0.71073690828765,-1.77028093897361,0.723080383428148,3.00467731217789,2.35704521656666,1.59510766253498,0.184245438819,-0.339708357748035,-1.38029924987289,-5.15694189738916,-5.47014500597379,-2.76479460171454,-3.78489573612245,-6.09595090607727,0.3245956274404447,-0.3227688667460963,0.2348885850463709,0.06916193661724813,-0.027337579207275055,-0.06922554069738228,-0.030705878492112083,-0.022552014993255317,-0.03130255534635866,0.011056911695607408,-0.05342973372780523,-0.03795195804957736,0.007760666299422736,0.0387126864843696,-0.04622293731256819,0.041354460282045355,-0.02707736374751295,0.03250617589527554,0.015902126224177308,-0.019249040075481755,0.019453504368241312,-0.0226503607391194,-0.06548176613562529,0.12884742552295164,0.18717150339576671,0.09822552119019531,-0.10872214296751681,-0.04811648062265627,-0.041364562449756205,-0.008443697228356077,-0.031518081156942844,0.07496386516944487,0.012469158074303969,0.0038766515698288474,0.07198294915197573,0.015758137204060503,0.008677347767323415,-0.09629405433710625,-0.028643500265082222,-0.06334706839538616,0.09328512283529056,0.015395610523269711,-0.06682442939592562,0.036487991229031624,-2.4797420634920635,6.756403315469147
1,36.5086225828703,49.5408384346501,38.0347607112443,30.2137444286227,22.4582658386886,13.9958984483755,2.25348591450839,-0.853597015762536,0.475269707258758,2.43350361393028,4.69954961568236,7.59743696958851,7.05599119458588,7.6989106339932,6.11793326976199,0.219410086395823,0.0073415950917002,0.0561090360035277,0.574828866160056,2.29400464314889,-0.286876060851126,-1.99517861166534,-3.1836911848661,-5.22603040542443,-5.6088990687491,-4.10291544578799,1.04693568856703,1.62408648396114,2.36646624299345,2.30883995951845,0.607792658997283,-0.987825162584008,-0.229666176495916,0.229163255943934,-0.616991830499306,-1.73767177933811,-4.06127422459592,-6.29637200155726,-8.84666959384278,-13.5093690803318,-11.1973066411916,-5.63630222013248,-7.11417130859031,-9.76326192099638,-0.3259169854160248,1.4050490378562668,-1.2019815563007779,-0.38664613661954295,-0.02009934320944324,0.03561539393941803,0.06473975782726808,0.10160319679125744,0.05464438238116321,0.01127395880540527,0.08353651237116418,0.08896596372234408,-0.0017008894781242764,-0.013447812740992562,-0.08840493107447085,0.07386365392437845,0.11900636656884589,0.027997017279301012,-0.003991042910715861,0.028641628918015725,-0.27666249473499305,0.11185733374814671,0.1297415963818731,-0.2365708481491594,-0.1650531152875169,-0.22647208195176455,-0.06476653840263254,0.2632486645948584,0.13256739730755676,0.009387399221326982,-0.03429287463641192,-0.11514386166156856,-0.040223923774765476,0.011789435617419651,-0.08585608969196254,-0.01670248174124159,0.0044590813475250705,0.15079238597254324,0.15851997738390353,-0.0819933053777472,-0.10150178174392575,0.017677071586011554,0.004609006230402772,0.029897814408325833,-1.8680423280423286,7.037814890621246
2,25.9408454089241,38.0347607112443,30.4417758151898,24.3817486951526,18.3327850460953,11.5520411748152,2.41325499619636,-0.470166523571292,0.637081084805131,2.23636209415687,3.66436656465036,7.02779726609913,6.3096901299328,6.51100963243379,5.44534826979448,1.09948801413041,0.970705753693077,0.904800856687512,1.31668993012634,2.65928185857468,-1.02434994123471,-1.97826941012329,-2.77360019278711,-3.99173794953825,-4.39236878157925,-3.1069510240456,0.876686596392393,1.57004026822216,2.1241124863107,2.07679089839139,0.244754184456436,-0.708691053010235,0.402029462198805,1.11190177136501,0.732935420893401,0.135464074748917,-1.46756722504043,-3.10590067535995,-4.96274728006502,-9.12066354314663,-7.10716651769252,-2.55661799649198,-3.24053792778069,-4.84300175555705,0.2401275758354259,-1.220356102331865,2.7006411654541282,-1.568231948700993,-0.0008231306850069357,0.24519723631294307,-0.05925911196835954,-0.0617390837191424,-0.026934702292532073,-0.09727646530147628,-0.04796267438412483,-0.08980971823227016,0.029806570897653678,0.040759930941512326,-0.016206400976452925,0.11023979669331582,-0.07725900137394648,-0.02517354817195351,-0.021387258470736564,-0.14277261414748219,0.2556690126706088,-0.08584823528099927,-0.04490388057484849,0.2089167100973594,0.026523318536676666,0.22767345680784695,0.028454385740532506,-0.05661198298099861,-0.09888296949112431,-0.06906547025455907,-0.11384711375131372,0.1331206246208412,0.08364627469093494,-0.009860523010450173,-0.009028942001748941,0.019996725758938416,-0.006991399095611174,-0.0819472898601848,-0.11220836699071673,0.02144516130224499,0.10045137087948795,-0.086284687760135,0.012534647169378426,0.028147148682914104,-2.1526322751322753,5.516500323138742
3,21.4307683343503,30.2137444286227,24.3817486951526,20.0487984791618,15.5974312729053,10.3647925390595,2.5544600555997,-0.0603303174347968,0.831185757732515,2.12010797025948,3.10190420811382,6.36193797878555,5.49026354149651,5.52338125212615,4.86084207235692,1.52810707185361,1.46518106137283,1.32090614476705,1.50384988002236,2.46623103716677,-0.6916320496126,-1.68466616038516,-2.58013630401212,-3.18194063810391,-3.77699376241448,-2.57019518363542,0.640847760680395,1.13899331420058,1.34761872156143,1.05671886052115,-0.433613415349175,-0.77927310516688,-0.0698351275264661,0.31624173033835,0.319754533643799,0.151370040154734,-0.916649084075397,-2.29099829271945,-3.83517318480803,-7.5737239717496,-6.08998865079697,-2.41176274010585,-1.70584243119558,-1.82419501832841,0.059211571977459306,-0.37763468792484434,-1.5792108321781027,3.9716613168148496,-1.4638272330558149,-0.22698843776283753,0.023438749706524785,0.025340170717099667,0.00107127347610403,-0.03133268170946012,-0.05933188371751834,-0.018193550869287964,-0.034581179631791775,-0.030831399493920112,-0.0365499131746609,-0.026618551814960707,-0.04653204418832776,-0.05293843694267889,-0.020455348606196796,0.024968546928018448,0.04567006267163445,0.049094987160254365,-0.07674653780120062,0.08716694576332891,0.064280322237801,0.18723652496340848,-0.014006283955363128,-0.35698774259184574,-0.06174350140515287,0.10861606471569764,0.027027009881910976,0.04130736199669838,0.018979522752961057,-0.015087986310485864,0.008325908151650201,0.009412121099260122,-0.004551213915332469,-0.054523989033849835,-0.10604427745235336,0.1442113790477408,0.02179961150639569,-0.03704939908186967,0.017647873966881632,-0.026276627577800245,-2.091666666666667,4.476471655127706
4,16.8706815245506,22.4582658386886,18.3327850460953,15.5974312729053,12.9188301631104,9.31231642456713,2.92052550437873,0.449576768808236,1.01828835627178,1.88100203294183,2.57296415601396,5.83453559595096,4.76307874383053,4.49110683880439,4.29594214526215,1.98594112257562,1.97918668863609,1.72632391903219,1.66261188011857,2.1707279127044,-0.419498709272136,-1.37643775144854,-2.31175977449473,-2.33574910498429,-3.45302379882094,-2.52078863959508,-0.327670854757932,-0.236443554311065,-0.0879384246092568,-0.306573019365885,-1.18194475029619,-0.904758274658851,-0.509490782503463,-0.366349434503985,0.0210610439283124,0.274413079485581,-0.243420204270939,-1.28323331292397,-2.49023626621183,-5.65429611920254,-4.56187884375204,-1.70326296432587,0.272839462077001,1.54790762724358,-0.03793617288635057,0.021540736837210243,0.002271459765033589,-1.5116731802984473,3.079093835429394,-1.2614667631143488,-0.04442375807647147,0.053368261906964254,0.019802928824567783,0.012745615275145589,-0.04278001070499452,0.014252580892718454,-0.09764711076456177,-0.09492102215497783,-0.1290178679460646,-0.13165074506310095,-0.06292189102931559,-0.06642386585299095,0.03396599798420053,0.23374967451337403,-0.03600854365679229,-0.007627012815709605,-0.05852060055219813,0.04419657889544136,0.05098125871799088,0.055155353188563135,0.025167930152681647,-0.05102388289705796,-0.025413043725390105,-0.04744490685875946,0.1937572919304881,0.027895891125530228,0.011634965209244957,-0.04247867245763056,0.1055979478393857,0.03278838425285137,0.022580014338050892,-0.12776843755618647,-0.1654687357473307,0.26267618022245964,-0.0005424711476780499,-0.13576798352068267,0.10360206585110235,-0.051123158436347745,-2.1001455026455025,3.5928860492799335
6,11.8344192171607,13.9958984483755,11.5520411748152,10.3647925390595,9.31231642456713,7.76469699365485,3.08149101672949,1.13805188186449,1.41332577728076,1.84289116413712,2.12222818515196,4.96549430884687,3.7178737437072,3.19822616705606,3.42004352476471,2.16988606640352,2.2872807468507,2.07394759968101,1.8705826029263,2.04426205362747,0.0659678888953403,-0.842331780483913,-1.76531259846727,-1.05935895868469,-2.56823640370414,-2.08753896375444,-0.992176098130266,-1.34505715080467,-1.24056413034605,-1.37675474552846,-1.47636510719921,-0.683439424761223,-0.862619090222057,-1.20351024861785,-0.517663106627292,0.120390456735732,0.228496327149902,-0.451421973076054,-1.43933465072424,-3.95113907981728,-4.01624561738969,-2.66990135597616,0.744524247827471,3.58597735424214,-0.06568847919709625,0.022981685740522454,0.2076097793521025,-0.24655194648264614,-1.2554385239751753,1.8454952857476767,-0.12599482228729422,0.016586693845798,0.030204599388823028,0.07077548787083351,-0.0035585006009616984,-0.028615044437798533,-0.011497273034329913,-0.10315232990271228,0.2164013878850846,-0.12721616805775368,-0.023542922259032435,0.024897669333799805,0.04991451808313714,-0.1178930389321825,0.0017793612195118737,0.030066063839191987,0.003467260226846141,-0.11464846294032668,0.08874560503439972,0.011792047899977346,-0.07953065887306364,0.22449306754111964,-0.004017303883241561,-0.06190373165218811,0.06940234813032398,-0.06253917848301431,-0.02876103893080926,-0.012169977072977739,0.043816343355811936,0.06971194564414873,0.0056320776254724135,-0.05371421673132243,0.03373308526157948,-0.16221464280146897,0.06433312865202158,0.18070810848926633,0.010924756279677832,-0.13130711950887491,-1.9697354497354496,2.784725658598141
31,1.82296363717634,2.25348591450839,2.41325499619636,2.5544600555997,2.92052550437873,3.08149101672949,3.96388785284229,2.13778323169731,2.03550208752116,1.96901456225456,1.78706060865027,3.59782140937913,2.41233076500602,2.14737118050404,2.50326817191797,1.60087637825164,1.68632297204007,1.45484211934617,1.06644162319477,0.979920136559429,-0.751447451864587,-1.18396075954869,-1.27166048352298,1.27816201925935,-0.322590724297281,-0.378693880781673,-0.94425626658048,-1.72674580480174,-1.53008025327901,-1.51620835726754,-0.308683285691838,0.797421416911877,-0.437013577200298,-1.80739628722459,-0.389688492715676,1.09463423803146,1.8266612135504,1.29175748151695,0.562645832209759,-0.488504874683554,-0.753052596084554,0.364790020794029,4.19159525013141,7.28667540854567,-0.03457525533681601,0.06766977571770305,-0.06952917201005669,-0.0033891807281750006,-0.05522084774333158,-0.13456810298441868,0.9961296955812289,-0.1504988808981853,-0.03234539259974014,-0.10138391825998735,0.07303136798087363,-0.02237744703545797,0.012129904915588043,0.008464407124231894,-0.16596527994345286,-0.0846234400762961,-0.14627718957746697,0.031152301694623345,0.12936205015282376,0.054893655550959604,0.18179719824564883,-0.12228532370830447,0.028521753416236275,-0.10365404191981493,-0.009449981162738116,-0.1172602915460162,-0.02802575903259104,0.22280759845863182,0.006029589230150268,-0.11725782103171219,0.03566115624577306,-0.00811616459901673,0.013558246033590843,0.08234280641272844,-0.09707285843271422,-0.026300422169810878,-0.013786371413174512,0.010537919964094006,-0.049116103458892946,0.13289254918747007,-0.05013758580893366,0.010267800675300408,0.07259736399720486,-0.08708178477934823,-1.5307142857142857,1.9884385464082834
32,-0.342296528632389,-0.853597015762536,-0.470166523571292,-0.0603303174347968,0.449576768808236,1.13805188186449,2.13778323169731,5.337445460943,3.76684872771896,2.27009892604982,4.76467890340348,0.548628647048403,1.10518732049217,3.18922424416846,3.09232213516814,1.15652329494225,1.8573615648014,2.36414233003757,2.57581766559348,3.16683158430769,1.78059152502498,0.364766443241201,-0.328300993726485,3.33863968062706,1.47180377003112,0.29722742785348,-0.951191222055099,-2.03116292363769,-2.64123209100719,-3.50472297507732,-0.933045958828671,0.593092918078179,-2.25285063668413,-5.30828510640434,-3.06292090185961,-0.635814183501548,2.16402817633135,2.65886622536157,2.60005100480186,2.61213667538019,2.66099637644369,0.29224172157251,1.95717155584237,4.64840072279359,-0.023018261567720192,0.09484490190569386,-0.13417732395065704,0.022499361422331964,0.08103972010917543,0.019786620004467154,-0.15546466086645536,1.7346035867570266,-1.3118471316011713,0.6290446061685966,-0.03911427346317496,0.02595249215095642,-0.11555565850553846,-0.20375622267515825,-0.4334733083586417,0.430963765562335,-0.06683642534967575,-0.11978463951249338,-0.054733364341606194,-0.013526622779511012,-0.12595482075448236,0.07466521846843538,-0.05188946485138347,-0.2601676643763154,0.16377277173243193,0.11743503311799744,-0.24600386633937435,0.10790183968098703,0.03426244480824128,0.0174643058172442,-0.012372891259082634,-0.034604929289596166,0.02070964079450879,0.052192741814801845,-0.03148735802288195,0.020474460300822683,-0.004333180482362704,0.005777164160088669,0.00032013857652377764,-0.04914890083665666,-0.07620946925406948,0.028204907510950616,0.19864977833759806,-0.11151624808934987,-0.32857142857142857,2.3081259629714745
33,0.77681518251198,0.475269707258758,0.637081084805131,0.831185757732515,1.01828835627178,1.41332577728076,2.03550208752116,3.76684872771896,4.34409961685824,4.79383204798674,5.29344714409011,0.0786786073208402,0.165294859070041,2.18339111920579,1.9841910206503,1.18849581556056,1.5032673515799,1.7613666324451,1.57253146089102,2.09602070206573,0.759578928616276,-0.13016251129219,-0.513122476589093,3.72950039615478,0.441066813838335,-0.778551097944235,-1.20372044355245,-1.47367636086895,-1.71788502157251,-2.42433574988348,-0.392950801224485,-0.517717019742913,-4.98805907550175,-9.52515167174478,-8.68741743488737,-7.40172399330261,-6.07570348641873,-7.01636804715241,-8.21158621042914,-8.47345433119838,-9.28465833220745,-11.0377655818074,-8.9013141610591,-6.29204600596199,-0.04676549783599476,0.10363625943044094,-0.02670091296697575,0.0014492668288067585,0.011152197583424216,0.010526826153244422,-0.038479791556272756,-1.3161313453822863,3.8990082217017523,-1.537131431773459,-0.11904361090559,0.019783701690120312,-0.022385881402130884,-0.22647104960337924,-0.08176549344766752,0.029123345014588697,0.015778005982072907,-0.11616749090325941,-0.020223193140802582,-0.04164346811047237,0.08438560369108876,0.06893640906225365,-0.21037756394244214,-0.21940284313035713,0.06682254023999779,0.081326743484508,-0.02846360692389093,0.10176342008960895,-0.006908214768320825,-0.07001028567049639,-0.1385722216679339,0.023437291067011437,0.16796217219705714,0.054994112856518625,0.03007692017753328,-0.033748788677412114,-0.022943048235213682,-0.00813654741496679,-0.010291713047791575,-0.0993376665074858,-0.013550724675945723,0.12423915114530132,0.12163753293047615,-0.15551249034524242,-0.3666666666666666,2.0818500466792123
34,2.44828616621788,2.43350361393028,2.23636209415687,2.12010797025948,1.88100203294183,1.84289116413712,1.96901456225456,2.27009892604982,4.79383204798674,7.26363984674329,5.74402235015755,-0.490076441795094,-0.742108690217518,1.26931147812452,0.958351477882144,1.19245891809898,1.13375140188267,1.16143242613674,0.616131682108131,1.0778556836664,-0.16409953534483,-0.580038865496866,-0.748394372284608,3.89415004305498,-0.960301557295788,-2.02938534043072,-1.46832810953929,-0.943887004994843,-0.874440559783458,-1.44983396129413,0.0099232440909877,-1.63504905333005,-7.50483321574513,-13.3055333802359,-13.7765705830384,-13.6331350632406,-13.8353650058631,-16.2431892322385,-18.658557712467,-19.2689928287639,-20.7027281365801,-21.6101963703603,-19.1480533560242,-16.7518827305821,0.015703244567493523,0.009666643237028956,-0.08784142559768301,-0.02881717825062378,0.011980366694638374,0.08942486999001985,-0.09507226872651126,0.6419856101746079,-1.5293532396593303,1.5355677175078275,-0.16719402441548217,-0.042287921444899554,0.09448871556429875,-0.0008315509200430532,0.15579304974764702,-0.1899040155213043,0.17082147051980306,0.03466307062572931,0.05415438066366411,-0.04503044843071906,0.1261043773770217,-0.0933980250851142,-0.08757001126949077,-0.10990063826616872,0.24049968697336524,0.033222293697089685,-0.1326007835118435,-0.04611182878705967,-0.0686603949316868,0.03136977102763618,-0.06393084524032999,0.027878254348958652,0.06441604783250601,0.07419414758438334,0.09168188344112285,-0.033697859693620304,-0.1006537987825539,0.018238102280478233,-0.011465626408973341,-0.009584391697259437,0.019276251042649236,0.07582943944093888,0.021518074288119582,-0.0965414587728229,-0.46666666666666656,2.693258221326595
35,2.57792093777006,4.69954961568236,3.66436656465036,3.10190420811382,2.57296415601396,2.12222818515196,1.78706060865027,4.76467890340348,5.29344714409011,5.74402235015755,14.474367816092,4.27360086763249,3.57927068342278,4.27390913999027,3.28003582248321,1.61214870537595,2.24095502579301,2.22334016374323,1.81720398473103,1.54858348667908,0.690536955728335,-1.72005510026503,-0.340536335595579,4.761677219578,0.479676112035753,-0.526292829293409,-1.70184039818264,-1.97792778709497,-2.07722973614526,-2.27411962624379,4.08009263771406,3.69333178825002,-3.39295340836952,-10.6543363705926,-11.321014256596,-11.7905728042683,-11.9093197734186,-14.6345433545637,-17.5706947099239,-19.3310967513821,-20.6429206574215,-22.7714694441215,-21.7341594067026,-20.8482103007918,-0.05178974827766062,0.07932214472957867,-0.0598203236015588,-0.06705035034127867,-0.03550602372324203,0.002431994177586326,0.07204697845195282,-0.042038527530464595,-0.119337783928961,-0.1702599769517512,0.5129954860498513,0.050133198083639766,-0.09363481683650347,-0.11368543748153132,0.032472760103178636,0.1478311364142778,-0.13746189046228108,-0.042520584072635245,-0.04434209930555573,0.07092522270023391,-0.15611301208388126,0.10917579282599231,0.09110957331708287,-0.1744628679510185,-0.12271399216341662,-0.08600454053071015,0.1594799833830109,0.005010362840497572,0.06286949007427142,0.01130987188862912,-0.05580794302354462,-0.03814750104738576,-0.055320389331977,-0.01294395170771728,-0.06473015898829448,-0.01575761037729278,0.04548955275969137,0.06191486249186266,0.034631818092955874,0.02203800561976204,-0.08607654439159368,-0.009418143455974484,0.006621208097046321,0.038777033704721964,-0.5333333333333333,3.803204940059364
36,6.02949368999133,7.59743696958851,7.02779726609913,6.36193797878555,5.83453559595096,4.96549430884687,3.59782140937913,0.548628647048403,0.0786786073208402,-0.490076441795094,4.27360086763249,65.2919364623244,34.3969781060669,4.38497715645211,2.78248067250593,1.46743865387469,1.29148009268295,1.27625030876537,0.935361043358297,0.633674529345147,-0.540154442218699,-3.74292292954531,-1.92306603978218,0.822454003934733,8.29069991008632,14.2540594026136,10.4144879564719,7.06631389136561,4.29445070648842,1.52232602275553,4.79690398201024,2.46192456319069,-3.58193214352448,-9.70242533232874,-12.1652116048236,-14.5317165150409,-17.3185175099507,-21.729101450457,-25.4361132586969,-29.7698384782182,-33.1870042736932,-35.5061934400349,-32.6018272980081,-30.3983414239907,-0.03183751527821816,0.07877548456716492,-0.10567159861555943,-0.025681497150107754,0.014319571483107047,-0.01996077321094712,-0.02848501501346198,0.04936129214975877,0.020197421425961377,-0.038057931751706485,0.052324378067089554,0.7108961459212302,-1.1401240267086208,0.29598095518875034,0.08834507187425242,-0.024263047242401466,-0.15292076357727544,0.030571100812569137,0.39949436590172926,-0.19624424366004894,-0.010251197679687934,-0.023670303566784248,-0.017000550674235382,-0.06253073298332688,-0.04721055173006843,-0.003138717973728221,-0.03173751506704217,0.08646647461511238,-0.15165861691694796,0.10164933541685292,0.07911090026903533,-0.1166701581164256,-0.008176200295604908,0.0358945278279462,0.13828861398775763,-0.010696298537584956,-0.0850577594042873,0.031331082144372815,0.012963076172604808,-0.045636936116802675,0.04490772693326812,-0.03096239819694594,-0.012063512183262992,0.01346691448318547,0.7694444444444444,8.079723786264255
37,4.62453971781914,7.05599119458588,6.3096901299328,5.49026354149651,4.76307874383053,3.7178737437072,2.41233076500602,1.10518732049217,0.165294859070041,-0.742108690217518,3.57927068342278,34.3969781060669,20.2446424010217,4.81409112674851,3.39996080145605,0.825556426553288,0.611515838572067,0.592153739328708,1.06947060762276,0.981157334558223,0.237516371752373,-0.965520877170912,0.982742631818896,-1.33941733927603,3.39837730702065,7.04865787233638,5.6618183574316,4.34635783638238,3.36563296914996,2.74254523405293,4.08014330008135,1.88977862402841,1.74193670544072,1.3223838922348,-2.29845834081084,-6.21984278216149,-10.6359971187217,-14.0804139243995,-17.4203581543277,-19.9560153845983,-20.7592207475534,-20.6110480509846,-16.5701980039752,-13.3477028454889,-0.009193983755331465,0.022185033189474426,0.05010401982463653,-0.030927011783299742,-0.10365854393707803,-0.014235264731684296,0.009357129248035355,-0.09267980206199469,-0.018360416129298528,0.11910631469767767,-0.09533439788676462,-1.1543608393343947,2.446720870553014,-0.6255232851707822,-0.1326324880851861,0.01407668831745183,0.3851457116987082,-0.03360682695750457,-0.7832468650586996,0.3564807764701939,-0.013871655892770854,0.1038642769797572,0.04650491694613793,0.0463607848100293,0.07870773378896839,-0.28334563581091504,0.11407889971283748,-0.11754036973850093,0.3296581013268877,-0.17030683772121205,-0.21432083923940676,0.21764508336968627,-0.004722911385498175,-0.08199293522827523,-0.29136382122243004,-0.015429340962478584,0.15798095230214254,0.010403224642041284,0.030566725943548322,0.09307423676311323,-0.15235321917179911,0.08360082994203565,0.017819276343768474,-0.01958385388825057,-0.6611111111111111,4.498293276457384
39,4.18273110485824,7.6989106339932,6.51100963243379,5.52338125212615,4.49110683880439,3.19822616705606,2.14737118050404,3.18922424416846,2.18339111920579,1.26931147812452,4.27390913999027,4.38497715645211,4.81409112674851,6.34915229885057,5.25454284607391,1.1277085839322,1.28295811260429,1.57460614708188,2.11397524926365,3.17006849232484,1.14385926017871,-0.082327716876386,-1.13439508223039,-0.526364612204255,1.12024439135806,1.49374749613134,1.93351823366269,2.10334549220412,2.08226207721631,1.73922192974844,2.36437826423328,2.86328474826803,1.51687094359358,-0.242835818160632,-0.450139524605063,-0.527102226273136,-0.942402694933372,-2.39061269229723,-4.72368750337732,-5.22297533802327,-3.42751393108848,-1.35562559292624,3.0041857032701,6.73251314921641,0.028450920389793934,-0.0020056279073063813,0.06825671339315777,-0.02687828883738768,-0.08752087058304754,-0.1041953812528908,-0.002443139377222668,-0.2070102126665474,-0.2369032495004606,-0.0013271446044602112,-0.10484103841654388,0.28333111216960494,-0.656773508256986,2.3629921176103923,-1.6555923596533677,-0.09941077391443295,0.3530304578010146,0.39365811963316644,0.3479793801793973,-0.49082521311083116,-0.02872114652748143,0.018946884347180698,0.02656212403998324,0.2365681560874837,-0.15268632570762486,0.00655123086790559,0.0436007480650188,-0.048483328707143274,-0.1672401440838031,0.14856518718707792,-0.041084699400169795,-0.019716347417299912,-0.10007464538556743,0.006728567545211109,0.13479109500459308,-0.022477901645613287,-0.14194449402129022,-0.026148273644815666,0.0834321720915695,0.19884881970838258,-0.1726749965981037,-0.01135672804010921,-0.06610468748901173,0.09074180773903244,-2.6416666666666666,2.517767324208211
40,3.14202801802614,6.11793326976199,5.44534826979448,4.86084207235692,4.29594214526215,3.42004352476471,2.50326817191797,3.09232213516814,1.9841910206503,0.958351477882144,3.28003582248321,2.78248067250593,3.39996080145605,5.25454284607391,5.37500925925926,2.56209124782337,3.23152573282045,3.60151493849993,3.95428551139943,4.53260431926465,1.56967593789349,-0.111769599408018,-2.59075147804933,-0.0571395282653531,1.2584945226436,1.78030976779002,1.55184066816393,1.11138596623894,0.731397998249144,0.21595622350824,0.72540158500685,2.76374994492963,0.594468613638762,-2.00544403303479,-0.177084065499891,1.66185742874372,3.03591296924557,2.25796607701674,1.05240247355744,0.304571150955705,1.76702825827285,4.16878739563366,9.14830284078778,13.136507504434,-0.040853845697588924,-0.05370250536557083,-0.011130998970226503,-0.03406643891845438,-0.12775519612544928,0.2075752644635578,-0.17283097514419546,-0.44207261025994005,-0.084792390764943,0.14670176642405997,0.03782614079312285,0.16269506809230466,-0.12420401823356841,-1.6421512286755262,3.339930286598701,-0.5629455440604191,-0.32862767687594163,-0.09499016865754951,0.022034415282387365,-0.12640807071344842,-0.017430006164709924,0.07374502341281101,0.0995436592558322,0.05533756626264262,-0.3071720325894238,0.006357642642514998,0.2142119538136914,0.016137361871882437,-0.05634854318554174,0.03123642552583574,0.14724317395909906,-0.07988224701751587,-0.12185441245205175,-0.01736598529078173,0.036722552318897254,-0.10232401592133643,-0.005435351293742456,0.2335150782637371,-0.19272049060440233,0.17199212022552893,0.016890124537597334,0.0780894386855324,-0.17109729636385024,-0.043213203512508576,-2.2438888888888893,2.3162489631426193
41,-0.643418166396567,0.219410086395823,1.09948801413041,1.52810707185361,1.98594112257562,2.16988606640352,1.60087637825164,1.15652329494225,1.18849581556056,1.19245891809898,1.61214870537595,1.46743865387469,0.825556426553288,1.1277085839322,2.56209124782337,5.21072669220945,6.30178719081658,6.4360307635758,6.27328653564698,5.90716068616636,2.43545347861371,1.26065418083335,-2.57230646223139,1.22113194014954,0.96551234584498,2.00029265227348,1.11283835561875,0.398795725884971,-0.243730888005153,-0.733609121254533,-1.356078139332,-0.274491700054945,-5.03986527256624,-10.1221809263394,-9.09465371801544,-8.17043714776755,-7.15858774242399,-8.84543205554595,-10.7967397960114,-14.5171241879904,-17.0449171124129,-18.5983704098985,-17.0638141039501,-16.3841922217433,0.03646147219176187,0.05521417989293093,0.02912288532667556,-0.040215805104522065,-0.1360169997234239,-0.12107029043255903,-0.07812342837427094,0.3843401975961761,0.027308450746408395,-0.20251347325504337,0.1407259217120569,-0.025002581826533095,-0.00679436721365659,-0.09406739605240245,-0.5574174659156769,2.815954075330301,-1.4603454211848512,-0.3878107985885314,-0.08312250458895121,0.12304318899152168,0.059251046219476924,-0.03247352216528019,-0.02841954605544788,-0.18425458697876343,0.18214135559614156,-0.060429724440919236,0.06749803156917088,0.03100705912905096,-0.025618998144734697,-0.03662800470263542,0.06843688946425204,-0.06179789079810184,-0.07555857032584681,-0.06714040996337442,0.04942415010408976,0.1906128609160015,0.03396918574237297,-0.033165476189322834,-0.22005227924178317,0.17708941491349675,-0.06000176985186107,0.012796820975347019,-0.01760381412440388,0.04562512232969598,-2.687777777777778,2.2805101824393263
42,-0.922838246969019,0.0073415950917002,0.970705753693077,1.46518106137283,1.97918668863609,2.2872807468507,1.68632297204007,1.8573615648014,1.5032673515799,1.13375140188267,2.24095502579301,1.29148009268295,0.611515838572067,1.28295811260429,3.23152573282045,6.30178719081658,8.1658445083014,8.68257392849815,8.64107099555629,8.21228754971702,3.70053760077073,1.62649310460356,-4.01876418105673,1.82232313751217,2.14161782965102,3.45832396523593,1.91621932487581,0.526929212875878,-0.827922867263613,-1.91156815703302,-2.44521055290666,-0.324300488502602,-6.90732889311121,-13.8735697040464,-11.1286097089414,-8.58161423556123,-5.9994587754083,-7.56309024865691,-9.78435290555182,-14.160804470493,-17.3200392160526,-19.4396360815188,-17.8256059119199,-17.113379459007,-0.03441825394914858,0.11973931367332756,-0.04995338242973072,-0.04178331870898835,-0.06650778132520958,-0.01872616761958775,-0.13050569500613257,-0.05537891733449428,0.035100239042867507,0.14143615861904552,-0.1345627690179132,-0.15772704808415552,0.390484482927309,0.3630688623490085,-0.3232851240756419,-1.4554161808600932,3.1409159849724224,-1.4756259880805398,-0.11782170026972702,-0.04463759319825003,0.05484401522966234,0.07761514655827054,-0.13940244665155507,0.07770539331771222,-0.07160982054465294,-0.02819637475228748,-0.005147417341442968,-0.00026916669887564284,-0.096269345927932,0.1671168583140428,0.014282068777215697,-0.09453367814987797,-0.04821720322262405,-0.08148540672522943,0.036889450374440254,0.05270268977403539,0.015423067066792973,-0.010477372625002129,-0.02767270388373503,0.04954157957689077,0.02324213693759733,-0.052185821631435016,-0.014757473616369593,0.01613776691049238,-1.813888888888889,2.8558439222586034
43,-0.986469827187396,0.0561090360035277,0.904800856687512,1.32090614476705,1.72632391903219,2.07394759968101,1.45484211934617,2.36414233003757,1.7613666324451,1.16143242613674,2.22334016374323,1.27625030876537,0.592153739328708,1.57460614708188,3.60151493849993,6.4360307635758,8.68257392849815,10.0223052362708,10.4369032781804,10.2810450420391,5.33628932384763,2.54250938040666,-5.62296884383876,2.2414236170381,3.45087792691966,5.09327271873769,3.23677882744645,1.45756820521434,-0.391796327357165,-1.857016158104,-3.74097974271228,-0.823650467731413,-8.79624590215333,-17.1721596819156,-12.6351854055582,-8.37800155256241,-4.34069047511466,-5.72371230932425,-8.29005757482869,-12.7523685455827,-16.1708021160461,-18.6155577748505,-16.9524288817237,-16.1104325147094,0.02204762068835589,0.08547622894203641,-0.013690130690444708,-0.03870164682120692,-0.09542838922916697,0.03880532037166946,0.04557039600168021,-0.10593052756452524,-0.006819218265207729,0.0534152215709495,-0.040071682425180485,0.027689049456053636,-0.03164321394915247,0.36161785638849253,-0.12411212054474782,-0.38550883548660614,-1.4922788644037028,3.8915904210171584,-1.3988716359293423,-0.2582168542114213,-0.1382446555921658,-0.013799329122897261,0.13963772656109558,0.1048525961631312,-0.016531694111800995,-0.10044296536139505,-0.01857319069438291,0.04486840026685574,0.0907896037891604,-0.002627859493584716,0.005008408927498621,-0.10920856035333244,0.020639625808804046,0.15053259569269672,0.0036432522165623727,0.0004810635376948411,-0.024002730859535602,-0.05082882488306904,-0.026876710810057908,0.019179344827618138,0.06876929798796408,0.012886081089831254,-0.004930149669806808,-0.03356224357073729,-1.1944444444444442,3.16422269068894
44,-0.489961794679877,0.574828866160056,1.31668993012634,1.50384988002236,1.66261188011857,1.8705826029263,1.06644162319477,2.57581766559348,1.57253146089102,0.616131682108131,1.81720398473103,0.935361043358297,1.06947060762276,2.11397524926365,3.95428551139943,6.27328653564698,8.64107099555629,10.4369032781804,11.8234163473819,12.359471151959,7.67433366578866,5.64275767067731,-3.55071297985803,2.07613315594941,4.01197038145083,5.83527756392541,4.32352663546444,2.83119674672614,1.20451479542892,0.069944431444313,-4.42702521420588,-2.04452883220352,-7.56483343042447,-13.6479416613127,-9.74244542767559,-6.21951407992776,-3.22363466351835,-4.56830338233812,-7.60739508676297,-12.217144674767,-15.5260646738357,-17.8850237504629,-16.023922925741,-15.0780723583577,0.012440116519416646,0.034594929482183304,-0.013442930420636063,0.003162363816951326,0.03312938896238368,0.04753601176342478,0.12579018998887734,-0.05329905403217922,-0.04279026652202843,0.04166099771479623,-0.042409903935224154,0.3856457029788269,-0.772729286596913,0.3410931123810036,0.019762290625696437,-0.07631894394152515,-0.10393051486554776,-1.4130083119631993,2.8890862649548406,-1.183533478354774,-0.0340069285702237,-0.039883447472286004,0.12675750406180147,-0.03526864435264168,0.19355303478457783,-0.21934628105700293,-0.03355055844921665,-0.0447036868936486,0.4046209630978331,-0.24733181987161154,-0.017644122458986913,0.061535823795443326,0.00967506257984702,0.11156249779429521,-0.17327588196468213,-0.008471018114481367,-0.015270454540801897,-0.0116388826631449,0.03615391741493048,-0.016577481957983437,-0.019767974927832072,0.05531472607321591,0.006087812869903341,-0.03237640746640845,-0.5611111111111112,3.4370650775599034
46,1.24952927239447,2.29400464314889,2.65928185857468,2.46623103716677,2.1707279127044,2.04426205362747,0.979920136559429,3.16683158430769,2.09602070206573,1.0778556836664,1.54858348667908,0.633674529345147,0.981157334558223,3.17006849232484,4.53260431926465,5.90716068616636,8.21228754971702,10.2810450420391,12.359471151959,14.8794393358876,11.1114385918291,10.4011815569535,0.10439540968146,3.25993880770582,5.60012134303264,6.47258843032526,5.79703766596404,5.15905504543286,4.14465476114905,2.89348238999934,-5.05075280580689,-3.54096282091368,-6.67943178170271,-10.5299892324928,-7.57582587436966,-4.47154769186013,-2.08162164544004,-2.88577917307354,-6.09224781938738,-10.6488284670422,-13.7226966204794,-16.1514678144198,-14.3613690187144,-13.4404534217599,-0.01384670329364723,-0.019473087979730987,-0.19465637505270683,-0.0015929152835783306,0.23636468576676548,-0.119053595896097,0.05482162582558692,0.011060157974012707,-0.03988703827223678,-0.04830976594070733,0.07263586681827987,-0.18967236653533026,0.35646332577642464,-0.48580232954777275,-0.11899148096963676,0.13009336211250114,-0.049449506465037825,-0.2540689422382281,-1.1765414561414793,1.6578424834695087,0.09037621532575738,-0.30969815925795224,-0.07589688211720722,-0.0036086142420634817,-0.010949567214551672,0.12890027445127997,-0.07621629701509913,-0.009355222647171674,-0.25374906001795694,0.08991398706189549,0.07071760177330606,0.16614660233562895,-0.15847111328538913,0.031588003477020475,0.1806777719410378,0.0008046611966901116,-0.1441318544231674,-0.005867890189726782,0.1499169798264283,-0.1606515704102458,0.037614097052018736,-0.007066375533015879,-0.046195537376871834,0.07399584696232345,-0.14777777777777754,3.8560911991144105
47,0.214265049065004,-0.286876060851126,-1.02434994123471,-0.6916320496126,-0.419498709272136,0.0659678888953403,-0.751447451864587,1.78059152502498,0.759578928616276,-0.16409953534483,0.690536955728335,-0.540154442218699,0.237516371752373,1.14385926017871,1.56967593789349,2.43545347861371,3.70053760077073,5.33628932384763,7.67433366578866,11.1114385918291,19.2671251596424,20.9966196372695,12.1109128302026,3.90240586816706,6.67940688607534,5.46695951976142,5.74045019156454,6.68095264305541,7.45768086366159,7.49235552767488,-4.11686812712562,-6.19767606762535,-1.8286542401948,2.67835118385707,-0.840428655889999,-3.95562556278397,-8.35959793948311,-9.83464833992686,-13.7651087509185,-18.1514921427028,-22.2099878722439,-24.9578069909709,-21.4774942567607,-19.1252645571404,0.020194786872635814,-0.2875174666917181,0.2488824195724422,0.04047980351779372,-0.030452075673306826,0.0005589141858570534,0.1828311006138749,-0.1060895848479936,0.08090880070350079,0.12461928572979461,-0.1481474105380439,0.004086031234406159,0.022504285316379203,0.005915441374502966,-0.011611128507400452,0.05543067786050883,0.05071352065995372,-0.13671131412582713,-0.033900008951976965,0.08614412075188094,1.6382425025874232,-1.4146260424067845,-0.010463649769539804,0.15293680842268387,0.009763414096276722,-0.03323505615261433,-0.045688365050318855,-0.13081011602363504,0.005875943274966781,0.15854588925471638,0.2832510872867976,-0.4255574862156218,0.11317675903656604,0.20062529208736063,-0.0737646458289594,-0.13753366845085874,-0.08068721423877417,0.21419827130757052,-0.11135180154400655,0.02079067249019943,-0.053697451547659175,0.11356919100837166,0.035762297696864495,-0.08755199733597126,1.3322222222222222,4.388294105873306
48,-0.605157589133405,-1.99517861166534,-1.97826941012329,-1.68466616038516,-1.37643775144854,-0.842331780483913,-1.18396075954869,0.364766443241201,-0.13016251129219,-0.580038865496866,-1.72005510026503,-3.74292292954531,-0.965520877170912,-0.082327716876386,-0.111769599408018,1.26065418083335,1.62649310460356,2.54250938040666,5.64275767067731,10.4011815569535,20.9966196372695,27.5581817528736,21.9079465882819,3.7775431487255,5.12175223027913,2.53207411647022,4.53562535964315,7.54891926568291,10.754475182571,12.8756499426851,-3.41490147281968,-9.54400522859058,3.92184726186536,17.3446057759442,7.71921116078143,-1.15659336540643,-11.4783978228491,-12.9309056806265,-17.125194835264,-21.2017046137415,-25.0302273086471,-27.2308726515917,-24.0573033589801,-22.2479039388669,-0.024823239682365553,0.12545853377079072,-0.06176845648000832,0.05455857326364271,-0.004131495422654094,0.011503850849718349,-0.1335479886271221,0.057859768931845044,0.04354252971655913,-0.09519709895533539,0.09960426205597954,-0.039289456962308296,0.048560994872582856,0.011856208690094345,0.050624602848121474,-0.04780392049370721,0.06370860008475195,-0.018652595325312323,-0.055491185839948234,-0.3137108350773751,-1.4302342498709557,2.210740606101268,-0.7222234267495331,-0.027200329214432724,-0.06332281545224458,0.04725843445172864,0.08337749156922077,0.24788371619896696,-0.14256490895847165,-0.5258438681727123,0.14400711041158576,0.18723436255793682,0.05402548893269915,-0.056664106230571484,0.002658174065638012,0.1505461818229804,0.007461855724834149,-0.26906404925431654,0.04294123561452498,0.20295844670446578,-0.011116943194333944,-0.08280735374006917,0.00720813699599143,0.003309874028477822,2.390833333333333,5.248636180273268
