,Cov_0,Cov_1,Cov_2,Cov_3,Cov_4,Cov_5,Cov_6,Cov_7,Cov_8,Cov_9,Cov_10,Cov_11,Cov_12,Cov_13,Cov_14,Cov_15,Cov_39,Cov_40,Cov_41,Cov_42,Cov_43,Cov_44,Cov_45,Cov_46,Cov_47,Cov_48,Cov_49,Cov_50,Cov_51,Cov_52,Cov_53,Cov_54,Cov_55,Cov_56,Cov_57,Cov_58,Cov_59,Cov_60,Cov_61,Cov_62,Cov_63,Cov_64,Cov_65,Cov_66,Cov_67,Cov_68,Cov_69,Cov_70,Cov_71,C_0,C_1,C_2,C_3,C_4,C_5,C_6,C_7,C_8,C_9,C_10,C_11,C_12,C_13,C_14,C_15,C_39,C_40,C_41,C_42,C_43,C_44,C_45,C_46,C_47,C_48,C_49,C_50,C_51,C_52,C_53,C_54,C_55,C_56,C_57,C_58,C_59,C_60,C_61,C_62,C_63,C_64,C_65,C_66,C_67,C_68,C_69,C_70,C_71,Mean,Std
0,5.47107918263091,3.22734525844453,-0.90582936014495,1.39231625890948,0.530962192499805,1.87483575161469,1.75757710344155,3.10132224794608,1.19193996784292,-0.381404692725056,-0.566120234379543,-1.87642382304911,5.1600728940653,3.81926415782934,0.8251151581067,2.48035958452374,3.31050436172857,0.964595097337107,3.11156839565099,-0.0653834747448929,-1.19671205061337,-4.64487111588849,-0.93335257811928,3.82502348026,-0.143620404067992,1.67519052910115,7.52027308233676,13.4241509418319,-2.18511570453243,4.15150574351701,-0.909108462830187,-0.0280980427050603,2.58850211400134,1.86529946802185,-1.43168601518402,2.09865102155063,-3.93485736092886,-1.52172070082667,0.276619534385742,-0.447024669526902,-3.81035237213013,-0.289970792175382,0.947866182381046,-1.9180266358323,0.209588578166124,-0.648861301627077,-0.612712417607082,4.04960410805567,1.09550886535283,3.295284386337952,-0.5342414792709578,0.21149786884495717,-0.3625679097366146,-0.2672289074658324,-0.4827962103876498,-0.2013473936057357,-0.033361617436895134,-0.21409460457456045,-0.14841929013805966,0.06613619844755146,0.14530765192592424,-0.049210075698304864,0.022822682160803104,-0.06067792173815274,-0.08459835259963429,-0.3119376630824398,-0.05364753930128574,-0.3906724972058916,0.13192221871506318,-0.09515139092627639,0.336864710533437,0.5639942691792531,-0.5926273413009455,0.058510098455684494,0.24451173247376123,-0.042947502468743716,0.032271948497496115,0.2908240122544519,-0.10500154309300647,-0.02824652804111949,0.35825130829983776,-0.2641782137844446,-0.33875607498324606,0.20062865050794385,0.009111684029946495,0.2312811155519036,0.144542895343017,0.23431187471671053,0.0543501142238518,-0.03513372554868672,-0.1806079459932405,-0.8172941471182846,0.24607011374135118,0.022690406606813717,0.20195286432798337,0.1478213069070229,-0.1907769706127778,-0.07272697656403998,-0.5944444444444446,2.3368952014651634
1,3.22734525844453,17.8443169079041,2.15107842936678,7.19988673994817,3.26987077449909,4.7427623398657,-1.65681902190498,4.07653320517272,1.99830388604752,0.975116794208101,-0.173763062601396,46.0132667606956,26.2380828734779,-0.0874639348075769,-4.70524556629695,-5.27240663261078,4.01076840275265,-0.73108750921942,0.684006617605189,6.13000952064332,10.4911931056186,16.5347636297913,-0.0172569454321559,2.3669074706805,3.90450128966087,1.45890147429879,7.75037954718895,8.7019789237571,-2.13450462335933,-4.30894775397101,-7.39128309351392,0.667625842491207,3.0854219803588,1.56768322420804,-1.76693281434344,-0.378760283459593,-6.81986903322338,-1.94585844577828,1.36590329289151,1.52969368659284,-2.68207024643069,-4.91752005364566,1.93908366005404,-1.8907754539888,0.319615564122482,-0.272108978894215,-6.23137656365955,-3.94563145399337,-3.97355495285768,-0.5367063180229562,2.3106233201078563,-0.7208539709713218,-0.4524675212950102,0.007166578202882607,-0.06060610712927476,0.018658687765301125,-0.5022809566440108,-0.03704618002894835,0.07839013863346658,0.45806188178008106,-0.2923327091115976,-0.1633750590585912,0.16337525743208287,0.017288103544508247,-0.018978115491994123,-0.19565238307983956,-0.3320126486617442,0.41170269582686153,-0.10675057590184928,-0.11646935808114736,0.07005265791694652,0.06481982821857069,-0.18414763332039533,-0.6212496501898792,0.04363481027333916,0.03489091692306591,0.013895330879068654,0.04593992227585503,0.03674967190925037,0.33468415764177806,-0.30721950766306044,-0.02431445276593412,-0.26907615874061425,-0.06463337858686775,0.2091053736377986,0.41554482638953905,0.0978864766649879,-0.0019334512434921601,-0.4398652946580164,-0.1461307601641136,0.041512623363539794,-0.12482181193571998,-0.015046466471771703,-0.0376988736980536,0.06268865436378364,0.2275297542656381,-0.24515982017224683,0.30179241833677356,-0.399074074074074,4.223069607276688
2,-0.90582936014495,2.15107842936678,11.7727438981127,7.21729673937678,3.157718328554,0.631626670750997,0.746237829806146,-1.06848744204771,-0.60033011173019,2.28696693629713,1.62580161271395,-8.81930981926195,-9.74528944111076,-2.53044003890446,-0.0728013084743068,3.50844518974255,-0.075427025381243,0.330511721123761,-2.84320249290379,-0.0728910049220021,5.13333182325893,-2.30963196478761,3.35768314422823,0.884101282797817,-0.393188189334791,-0.491824571660259,2.32810785383191,-1.8630107052328,2.74655907314083,-10.7060901212229,-7.7287151046494,-6.85735331595776,2.39405129769373,-0.339237944625339,-0.993397825462796,-3.18040617812917,6.98140849960205,1.21090452440481,5.20168521013418,0.314955537597401,2.03926225872104,-0.737204037544876,-5.53841861051511,-6.88786718514717,2.21369127024288,2.22193799011237,0.968765136578945,-2.18380895542831,1.86819695313724,0.21757930583522206,-0.7231624313422855,2.2391952440215723,-0.7148426355573669,-0.23635785038288742,0.016299093663686856,-0.010625392649848416,0.0046607645628399435,0.11671847480083598,0.17334995301544798,-0.043953524566613736,-0.0022717599937605716,0.14216874449097985,-0.23868431613066704,0.07061165938428779,-0.14941800335100794,-0.07191719687457945,-0.39536408376531185,0.4665803451848513,-0.20397712978389287,0.017987060695728942,0.20892500815114554,-0.45186629127347744,0.02053461213078865,0.01750562343450697,0.30503198758690125,0.07412493270475748,-0.08219803659096991,-0.1866941471065977,0.29306995090044485,0.0542454456617713,-0.0010639062398251828,-0.03696216683502881,0.5222080723887621,0.018044732965078393,0.01692275288935918,-0.3300482699632027,0.23788442094939263,-0.09779677229082513,0.03274820776412321,-0.17086041934897053,-0.09608515273220311,0.26303481995016137,0.1633213206161194,-0.3926358832362897,0.05955520800004909,-0.3781200516222893,0.19440061294091746,-0.5602232938997682,-0.7120370370370372,3.429685685031891
3,1.39231625890948,7.19988673994817,7.21729673937678,12.3134881864623,4.10609943060338,1.51906322539337,-1.48097241046408,2.07461882095158,0.110043905638488,2.31047531437998,1.34912385846885,4.81148204406791,-2.26689051514667,-3.40264415600662,-0.724608800352032,1.25547962723625,1.97904067679022,0.163138816513715,2.38946658903502,3.66543533123664,9.30552959750143,4.35852437463169,2.50394603808671,1.94842493076995,1.56910520072108,4.2659185829018,5.0517246583594,0.256782763269776,3.3320936709605,-7.14576015021719,-1.97472774930381,-0.360281333044768,10.9984120374052,1.40825555109544,-1.42259620679524,-1.25095473240485,5.25173179454006,-0.538981082775742,5.68991033900633,3.28870627863555,2.93538474422869,-1.28384814800912,-2.48190662200666,-5.37388236547488,-4.62598368998745,0.763540832619839,-1.3532822213844,-7.6669408674743,-5.22770282562013,-0.37090707598927647,-0.4574848449690455,-0.7158913653701894,2.2952118552843315,-0.5746918271543712,0.01741279550194423,0.23928126343489298,0.07075093471082958,0.0809178291972636,0.08787471007263814,0.07663959042855031,0.29428257141540887,-0.0804190944621559,0.2502291676940354,-0.0933007652785554,-0.2805745126675054,0.012601938709449286,-0.015150301865477831,-0.15082351583762965,-0.22543133946023106,-0.19446312995975756,-0.430923940347929,-0.013911295898306357,0.22488423687511366,-0.10812247349521291,0.23669588265828564,0.05751749050924065,-0.05535126499053419,-0.09553454402148333,0.24459236296031384,-0.0651713953938003,0.2553365504322912,-0.5889113209168139,-0.19892964456380935,0.14447570035717064,-0.22339791228207237,0.2638619780916236,0.24735663293425683,-0.024419059086547186,0.04068523102981962,0.179787655487097,0.18013668215391404,0.019214159876982096,0.07323678162002314,0.5612188820461476,-0.038507490282161896,-0.18659758519545097,0.18133726405619355,0.14274351810166253,-2.4361111111111113,3.5076328465878985
4,0.530962192499805,3.26987077449909,3.157718328554,4.10609943060338,6.4261558109834,7.10299466043699,1.26255962318409,-0.223510957850774,-0.297694233587777,-0.865206878191956,-1.47961193110621,8.06273111626035,-1.5008570839223,-3.23006408532698,1.68414528948222,0.334910940583523,0.727708435586793,0.353302930525314,-0.225597197579509,0.911246969846094,3.12396246949224,3.54758326357806,0.925671105700747,-0.0885783941915371,-1.17909327118944,2.30450714047197,3.29670309396598,-2.68370897200519,0.740862446693172,-5.07715115584526,-0.258725236933297,1.83563643370086,-0.628980428471944,-0.235575592810979,0.182934168950873,-2.53843164251216,-0.32345990636483,0.847744356678324,0.719876624125537,-1.92556189221918,-1.91432303813179,-2.33510140894441,-1.62397900236775,-1.43410189635318,0.159206464627206,-2.51773567034458,-1.59029388205364,-5.42770505208553,-1.47173027951202,-0.27176130984757935,0.0065574796657807246,-0.23889600320943036,-0.5792203143773539,2.751458005287032,-0.7671282530532402,-0.7396243821658768,-0.42577238383191085,-0.13354162223536062,-0.02604177501926582,0.029779781896641908,0.007471864986555313,-0.037901940858078575,0.17697407381298244,-0.19310264094905566,-0.13483718695047595,0.03970694144410375,-0.02872419986244349,-0.4400911284401417,0.2823403145240731,0.19563328101296568,-0.34555576002926014,-0.10620944324627714,-0.05691186881841726,0.16177302181394898,-0.015317822191482552,0.0075602071458137,0.052128515558559615,-0.1660287916494928,0.08863477300647989,-0.09118723485653916,0.14982426896858742,0.14350544751389774,0.36188298192317425,0.0013293945895789534,0.25883870965132455,0.10692343959642174,-0.2235762656140852,-0.094795537099093,0.5054315355182327,0.06521804800589387,-0.11680682825233574,0.029411212080518306,-0.1316868252014082,0.0505131577645622,0.03285045246580404,6.415643684986043e-05,0.6078575009382993,-0.212854007214126,-2.7277777777777783,2.5330131880792486
5,1.87483575161469,4.7427623398657,0.631626670750997,1.51906322539337,7.10299466043699,22.077975734355,-0.0561818573182093,-1.68050983208023,0.267693360514284,-0.586384661777755,-0.344864056242158,13.5423472746237,-1.59773442752369,-1.77310318519282,3.36983208374706,2.01894257102207,3.55376284886236,0.453269103978756,-0.901238914571916,2.92717608537237,-4.57038080459019,1.55402876077742,-0.977595217040534,-2.52139940122214,-3.4092794551012,8.03459308692104,16.3333781025489,5.20995709046873,-2.28221706653631,-1.95515472575945,-0.897240329751324,8.70508042926054,3.22885103880962,-0.902862045820797,3.48258020752364,-1.78735440312599,-4.1289240835077,1.3321786676495,6.30562047952664,1.74424947551368,-3.17503683052324,-7.94555332561453,-2.21036151337275,-3.4648695028688,0.769458084668167,-3.75071685252801,-4.46079819051775,-2.31311161041143,-0.709505879545259,-0.48396236114917024,-0.06051896056557109,0.017167022485356544,0.0220551518325636,-0.7715956452314943,1.5805526142420587,-0.1319473545705526,0.16358899337407867,0.04110570363315864,0.16588956034086547,0.14931132288688428,-0.07045612937943169,-0.059414847348181365,0.06465999889345829,-0.03308913796980925,-0.12780584669558537,-0.09378903146961683,0.03783864332465281,0.29011262970536544,-0.032826526718137516,0.2697446275163605,-0.06230230561810737,0.13097459106415033,0.5767648902748,0.6696517092259126,-0.35809231559301286,-0.5176342559058756,0.23423678877830836,0.002895151216844139,-0.100445573622183,0.22126695921970616,-0.3480656007776887,-0.017111224669400522,-0.13916038005754713,-0.45101691066544647,-0.02422314122904509,-0.0833337306093711,-0.17486751561680844,-0.0925047474087545,0.03356950299715641,-0.12822683006364813,0.2410769470839565,-0.17163547112209918,0.2042926205124526,-0.10773561301842184,-0.09505284678313443,0.18453788162928855,-0.1112894761414121,-0.08781407449827074,-1.311111111111111,4.697656408716483
6,1.75757710344155,-1.65681902190498,0.746237829806146,-1.48097241046408,1.26255962318409,-0.0561818573182093,13.4814319923372,4.13125603668125,0.810350397392908,-0.906963292981463,1.68324917326156,-5.41474763700879,-5.43540957321691,-3.73621702909059,-4.02098289624488,-2.20505183812342,-1.82562327270589,-1.29234578700728,-0.260590934587871,1.01552670678113,9.02464538867188,-6.86731184270928,-2.0727472951554,1.59494192517545,-0.743371761836488,1.91205950425495,3.44680372896372,10.2911099636843,0.79219612403019,-2.2880333197834,2.572844922022,-2.2084596904501,2.1669712888737,5.04012538905406,0.143750231448276,-1.31810595399045,3.95715454051197,4.60856127400601,1.02362253719523,-2.64530024238151,-3.92116165075116,0.350773905316801,-5.01550030097589,-7.27733536620057,3.05020704816719,-2.40444007632365,4.17465602028044,6.74281981071068,3.11291348291723,-0.20410261413179392,0.018562280442169805,-0.012440852014445744,0.242196989420538,-0.7395244409582644,-0.1301054068143498,1.9567489578581165,-0.2864239861371798,-0.011835845140991771,-0.16730993426873433,-0.36998525417568795,0.016197876993150204,-0.17158232522013073,0.1706591824334687,0.047385110664023546,0.1027765820202271,0.18310847330421398,-0.014721743970730665,-0.13038585864345012,-0.26549096479115564,-0.38144149312607867,0.3378601276853423,0.19803499312529582,-0.10315005043161195,-0.15394080295235185,-0.04665275456708117,0.31683177460765866,-0.11057294582191554,-0.015729905945184797,-0.07275703845370023,-0.1978227765887993,-0.020093804490854492,0.03740131482011428,-0.5822016848641033,-0.5220946758428794,-0.03825689219047505,-0.0266657451535526,-0.319526346574133,-0.1278959259458101,0.25548556105344866,0.05555145654987291,-0.2513835102296348,0.5172036283404677,-0.04803982427741726,-0.3065199282980422,0.28439703798084154,-0.3599814908725542,-0.15528773327686848,-0.39883305024262855,-2.158333333333333,3.6703449418736063
7,3.10132224794608,4.07653320517272,-1.06848744204771,2.07461882095158,-0.223510957850774,-1.68050983208023,4.13125603668125,14.7677346743295,6.03527530772569,-1.7556816167913,-0.360392783427891,1.78035339819981,-6.45565316267535,-6.69906241665722,-3.20395223188495,-2.30030756005426,-1.89371369033877,-1.21932699903005,2.42595098574487,-2.15661213395211,3.16315846275589,-2.15231803997476,-2.62046413622403,0.804761656547261,-0.240744738473095,-0.0291644770759678,34.9571164441999,82.7931114615356,0.227950815093586,7.56851743279378,1.13702208025576,-1.50402944958833,3.38333690312247,2.17358846911473,-0.286300868068448,2.5253820662448,-1.54338067191566,1.35164489868699,2.13486819534148,1.60159427855829,-1.51504925401098,-1.30323624789429,-3.60927185296021,-8.2164189158439,-1.82480792923074,-5.94699952344329,-1.49678163880118,4.83544777620173,-3.84510195340165,-0.034358505526388194,-0.5022125807455909,0.003543300009504729,0.07294123725376948,-0.4253340126200589,0.1630444266771815,-0.28655470401508143,1.6895081017626783,-0.1314522781422184,0.39206735169939805,0.15476197974653683,-0.04800995617893393,-0.018997899308870837,0.0005628818078704885,0.12135465501520411,0.03077138285774624,0.3407403091318905,0.19328042034859183,-0.41327710956060143,0.5370418639263225,0.05455845490794724,0.005109211324228839,0.06235403382601316,-0.05281185709764662,0.19708161823218462,-0.25173438624173256,0.22741013719560682,-0.22946864737767692,0.17365465327873045,0.011124451576569185,-0.10685032172393932,0.03930143322934727,-0.0877542600792008,0.09948405992999604,0.18150684481334298,-0.1017648862452138,-0.06545522112220663,0.061480691621744916,0.1030804339117128,-0.4141396165324186,-0.0892681428416392,-0.09106000081859532,0.4384377212034337,0.02851417196562673,0.12480225157545533,-0.28568813434126084,0.12916827839495817,-0.2792655270576082,0.24609389544872767,-3.4416666666666673,3.841579710786892
8,1.19193996784292,1.99830388604752,-0.60033011173019,0.110043905638488,-0.297694233587777,0.267693360514284,0.810350397392908,6.03527530772569,7.76158492975734,3.07093094151182,2.38509223003938,3.01744985246042,-8.84806794907203,-8.26213385719688,-3.80679285212306,-3.22952697945733,-1.32139171970025,-0.3924758797515,1.51936905717916,-1.15623959757193,-6.2774372804877,-3.37286091274124,-1.72235115024851,1.41993750939805,1.91249742958319,-0.0001114324359876,23.5761743460516,43.3616687782946,-0.987931745125659,-5.21918289178684,0.945677162128505,-0.5225999687271,3.29633580574675,-1.77956984920774,2.81731346201044,1.49236555101791,-2.42277318771845,1.34179253408603,4.77129240912506,2.19232013667509,-2.20048822580856,-3.20843748548368,-1.92310943569927,-3.11578573049451,-0.756256881982832,-3.9277216940603,-1.24529642598287,4.81132148420228,-2.21210993124539,-0.23622074552254774,-0.04190941852487949,0.10597528132082343,0.07849803682582623,-0.1532296774064005,0.029653834687710715,-0.01495215906052704,-0.13604440115486288,2.926828235618744,-0.2611159391104755,-0.22649402258459161,-0.19248317975668605,-0.08479571068914045,0.2588981071188708,0.13752846610803143,0.26898778825078884,-0.004986230117161589,-0.05566445718009367,0.004159738313590299,0.41242112006146575,0.27703324165783255,0.37441722819188084,-0.09698380644531365,-0.6217600176941481,0.10229782444061261,0.23891003925120555,0.05424816515193044,-0.10374438841245613,-0.6895070810295616,0.12833273158966246,-0.006986733087252339,0.2082247103108172,-0.24318149575275827,0.5844566568082235,-0.4751601931411744,0.06165665846274912,0.22805009968270853,-0.2770322207301883,-0.10197952072086185,0.0897476866276048,0.0002656822753002278,0.10519762841357656,-0.15569450238550295,0.07228090583397673,0.13581292935296105,0.129626665809933,0.1837116866712928,-0.34728526938647375,0.49766529038674595,-3.997777777777778,2.784166828650421
9,-0.381404692725056,0.975116794208101,2.28696693629713,2.31047531437998,-0.865206878191956,-0.586384661777755,-0.906963292981463,-1.7556816167913,3.07093094151182,13.8396347381865,8.78844009230114,10.2842710101945,13.4359082813247,6.4875684277645,-0.842544694755959,0.506405544384623,3.32219882934483,-1.09271991509158,5.15823456320607,3.76985974229689,-5.53078206094026,1.85459918430057,1.78807290275841,2.92342320634682,4.87564815163437,4.05414006763507,15.0030473324745,14.4149628132273,-1.89183611347236,-13.7423465170289,0.259666326626407,0.573371163951847,12.6564146230743,0.182123780784304,1.55694914152877,0.741122774343003,6.89142318162594,0.0693381037021737,9.18280394607087,7.18074012549907,4.83714697083935,-1.2605970444159,-0.229569768641439,-0.342608438496393,-0.211465771372173,1.36713948119788,0.878965808406815,-3.42954960091273,-1.21023203407971,-0.15125357922772367,0.07837642870836009,0.17331306237088998,0.0901075727291369,-0.027074188823753374,0.1655352193201174,-0.16344258407520643,0.3961856920646095,-0.2615388747770172,1.9340751882949787,-0.30416325212440765,0.049034694702184765,-0.2671088705526261,0.4094926453083211,-0.04531949593377967,-0.12321660285771296,-0.23711516061173207,0.20102429854197013,-0.6041846770194506,0.2193249010220245,0.1449062754098229,0.03854520940279592,-0.06845787201974604,-0.2149797928670573,-0.2428402788423421,0.1602068593215559,0.12444477553008743,-0.12267897539908972,0.06053792889028979,0.3511158354915239,0.2531825870320578,-0.3322830741736883,-0.2171375490610199,-0.001878344629580038,0.03986450948743542,0.1291822892802444,-0.25425553506001425,0.18797320644076762,-0.14672177004702794,-0.09409491234726935,-0.7243301196027965,0.5041154835995427,0.02526233710115601,-0.09407136003309398,-0.29946202786590476,0.003051356105513943,-0.012219594571765717,0.14957852805920296,-0.37891901301467623,-3.695555555555556,3.7188216867962978
10,-0.566120234379543,-0.173763062601396,1.62580161271395,1.34912385846885,-1.47961193110621,-0.344864056242158,1.68324917326156,-0.360392783427891,2.38509223003938,8.78844009230114,16.5421191730524,20.8877861573161,12.7827041921424,4.85693834073448,-0.193689870709349,1.4798000762411,-0.285017181254156,-0.570355190515683,0.733376611371855,3.17209294154178,-2.39972525560229,2.90495634596953,-1.42342026548671,-1.80337986691196,1.6587919751374,2.24704968548463,0.196595249025318,-4.09070899837618,-3.23280735359444,-7.72759492149264,-6.58671128566992,-11.1954026353965,14.1724397918659,2.15441692427726,1.12800533605673,-3.16346327300389,11.6952905442859,-2.13036744378079,7.41807604235395,5.98434293112789,3.50507289527234,-1.10847451678763,-2.71612302783285,-4.92095735137063,-1.82750764994634,1.80412779369662,-0.500974870230527,0.247303532168244,-1.32238507228297,0.06688124741529845,0.45329958657937536,-0.047071401651934804,0.08455416633131876,0.03100306649632269,0.16131812217944577,-0.3669952934665754,0.1574353962836925,-0.2311690947512048,-0.3027622011832174,2.339144034540233,-0.3731941328015874,-0.1014816792050123,-0.04992185986923174,-0.04775108252442982,-0.2235545931991626,0.12283097258899274,-0.5349869952233325,-0.05029113428498119,-0.280798771224223,0.18037469486573843,0.1479865487608214,-0.004644948482428573,0.31532273968079877,0.015126346672760905,-0.31422602149739876,-0.09179491744751446,0.06177346986152872,-0.14045353811738484,0.003954324994408078,-0.14531246096992098,0.7920945738427702,-0.17911312828092038,0.04958169005689066,-0.2699713016299593,0.32125460342432705,-0.11221697014638113,0.5355081676731316,-0.35641394974444013,-0.36196341710270036,-0.1982448006945721,-0.22794128690400042,0.28098170515038334,0.023709238540287024,0.43335032179124944,0.1483722510782717,-0.027386076690408854,-0.36612734424711496,-0.08840221878109202,-3.561388888888889,4.065970877054134
11,-1.87642382304911,46.0132667606956,-8.81930981926195,4.81148204406791,8.06273111626035,13.5423472746237,-5.41474763700879,1.78035339819981,3.01744985246042,10.2842710101945,20.8877861573161,279.49880715198,133.721830731724,11.9149692815307,-7.45615111153501,-34.0741134886105,12.5580864650706,-7.09727150442351,3.09070978986999,30.6770424874896,39.8615340587733,96.4732738601423,-5.52547720822662,-5.29420126063381,4.42080501917555,-3.30511987795011,-10.8976231907301,-14.510104089772,-12.238553901201,-3.79114398144285,7.64163529567572,14.3169114531924,30.3632034293859,3.25340615407328,-9.08405616115634,-9.34309819450148,-1.00552634268495,-16.0322172330566,-2.02387581489225,2.70052414174415,-8.00938444458265,-12.290130737674,18.9894131799744,3.83665115321411,7.06630701346911,-6.83902822937541,-26.369999173408,-31.6197576156076,-15.2169233434758,0.14402604193312268,-0.29381656124177125,0.0001645058197887329,0.2911403914448296,0.00913719591561753,-0.07154433646407801,0.016644780726753662,-0.046961717900688905,-0.19214856952805393,0.04974618029913393,-0.374940407766828,0.4962782253052915,-0.08947713469807661,0.14376165484926953,-0.22884697332914264,0.26891029229320695,-0.190502893633308,0.11291351738163027,0.03238418836474877,-0.40820478710128405,-0.11625890157578331,-0.42574536625113013,-0.04504483058693896,-0.05387504358234729,0.19068262200743932,0.18808454814032147,0.027386945919956898,-0.02848230010973754,0.39162089094223285,0.06177149368249048,0.030383104399660386,0.004697049136333922,-0.24343663200554205,0.03945250251848569,-0.040771564719971475,-0.003056759945471164,-0.010050619772023267,0.01675555196268103,0.20306077579860649,0.1374068631209823,0.1464134583455767,0.08264809895657009,-0.012036495339095185,-0.06022494250309939,-0.04032564258276219,0.07204834200163222,0.2558734270683281,0.11603727236254299,-0.0792852128155097,0.0311111111111112,16.71791874462786
12,5.1600728940653,26.2380828734779,-9.74528944111076,-2.26689051514667,-1.5008570839223,-1.59773442752369,-5.43540957321691,-6.45565316267535,-8.84806794907203,13.4359082813247,12.7827041921424,133.721830731724,319.648946191642,149.44226922946,6.11119396305095,1.53775004280144,29.1705022691644,-6.19496724712725,4.81025252184677,2.19231483058674,8.98530093976982,55.7118883289709,6.61343045910826,6.82029414914817,10.4061002068836,3.09632360580604,-27.9339285618692,-57.6284617722057,-8.88638220549344,-5.39620983232357,-5.57859021743512,2.89845771146013,-0.536215140665963,4.14315972630625,-15.828559415904,23.5244810597496,-4.27849241106285,-18.9996293143122,-19.4526599881475,-8.50291790525487,-9.3610052776371,-0.587650751150492,14.6273080688889,13.9094491755419,6.27460250379391,-11.033072618638,-7.8321772730704,-21.5359945337736,-12.8186777203537,-0.04543567876671062,-0.16114922908646345,0.1420168370109796,-0.08119562873869095,-0.03911951654597468,-0.06083643736099524,-0.17119289549843933,-0.019530313159126043,-0.0844631649373782,-0.26634589233007483,-0.10098563705692076,-0.08951231914648738,0.5288657193227537,-0.7644844814876463,0.42299438166168424,0.031873173632135196,-0.2629396610776693,0.08346772636640516,0.14284740941427657,0.19423437284815304,-0.05290884969226029,-0.1273511247783607,-0.013001251520200879,0.20544427815393596,-0.09490301124318572,-0.022116959787985828,0.038697769065202545,-0.023929086847200298,-0.07922434590206562,0.0033396131137082632,-0.05225675817759197,0.04211789394029503,0.14961006959357406,-0.029457527196063094,0.03116437828402656,0.03846254809162683,0.04554097437812264,0.1587406086426367,0.07168283109483478,0.07485141888038364,0.1324746987274056,0.10766311701382694,-0.023316370180481664,-0.10913983827181196,0.14396864467212833,-0.1105320965047238,-0.080146840501582,0.05516662803079843,0.10448661825899894,1.1206481481481485,17.878449211037342
13,3.81926415782934,-0.0874639348075769,-2.53044003890446,-3.40264415600662,-3.23006408532698,-1.77310318519282,-3.73621702909059,-6.69906241665722,-8.26213385719688,6.4875684277645,4.85693834073448,11.9149692815307,149.44226922946,113.051530615865,29.8470781609053,21.5949876687573,13.7120053927316,-1.91654692226679,9.11664094593901,-5.56780221819026,-6.72512118445713,11.7679565155744,11.0063617931972,14.4135995170159,2.94792328330219,7.60353431399973,-19.4897279138477,-46.7386465613375,0.122757988006667,5.96341519888806,-4.68039167613292,5.54144732038337,13.3616236302197,2.87792191355391,-6.67463735564056,24.7795233163635,6.63344495826528,-2.66269119676273,-0.586000992205373,-1.36942398000222,-0.531152105468413,4.81645266861598,2.72396021713149,4.95987973601328,6.52513813464716,-12.0028637560603,-3.20957421819712,-6.41313208258759,-5.41576620740601,0.019634361171822958,0.15817562767459029,-0.23698288304210832,0.24772638918487286,0.17852659165279353,0.06309851430791819,0.1720165341112983,0.003047541230330137,0.2576935352730929,0.40923227321601297,-0.050926506720896936,0.14430890081660777,-0.7649587694012131,1.4766561747767168,-0.7284070936941937,-0.19944916221879996,0.25369407860714543,0.15047720642190987,-0.06562975650179056,-0.19561653044629854,0.19394705665667902,0.1066490384891169,-0.11240642467353001,-0.3346050727636574,0.121424571957141,-0.00907663268483557,-0.11618575200163354,0.08020012059192885,-0.039045617229435316,-0.03502194469307826,0.05735156526223957,0.005236056342759398,-0.30767268068716885,0.04486621394127487,0.2097815321709698,-0.23054905651778468,0.08198826930831195,-0.2829899715169367,-0.06419674644849828,-0.14467740011402433,-0.17660053755938018,-0.25645934730781894,-0.007918418602044548,0.15997932142797336,-0.41681539455473277,0.24135884104277178,-0.07755882010879105,0.0070505009722091165,0.028118968778857504,-2.34537037037037,10.632099069133286
14,0.8251151581067,-4.70524556629695,-0.0728013084743068,-0.724608800352032,1.68414528948222,3.36983208374706,-4.02098289624488,-3.20395223188495,-3.80679285212306,-0.842544694755959,-0.193689870709349,-7.45615111153501,6.11119396305095,29.8470781609053,29.9833757361289,17.0264128719546,3.2139737795591,1.96125843419371,3.84975272343246,-5.10178444481536,-5.6252406071514,-1.19201088237881,5.9131492672307,5.51371993629066,-2.90594089581004,4.06799680418847,-5.54888051381682,-13.621690177108,2.16718780808688,8.3813897500306,7.91499610487232,9.86292319992454,10.6813651284829,0.800343093393957,-0.766072813102642,2.12902314374133,6.59539069341825,0.632170638793675,0.594571233780132,0.0595782967809055,0.422995430699608,1.04496081188135,-0.224035063563959,3.73751627211399,1.10507827492338,-7.73362806501613,-4.27202366631569,-2.5793639528422,-3.36761885267647,-0.06643146938687164,0.016441190556368307,0.06655791794622544,-0.09481772597135302,-0.21001410307896903,-0.03639701836258639,0.0430166212214102,0.12625769127553965,0.12434293983363631,-0.04744832060397207,-0.04878849040795671,-0.22574910763173298,0.42437490616700885,-0.7338011982085171,1.8512500180776517,-1.4487026578056872,0.2069812550080186,-0.020833347836320366,-0.1160859470381908,0.270621492131936,-0.009296285571827387,-0.15341543973038235,-0.2120328556120551,-0.03128021385175565,0.008410982091664623,0.2199688281268727,0.07730931906472664,-0.04093677801777322,0.02321541422182701,0.001371893421730395,-0.32755324112133394,-0.0640791030535167,-0.00784283610526849,-0.20092692768483308,-0.09145899413676989,0.2668250938443999,0.05298981249018559,-0.17949688006666625,0.19689576151274368,-0.00464170749785151,-0.04861036167080796,0.20423341069979475,0.10975259817247285,-0.3310771194284767,-0.023616886438721264,0.24078935941604482,0.2907600369016948,-0.15421892588816777,0.1487050318213201,-3.1234259259259263,5.47479458392083
15,2.48035958452374,-5.27240663261078,3.50844518974255,1.25547962723625,0.334910940583523,2.01894257102207,-2.20505183812342,-2.30030756005426,-3.22952697945733,0.506405544384623,1.4798000762411,-34.0741134886105,1.53775004280144,21.5949876687573,17.0264128719546,20.7407954093941,5.61369138497153,4.03488547224035,3.48015764112258,-4.61952963513504,-7.89068500739262,-13.9862388312421,5.59347801076363,6.30926524509967,-1.44483057068435,6.16569839687559,0.795271945480282,-2.36584818349449,-1.73818997703881,4.30950410723236,-15.5912586528573,-9.14087480207828,-0.573897129855269,1.66345067966715,1.22363310371743,5.96860771587205,6.71057920224176,1.57527463536647,1.81527102802238,-0.507017750003707,-1.379568350163,-0.919751693234146,-5.9308326224319,-2.46714746359756,0.721820716741284,0.953859200088751,0.0265412296076196,0.406963310555395,-1.96267795994505,-0.07714905286384113,-0.01891799751813529,-0.14972093686229845,-0.2775883168647638,-0.1296825208435098,-0.12647216926557206,0.09659227612809039,0.032177560928667776,0.2820232132709326,-0.12387826215525526,-0.2245572603037748,0.26759161038593,0.031294400336177176,-0.1968887528274127,-1.449063026939729,3.226794284215752,-0.8256612205501719,-0.3501901749975626,-0.20147834089954145,0.09633543777630874,0.008207399616930088,0.17210195837162479,-0.18766607737538613,0.08688953534019038,-0.02817870358624355,-0.21376671453496726,0.012507770618871993,-0.025446993912095234,0.19377540100936558,-0.2056264773233897,0.272109980547064,0.31378358708243875,0.09923441336124723,-0.008145925931311611,-0.05438269095866291,-0.024907231577408137,-0.21121511893718214,0.034011312143379324,0.13453869822133618,-0.04142261307957041,0.02752800358468299,0.2197467998168124,0.3678635087598357,-0.06989292625342065,0.08241024623278266,-0.3094612529993412,0.06960638429885749,-0.1357435240801512,0.013721134513557729,-1.4153703703703704,4.553108323924884
39,3.31050436172857,4.01076840275265,-0.075427025381243,1.97904067679022,0.727708435586793,3.55376284886236,-1.82562327270589,-1.89371369033877,-1.32139171970025,3.32219882934483,-0.285017181254156,12.5580864650706,29.1705022691644,13.7120053927316,3.2139737795591,5.61369138497153,19.2930196271463,3.53650487783388,8.47021971843492,7.11255174664909,1.18442901868016,0.258592432017157,2.30976898869394,3.80042830971142,-1.02915162012502,4.0917211151299,0.852264063906895,-0.29436068145762,0.976332893582347,5.24437172773182,14.5875595284566,13.3522009729502,4.22321049012032,-0.627529867987197,-2.43040143536373,2.42747565585298,1.5384813955946,-4.45086482070321,1.25567417086561,0.908508758370044,-2.80681404436876,0.120148259366768,0.94002027444529,-5.83098212448934,0.423143815056999,4.1122430846516,-3.05561035254554,-5.83176105469873,-5.86788459228088,-0.30626599917975894,-0.19412414969437908,-0.07158485019692201,0.009648889002712902,0.03764670489582771,-0.09357860745453772,0.181819143131445,0.3418001608037442,-0.0011508762610618994,-0.23801864651247132,0.1195413892323438,-0.19115551068701514,-0.2604488906275366,0.24894084643013212,0.20078747537237604,-0.8281063545742445,1.9680064930638699,-0.4216106558186273,-0.18038500212911526,-0.04788544503708691,-0.05847950254759164,0.3635943328353598,-0.13677636462510326,-0.3305162828488173,-0.21331846792174777,-0.046772508172122064,-0.05065201431933904,0.01730925988947387,0.19976187623725253,-0.1668037824855911,-0.39464830463590234,-0.3242652246730325,0.3974446536460954,0.26115478378276485,-0.0006737977609398858,-0.23079096511924205,-0.3733625252529296,-0.05930819895307873,0.0209519528589892,-0.0073500798018285,0.06471726801341932,-0.06122064605009532,-0.0018237340476908047,0.5415634759645249,0.18724885325045934,-0.4553846955914662,0.26563842089804396,0.022118634265428653,-0.0995719978735919,2.259351851851852,4.39124351717669
40,0.964595097337107,-0.73108750921942,0.330511721123761,0.163138816513715,0.353302930525314,0.453269103978756,-1.29234578700728,-1.21932699903005,-0.3924758797515,-1.09271991509158,-0.570355190515683,-7.09727150442351,-6.19496724712725,-1.91654692226679,1.96125843419371,4.03488547224035,3.53650487783388,3.3904996807152,1.45124849050921,-0.0305465887232487,-0.546740031306583,-2.43869329641726,1.57693676999051,1.73858136897741,0.110489559473119,2.3913763200665,1.91087842984242,3.26070002514073,0.886121705306169,3.45838290537494,-1.78218609443491,-0.889727616171266,-2.25775724037124,-0.504984965703534,0.683252338374777,0.597906623755363,0.978088002617741,-0.509389950099337,-1.09840481497501,-1.29378697708652,-1.40002180268283,1.71188096044654,1.35947993627371,1.51215829903069,-0.256067618789563,2.59431540672705,-0.520466458783547,0.462841280717604,-0.0057885911429449,-0.05470881143998607,-0.3360195560843511,-0.3899119231473188,-0.01586177042431911,-0.02910860187394522,0.031228141079445857,-0.014135703421687686,0.18862880066806334,-0.054206068682528676,0.20383914875033965,-0.5366286774954675,0.1140233014794021,0.08296606007031479,0.15456785374161916,-0.022863930270230468,-0.36216672975470887,-0.42431527685531545,3.309137646111428,-0.08195983585674753,-0.06444195093562777,0.06765940210267986,-0.04640275101302095,-0.015149914912751286,-0.0879410930546368,-0.2762042617494919,-0.5386450822797235,0.07451169311717791,-0.021162931329077428,-0.2076682889777892,-0.2771716962813217,-0.060759290243648394,0.12809731930368468,0.3392144498868749,0.3548387174480757,-0.4525845643834772,0.07988326910423107,-0.16266568945223586,0.4092018739311425,-0.027998242849455093,0.010416419772840736,0.4430784140528852,-0.3158209201211463,-0.5893018626048018,-0.0722130937043685,-0.2985252090475257,0.1925485127634133,0.01386790471964032,-0.038303677708265385,0.2841132386603541,-0.30277777777777776,1.8386135213021788
41,3.11156839565099,0.684006617605189,-2.84320249290379,2.38946658903502,-0.225597197579509,-0.901238914571916,-0.260590934587871,2.42595098574487,1.51936905717916,5.15823456320607,0.733376611371855,3.09070978986999,4.81025252184677,9.11664094593901,3.84975272343246,3.48015764112258,8.47021971843492,1.45124849050921,14.4094651979566,8.23114742211482,-1.39786500664536,-0.868901012264793,1.38125534323596,7.16234675094134,2.72423221853387,8.02183030358499,17.1804783746506,27.0665788831822,1.77366910425944,2.56848508485629,7.79729247682742,10.3518474262904,10.8826810278421,0.629778961044668,-1.14401945904489,7.93020899895313,0.445977700404564,-0.0027182763543807,4.66955589415277,2.91983858584894,0.561011597902316,1.42374051546747,-0.599863516244598,-4.48584882184087,-1.10920591608396,-2.86453869211426,-2.37299363929332,-4.44011032782196,-6.82200320591264,-0.3890080529068067,0.41016114330569153,0.4648320217747993,-0.14993680079607535,-0.4385103358582588,0.2839032030030719,-0.1267867772827697,-0.41396994050667374,0.005998515113051221,-0.6006116883060529,-0.05010693566288786,0.033526736422752085,0.14292075664118475,-0.06420405785327984,-0.11319224644427668,-0.19977303782371322,-0.17922147823479717,-0.08000010704733404,2.243723941956985,-0.7698460400733398,0.15733909820724795,-0.23021325844769164,0.16015741210834739,-0.390670134530692,-0.031804065494263685,-0.42188767794476867,0.0068977182489465255,-0.011407855098146553,0.009522252120269564,0.047106247169434054,-0.11251330255940022,-0.007083492929843088,-0.030481723224639816,0.1542764713481525,0.47517464800797105,-0.48745622089452856,0.2971386349993404,0.17848489285621064,0.06787446638157695,0.019211744531122833,-0.03586828218599613,-0.21071027139376125,0.011000847307787638,0.10035067340724392,-0.2119089027043875,-0.1536629537373387,0.027424079203699457,0.12583519169038343,0.3170996888384358,2.3472222222222223,3.7946627251913414
42,-0.0653834747448929,6.13000952064332,-0.0728910049220021,3.66543533123664,0.911246969846094,2.92717608537237,1.01552670678113,-2.15661213395211,-1.15623959757193,3.76985974229689,3.17209294154178,30.6770424874896,2.19231483058674,-5.56780221819026,-5.10178444481536,-4.61952963513504,7.11255174664909,-0.0305465887232487,8.23114742211482,17.3957279693487,5.13180984574168,6.96291787095488,-1.62480440178761,-0.855051164223878,2.2498309071488,3.59081440270786,0.470993932484806,-3.33106248256205,1.04432080371501,-0.672300867223714,6.01574499978524,8.65129334664725,9.11569173025817,2.25470065225782,-1.09051034822095,-2.80483484452922,-0.0622230046652384,-0.386007295053141,3.85538270084592,3.48710250748308,2.31139469287541,-0.313133145749136,-0.597588288072623,-6.5520661268385,0.084161441962504,4.52577369105191,-2.52872998581339,-9.81461949663814,-6.32489887085166,0.13022802670340317,-0.10292342954656084,-0.20616196456037814,-0.22329934310125182,0.27976904876365705,-0.038594220970420826,-0.26580499586446854,0.5381146967711535,0.4088523553040025,0.21883267459936565,-0.2807507781921735,-0.4075045619558418,0.19168488141691287,-0.19403485743299942,0.2697426489586574,0.09626480296136175,-0.048071584276079216,-0.06577663685319023,-0.7704086775124103,1.8718586817891352,0.12090588345513417,0.2746478442674264,0.06382271140823394,0.1815716737238362,-0.21963290968684188,-0.25703567150154755,-0.005870168378372989,-0.014715330869769897,-0.3764962496754814,-0.035560314870384725,0.09881596624353334,-0.20523102324468556,-0.05452621434946381,-0.11690521697095724,-0.05511442706292947,0.025416289896534057,0.4644149194779626,-0.20473785758768293,0.18565856019569676,-0.01637035619807297,-0.19880759479229254,-0.0883137579278725,0.09379111676606766,0.31073569366392134,-0.1320321895430279,-0.438015356367431,-0.46841309587717844,0.1238651587416283,0.2818991414530547,0.3166666666666666,4.1696196432466905
