,Cov_0,Cov_1,Cov_2,Cov_3,Cov_4,Cov_5,Cov_6,Cov_7,Cov_8,Cov_9,Cov_10,Cov_11,Cov_12,Cov_13,Cov_14,Cov_15,Cov_39,Cov_40,Cov_41,Cov_42,Cov_43,Cov_44,Cov_45,Cov_46,Cov_47,Cov_48,Cov_49,Cov_50,Cov_51,Cov_52,Cov_53,Cov_54,Cov_55,Cov_56,Cov_57,Cov_58,Cov_59,Cov_60,Cov_61,Cov_62,Cov_63,Cov_64,Cov_65,Cov_66,Cov_67,Cov_68,Cov_69,Cov_70,Cov_71,C_0,C_1,C_2,C_3,C_4,C_5,C_6,C_7,C_8,C_9,C_10,C_11,C_12,C_13,C_14,C_15,C_39,C_40,C_41,C_42,C_43,C_44,C_45,C_46,C_47,C_48,C_49,C_50,C_51,C_52,C_53,C_54,C_55,C_56,C_57,C_58,C_59,C_60,C_61,C_62,C_63,C_64,C_65,C_66,C_67,C_68,C_69,C_70,C_71,Mean,Std
0,32.8357423371647,15.8563466944675,-3.8395580947519,3.51121894267397,5.02230591797354,1.74377952734675,-3.17138544711271,0.0494326825538344,4.91130516350484,2.71403901171006,-2.22641163661554,-4.59143355450784,-2.58933778522991,2.89615421619205,-1.23562486091024,1.52447700564805,-2.54831649749885,-1.01436975669649,2.59469758428414,2.15626218698317,-0.295711382608867,1.47879061523717,2.72709910444601,2.26074302584407,-1.01670823505731,1.53755519770281,3.79709286840105,-1.05190760489532,-0.989948399443778,0.242468776347453,2.58866537426054,2.69409860222666,0.125282768018601,3.29337063198498,-0.866635781828239,-1.2771054299375,-0.767143089023132,1.0001358019025,1.90705559304757,-0.388208249251331,-1.62901733851791,-2.84922039578723,-1.02382478658658,2.82056114402213,1.85745885752562,-4.21261757511127,2.80379991447196,2.34264222658858,-3.45399939223845,0.5503389639839118,-0.2433617367356254,0.21848705712552782,-0.15710637746488765,-0.1425148629238856,-0.12845861642240447,0.03157958331008578,0.026558984560137684,-0.29333064603464665,-0.08725196339018783,0.06351336844024115,-0.051686774550713493,0.09254731373536247,-0.0770417413762349,0.04155400993257859,-0.1673377401917942,0.16728693683561274,0.12000230209892589,-0.041167992792913916,-0.027228774827831675,0.18806049699239824,-0.1745813949949101,-0.10130217194388128,-0.24182994371809138,-0.024523297280323035,0.17307894593689893,0.289136976022561,0.22324076227585185,-0.09919503342695501,-0.018538194314656233,0.11145315063655636,-0.123663626404092,-0.0623824123987967,-0.24228093494592023,-0.03541334177735623,0.050717848500043045,-0.002007411231800826,-0.04285137806476735,-0.06929180479428229,-0.04859542520786027,0.04271453787329817,0.01050083561983187,-0.1592184344576969,-0.08543841618754985,-0.03383621576116749,0.28203457591486736,0.07505760919623602,-0.08810415254576104,0.347963162272706,0.10833333333333339,5.7293753880475276
1,15.8563466944675,38.4736645026252,-1.07890694935262,1.99826357373877,-0.563900469805736,4.70916724943279,-2.28391084834666,1.01546468161816,-0.550104741906889,1.74409683404212,-1.92256963408338,-5.5810868763787,-2.31286569983805,-1.88956179045615,-4.23023325593228,-6.71830145065778,-3.0854773099282,-0.849491977642609,2.27620919912156,2.92835311969097,6.25402371840891,1.96765681355723,2.22318826139732,1.19920416704494,-0.246177061569349,2.82555505999999,7.3182572188892,2.50906877124507,0.924244564555779,-0.102042104278312,-1.23417569951324,3.96281365421593,1.15922206542753,4.11530187441624,1.96327881054119,5.11967819571992,-0.274708586938912,0.355774672196055,-7.45054467049013,0.337437864773013,4.24441264820461,5.67163803174946,3.1783364540647,4.39129606129212,2.27570092282978,-2.22346263070842,8.04814549152254,4.54847927934004,5.04189266509876,-0.24347395142885697,0.5292056552175313,-0.0006530673753843526,0.1511017527723312,0.056286257700946384,-0.047422761193037746,-0.024984090270072635,0.044461042365217064,0.2481549243481582,0.0034573993943034466,0.00014898463173354724,-0.16885211894715388,-0.07646707174433726,-0.0479795781494184,-0.023066595305112486,0.16447351842099545,0.1489970719260516,0.14439620573353668,-0.00018443688435158606,-0.0334122489622489,-0.19269150448073724,0.11963238074667472,-0.07809856371761167,0.16466553908811557,0.11878242829285508,-0.25352480194110594,-0.43737076166442534,0.05757330427106366,-0.0016151590239672623,-0.0984052215173066,-0.017453931984289246,-0.06398246970514194,0.15891533399433722,-0.029248167398795565,0.012756407595164495,-0.1374866675020165,0.1729193708283502,-0.040241778410231015,0.08615463345754505,-0.04516620496062158,0.08619794428443678,-0.2136246026941839,0.1914280231216025,-0.03440526044865953,0.03068127024742307,0.025046144268164493,-0.1988194156027833,-0.11187262300036631,-0.3497941606286362,1.4981481481481482,6.201908134004021
2,-3.8395580947519,-1.07890694935262,6.2323011565205,1.95915649547099,0.705965497429758,0.851195339844948,-1.343434598469,0.10663002949479,0.227911137151268,-0.457515880723144,-1.67248739701061,4.6418539001816,1.78520776350819,1.78635129971878,6.13320109380368,0.428427446763974,0.88330411669967,0.968054860984664,0.771297241819533,4.31958041733478,2.19975707744423,0.69983503756554,-0.535304687620185,0.725780089087419,2.01431481847672,2.04864328876872,-2.05933471404588,3.02642769682857,2.13569514758932,3.49505534932426,-0.0301066071405165,0.577591545569207,1.20182707779864,-0.136058343561313,2.76050056446203,2.90637161343002,1.6179021408452,-0.332567237832086,-2.40373343925589,-1.80084557717748,0.130327860338272,1.17920013904367,1.72992706771581,-1.29698210320806,0.76970711706499,0.553848857721053,-0.266226812370936,0.999484108688212,0.701316620320928,0.21808117763529683,-0.0012111069756088166,2.5088282677039007,0.10750585416479809,-0.13278878884342565,0.054391023718403674,0.03904713491341976,-0.02198308208279654,0.03865950596302368,-0.29155545947654826,0.3403605118713638,-0.39186117527445097,-0.0621296846604078,-0.10762604041982052,-0.1459886806593974,-0.06831349524471592,-0.020139765289365424,-0.12018967362621338,0.134733120104909,-0.5190504115334168,-0.054976061126215704,-0.43380424010368585,-0.031077220028583537,-0.01853751747654676,-0.28889747471313965,-0.5379454062692515,0.3957739220036938,-0.2727249746105711,-0.455564192170021,-0.16410415593684763,0.10690312155457783,-0.3706369297939229,0.08179913957399514,0.08312738449230715,-0.29560325706910545,-0.16395660141174873,0.11020612437224168,0.457825605022989,0.159984717374402,-0.09396627488978092,0.29784129810302284,0.020457902976882585,-0.2202412122615853,0.0029873389332888095,-0.3152841940762499,-0.16514961699356476,0.24901379929572023,0.014059988088286375,-0.09746369034914122,-1.1564814814814817,2.4944540798580577
3,3.51121894267397,1.99826357373877,1.95915649547099,19.4242401021711,7.5390753415589,1.89228646054568,1.66491077494885,1.63025206497263,4.64163256189891,1.11307908544725,-3.64128025382531,0.876044324498839,-0.878662237865721,0.213571874986938,-1.62233254139448,0.100416824800848,-0.92882562756998,-0.204327196013584,-0.881017665767417,3.33200574014274,5.64283348546948,2.17111758602593,-1.11597487091348,0.847291917106584,1.30773456216141,3.61245419294372,7.48020708610237,10.0664540849584,-4.58761376456871,5.13535114158052,3.8705900237419,0.736707459567199,1.08088133866804,2.36231931468255,12.2518038201217,6.88332032214113,5.93187758238438,3.42242653435839,-0.148795846795929,0.207033617563617,2.45266434453535,-0.132544691674036,1.76411878644227,0.859078320679835,0.645663723922384,-0.317698747347527,2.04067428173821,1.73338604630883,-0.391187571154105,-0.1570694462270161,0.15130880328563795,0.10783046970088257,1.3195163978258266,-0.38251182613624946,-0.3990661793793556,-0.20832623146438625,0.06280045890790655,-0.11644620198543719,0.012490087092228833,0.23711235638441933,-0.20765834767508326,-0.2670861557199739,0.18598143631742392,0.17924354255602964,-0.06080908320972361,-0.06280382629918016,0.14057636648899074,0.051137961445059506,-0.24898761796721897,-0.44994478078148775,-0.19734314766763697,0.2954763119225075,0.07447888002580459,-0.00513232569371284,-0.04460663976767685,-0.324957574787809,-0.5411376480219889,0.40606851210779654,0.2508997204932955,-0.36318380628833885,0.27660414098800945,-0.012584527689471384,-0.11826814205887577,-0.03643273549842363,-0.3513239012420775,-0.04723106534602896,-0.07334828409727047,0.04356097561388328,-0.08320021202214181,0.12583503681725072,-0.022634670797652905,-0.0148210430372932,0.32691900605795726,0.015448226299086104,0.14908130485359644,0.04562267778888585,0.12410119239539658,-0.036055958227932935,-0.9777777777777779,4.40615933690228
4,5.02230591797354,-0.563900469805736,0.705965497429758,7.5390753415589,9.14294420498084,1.77082478981171,-3.10325492497887,-1.71843715947175,3.13845782494845,3.96436873047895,2.57122595022638,1.15615436462534,-0.502047625320979,2.49383283014771,2.00814707833464,2.36958621631621,-0.0485077298804735,-0.146971694488708,2.94729789275348,-0.0007112252799808,1.86175468966368,0.787487767736426,0.312570276550696,0.776222936970358,0.697093349070777,1.12421292451212,4.1193504547713,6.27076448630346,-1.76657613803258,4.84600849910141,2.7696944186692,-0.916531835237608,-1.27711250542135,0.624197046574569,3.35812867374726,-0.231906657076976,4.73034818417463,1.66531078030774,-0.75539340094568,-1.18312447013737,-0.771231837206703,-2.90087777483338,1.30978758802546,1.93543153389716,2.23706840825363,0.829582061690735,0.866885716375849,3.5252667449025,-0.95817339704116,-0.14147176607232873,0.054361095976497284,-0.13613567334952814,-0.3840384982416086,1.9093611643321486,0.21369657763606068,0.0178372178848839,0.2366328694893283,-0.12558307696228482,0.03335178510892934,-0.1736314844176943,-0.062240780758250756,0.3653209320286648,-0.3987959558107104,0.07024735332637581,-0.3305007415588272,-0.021919043089301402,0.15221870475547553,0.008997758668101662,0.023941809872425803,0.0200779395623859,0.17051025278929158,0.042136019822149366,-0.009050938092499742,0.17113815126095103,-0.0014495414876916342,-0.37050509026764916,-0.6315482415200009,-0.30602361157889263,-0.018727574354751635,-0.14367170262442278,0.04553779390821827,0.19753124621438511,-0.04529607239144613,0.044706329788711814,0.2804665957591228,-0.1440854736135014,0.273433752907856,-0.02699753750396041,0.03592514170288574,-0.01019048180402777,0.3674458795892089,-0.1121110688295999,-0.3095282544547268,-0.09182490594956104,-0.0014387491483092824,0.3918132252260471,-0.5784004347856961,-0.22404032909445076,0.07916666666666666,3.0220761414929376
5,1.74377952734675,4.70916724943279,0.851195339844948,1.89228646054568,1.77082478981171,8.47491060025543,-4.83562244030925,0.236654564539028,-1.15307139662695,4.88123329442072,6.12653105194574,0.175002954464635,0.312255038290151,-0.576171648996716,1.70884106906735,0.131736639016421,0.0879643041209336,-0.396347152974289,-0.296268642047246,1.08682184990772,1.51960659571364,1.43413748659443,1.08873511258967,-0.186036810861971,0.743470092702588,-2.34445772894838,1.17978381747421,2.33963267238759,2.85427899616935,-3.21013002800298,-1.19653726359863,-1.33506315788786,-2.95106380502841,-0.741804664988606,0.686645055307697,-0.300106858738522,-0.932988335856338,0.0520874545098921,-9.086025466702,-1.94853917597414,-0.802629978620402,-0.672354424249868,-0.648230752976436,-0.327614329766268,1.47915179164309,2.5779082293421,2.11717103435854,3.73292784832164,-0.653766965615372,-0.12903988415617618,-0.04721158523013651,0.05299759522506222,-0.39881897175675307,0.2127439928709819,1.7423712065345434,-0.2760409601231385,-0.3489927256842076,0.07574800866036453,-0.21372885919667278,-0.19231174512605434,0.0644766594293566,-0.02043527424021682,0.425985130639739,-0.04212348097373237,0.21026391323278287,-0.06049663781046442,0.009909518970289664,-0.3607472872806924,0.04242624101400887,-0.00206710802853965,0.042137551081544024,-0.0020381370285235396,0.11955088280171951,-0.10236256352141784,-0.06086325347368855,0.13306728471898965,-0.02105555573751172,-0.5345714773418168,0.0887955432800292,-0.14103503813121607,0.35348508798074724,0.17517796357541093,0.405647141399697,-0.08011405401965675,-0.16027475861589982,0.12110275993635884,0.18553366507436111,0.43523841914180106,0.30030528951836366,0.3694431099952348,0.03292705612376097,0.027287911056481498,-0.1664990265007324,0.007327374191740151,-0.1921546252624735,-0.1550893518993718,-0.5443154738999939,0.4053120625830072,-2.155555555555556,2.909451941561405
6,-3.17138544711271,-2.28391084834666,-1.343434598469,1.66491077494885,-3.10325492497887,-4.83562244030925,30.8028787161203,1.29448804868407,1.23728134785561,3.34202246417452,-0.938901612953249,0.750738163007049,3.62993125718896,2.31226238958925,1.39369187284813,1.53845897475727,-0.905919309084765,-1.16860067140769,-5.87910271362322,-3.32280898612436,0.176630577555532,-2.08754911365195,-2.59630812700576,-1.7522429705416,-0.695964918763927,6.05747002095679,-0.0156958253814534,-2.08728215188915,3.54961744102547,-5.72450370606678,-3.42191630681673,-0.350678263574089,2.53476529655912,-0.809274628856401,-0.657895272576925,-1.81960604136246,-6.18403118119097,-1.21942807851218,25.3019093379585,-0.93827108782799,2.83307220807736,-0.825322520658116,-0.0170910569122576,-1.42547726047183,-3.34823149456831,-3.87357575274116,1.19843702139249,-9.41336826741434,1.47842898832158,0.030299890862832225,-0.024959612217918117,0.03908116196281943,-0.2098495950907269,0.01746549764526433,-0.27687793605924216,1.063160065675355,0.17525543183219444,0.18102262958531043,-0.07274795195436429,0.0723494952190762,-0.13553441604821015,-0.10974969474485431,0.13220380618986372,-0.05134009789332869,0.051964467086558136,0.03272807336187208,0.17504248373330417,0.3621459765903391,0.09693788747749409,-0.004293991657058326,0.06553630172956673,0.22615058361258436,0.010917703268911193,0.08327760995874826,0.16019734189986246,-0.008818102917162738,0.1076803721220533,-0.2686981458727764,-0.1096139868315375,0.09929082805255372,0.03683278951707239,-0.3725519131714073,0.06704270306459797,-0.11347103605925768,-0.022445629576697948,0.19959258370048127,0.19502201469598948,-0.7567909917159431,0.11449191968601677,-0.4126605080351494,0.2803743314773586,0.15145706649254384,-0.2803276093423646,-0.03613921527414673,-0.07266304483141331,-0.18450652351604171,0.28515274126401835,-0.3749176603611079,-0.8237962962962962,5.549133149972195
7,0.0494326825538344,1.01546468161816,0.10663002949479,1.63025206497263,-1.71843715947175,0.236654564539028,1.29448804868407,5.54764513268057,0.737757517052562,-2.19878514520432,0.103016419566797,-0.437299429899786,1.76547439958482,-0.0709315075507724,-2.74743780983792,-1.77381572407812,-0.130810637888781,-0.583667183775348,-2.26854481121687,1.28572886618261,0.693460659430176,0.805592468569021,0.124121044235433,0.899855712147856,1.07805021454291,-0.573842801834372,1.76795421476134,-0.21505404090017,0.991332708983494,-1.40746398305626,0.807243916139952,2.36547000860694,2.67824044606987,1.42479966118512,3.6122624310322,2.37370452009145,1.32543211009476,-0.0780200024146192,-1.45123926073718,0.492537128281487,2.67423539007981,1.5054449190184,-1.03073121208858,0.483566618694624,0.074252263985335,-0.359018275805109,-0.311186271273399,-0.69829633660376,0.534352902862401,0.026969820778906226,0.044283930688510546,-0.021564590843915123,0.06536456262893188,0.2375584173192717,-0.3503856346442501,0.1743848289876707,1.279513660168255,-0.01762236468302103,-0.06094477164191606,0.0344784888762585,-0.12536145885650365,-0.12546963980532724,-0.29103948919938644,0.2573145345931341,-0.061283585233703655,-0.06181852606753954,0.11921490792281057,0.323452454222293,-0.01160647646081421,-0.04269983419180377,-0.05185165526077836,0.31364143486040963,0.18401215422747585,-0.33358333426837605,-0.11491005235575481,-0.21430393802373252,0.0236745466851632,-0.1335603987126396,0.01059156865979906,-0.13570879415897322,-0.08298807487360067,-0.2105148320742121,-0.3495904502568581,-0.09501697094972268,0.12482526533958084,-0.08707893961250386,0.1667239931508678,-0.025893602631513826,0.11562184852862123,-0.17209724171537347,-0.29439411863003945,0.32552277908103316,-0.44772033896304597,0.0741021258877958,0.19725389149609626,0.12273251598891721,0.21895091800522812,0.22415534633133977,-1.0975925925925927,2.353220162390373
8,4.91130516350484,-0.550104741906889,0.227911137151268,4.64163256189891,3.13845782494845,-1.15307139662695,1.23728134785561,0.737757517052562,6.50735791826309,-0.24651267166703,-1.22995579294635,-1.09698617315752,0.6039866511535,3.75929469041226,-0.654527727690739,0.57373300868862,0.420127415281577,-0.0104334714854502,1.23470294340491,1.27107038433958,1.23650550838986,-0.428880784588596,0.50932692033975,0.979607553489524,0.946944073927552,3.02372075832379,2.55708433234376,2.10429799703327,-0.750612399567608,4.52722873555775,2.97515847424002,1.02513635707964,2.36138081357724,-0.487388621957702,2.93188307701556,2.94660587084731,2.27328212092081,1.23690669238691,4.67524790898786,0.798504622231276,0.7693297288464,-0.690199707579864,-0.527234497090247,0.200823916463229,1.63943480983746,-0.360443377434407,1.51676302207716,0.848198354563475,-1.44522338118879,-0.2949729487676096,0.25003067016628383,0.03869123407417809,-0.11584119895942326,-0.12525945932534774,0.07584159413666539,0.18060181198895525,-0.017823382487062552,2.0901087589339924,0.011521276668674255,-0.24861966284334064,0.3653931587402282,-0.20302344127100883,-0.4940483645221585,-0.06777080795539647,0.06976055706714024,-0.06745952407138064,0.3501728665295978,-0.03130037360839464,-0.17983800799594016,-0.02917241526100134,0.3855906974388184,-0.11307461254463824,-0.027941066769755305,-0.21143735918937906,-0.6141049309380786,-0.05814520266288163,-0.014489158027204263,0.1872176489498993,-0.2023546607850657,-0.0887696122608361,0.182160829892544,-0.21192229873795196,0.14146098535909774,-0.03758858373551468,-0.3538578108576571,0.5120474927361842,-0.41262225039152584,-0.1985938157773475,-0.37451098557692364,-0.5577267588182744,-0.010293950415676299,0.2501235884250545,0.010543090286526367,-0.4273624783250859,-0.3353565322281904,0.030656848402889122,-0.06042832322146337,0.08721314470276681,-0.0027777777777777974,2.5489915492725923
9,2.71403901171006,1.74409683404212,-0.457515880723144,1.11307908544725,3.96436873047895,4.88123329442072,3.34202246417452,-2.19878514520432,-0.24651267166703,22.4207379469987,8.34131532197014,-2.06572305141198,-2.40807464463272,-0.228541719823008,7.75910623583797,5.7306158025826,0.0245018873443704,-0.49131395579203,-2.05795739318752,-2.34140665436119,2.92063238875431,0.900236217421859,2.59241920742923,-0.196277533316623,-0.522119682490155,-0.773487530886273,4.3214579541768,1.70287649151177,0.80187404063891,-8.60891890157814,-2.81068396591586,-3.93683003875406,-5.63593121575639,0.532861841542032,-3.49561216413416,-6.53810622114605,-2.90533560282865,-1.43915317527003,0.757152398086153,-1.11217492921923,0.0037327414402872,-2.13791824505566,-0.787748579544412,-0.0245613781928679,4.07043613197495,2.06712653076881,3.91332335297129,-0.889630400228415,-1.01843389266134,-0.08671043925797652,0.0035928489673329833,-0.2920553735264679,0.012451475976443147,0.03327163558704469,-0.21357488321081797,-0.07281170189560912,-0.06090397652696222,0.011339213954721697,0.7440773138774149,-0.04963195384659635,-0.032467805296261344,0.2523258749685313,-0.06211194773447193,-0.010396032840219702,-0.11919658818932044,-0.17508673299683694,-0.06895147603485177,0.18520498166011412,0.06621091649058737,-0.1648980280199858,0.057970654373181635,-0.5845830606974506,-0.2536958062848299,-0.203071273843671,0.015911049378374627,-0.13142609453824888,-0.01802860122268472,0.20564552421381027,0.11091873968240472,-0.1222871963807873,0.32546684510955354,0.265396086354683,0.12626537119270234,0.08896033878764704,0.2938001279057853,-0.10387548374865553,-0.041654599476403965,-0.06317714600690273,0.012887693194219948,-0.09266218734772314,-0.006957158278856417,-0.22299099118785443,0.022945786313131853,-0.2114609315086282,-0.12895200999795556,-0.20232135234261509,0.3072439353340344,-0.1747631172953522,0.35972222222222217,4.733998093260995
10,-2.22641163661554,-1.92256963408338,-1.67248739701061,-3.64128025382531,2.57122595022638,6.12653105194574,-0.938901612953249,0.103016419566797,-1.22995579294635,8.34131532197014,28.2991443167305,6.87068892119229,3.86556913170226,0.853121160618169,2.19058633707173,4.199843957481,0.0100095034399926,-2.20116571486149,-0.510522297592275,-2.49569303258721,-0.921033681022383,0.448603989457254,0.528769145547003,-3.30478032083087,-0.0257683026288729,-1.29408731120062,-3.29946094175386,-0.173511070238217,2.94384663178167,-10.9373129606175,-2.53624282820182,-1.96763105536854,-4.93800173409601,1.76547567835981,-3.87634276398522,-4.51512471127492,-0.107829506726102,-1.25508848181225,-1.12520766548156,-3.3843658701207,-2.43264945159753,-2.24775199454936,0.0702815168599221,-0.87589592797007,1.2425865224692,5.55821844955819,1.81082145869508,0.405284435980783,0.376820951489593,0.06381493193779676,8.097370070039565e-05,0.34086921879392895,0.23750520797611224,-0.1740008495905787,-0.1924575552611763,0.07210496837352535,0.034344414365401116,-0.24858851437752733,-0.04966160049531978,0.7296460638618769,-0.28402038897615756,-0.2250440615604713,0.11431711806683191,0.1296124471136817,-0.18523303572143737,0.08633724789011865,0.20143266501142046,-0.0890008578026801,-0.02023802947500877,-0.1315938389467262,-0.15627099933475658,-0.25830080743720346,0.21707555148251212,-0.2345049730969499,-0.03819382076259198,0.09652546997253393,-0.01941581786112323,-0.14187102241202323,0.2518034552819908,-0.0018913385124337111,-0.05075868432524847,0.14736717465538826,-0.37118567823187293,0.031067562926921016,-0.010485587982518871,-0.22480409779314997,0.054055878001537994,-0.14352063172197502,0.09168181221292157,-0.07256746573802753,0.13404250063255985,0.06084467719340772,0.0708943452742472,0.23993956560536148,-0.5472420627001395,-0.13476025936727418,-0.07334272330850011,-0.14599701289946201,-2.0444444444444447,5.31875401919759
11,-4.59143355450784,-5.5810868763787,4.6418539001816,0.876044324498839,1.15615436462534,0.175002954464635,0.750738163007049,-0.437299429899786,-1.09698617315752,-2.06572305141198,6.87068892119229,15.1238330140485,2.45786920520342,4.10628298545821,6.14065646790492,1.28041232860388,1.51735054968691,0.686294271627774,0.301888109189981,2.53104091715819,-1.06392792074751,-2.56241849939534,-2.24840211743475,-0.644435428891587,0.51230014283913,1.64888841807468,-8.221145928758,0.846185634840869,-0.419321739872642,6.29217014980423,2.3385470972145,-1.46343113998315,0.442585691457306,-0.0462195806778139,2.37062098207941,5.17976572253888,8.59814661014065,1.11079785052193,1.86713278028805,-5.82611091788628,-1.34864178166812,0.333030420537009,2.16023568232682,-2.0581740156938,-0.75188224905679,2.31616834431604,-1.54235645543285,1.27372637569406,0.575776875268034,-0.0522004299152556,-0.16848726816254683,-0.3922870636178914,-0.20870948906884082,-0.06358119352745552,0.06627792552332247,-0.13546854272133993,-0.12524331444061057,0.3661934586980707,-0.033306008495306724,-0.28512210395626925,1.4547387286850162,-0.07142263501010683,-0.21530251605161857,-0.283209266113568,0.037300337297633566,-0.2718888542826663,-0.021136832278359535,0.20234466835674544,0.11622556044803395,0.3131721262975808,0.10325924752180363,0.07006661005961054,0.22080373893499164,0.020818936384998345,0.06611643065042733,0.7606838881502339,-0.3310762805084741,0.23994731819297152,-0.11315232910169612,-0.0671390747237679,0.014529073169596472,-0.41653901940182436,-0.1251105422673475,0.07175726385025082,0.01356919522148613,-0.22045135309225725,-0.5426229727826466,0.038195523174648825,0.13750899483844015,0.17468289134764964,-0.12242108581801762,-0.01792250963941982,0.10426278828067104,0.016514544638738957,-0.35437474723104534,0.3078949277645396,0.15193920256221632,-0.01258021305211424,-1.7305555555555554,3.8876513493430114
12,-2.58933778522991,-2.31286569983805,1.78520776350819,-0.878662237865721,-0.502047625320979,0.312255038290151,3.62993125718896,1.76547439958482,0.6039866511535,-2.40807464463272,3.86556913170226,2.45786920520342,7.62871718461757,1.06062134879563,2.44533912279419,0.001094413467423,0.752933980222636,-0.808667802566166,-0.316662965595945,1.34751937610027,-1.11610893098499,0.811814755723637,-0.659251932170098,-0.431296871985375,1.15192457254361,-0.249399004937869,-1.59065437774801,1.10106031138951,3.17427559984947,-1.86315598003825,-0.249919872807742,2.02485765805726,-0.40412106443765,-0.427568439351298,-1.54824106964007,-3.06786611125753,-4.07585055951261,-0.966859945680624,2.5041877641216,-1.40955165950376,1.14888949851967,1.09903705248999,1.14954476126975,-0.240596464910492,0.112514984817088,0.343084561751244,-1.61423695165044,-0.581533178410506,0.375388165593051,0.09390957631228085,-0.07710938751342965,-0.061696819717652965,-0.2670327342203754,0.3644299155997971,-0.020359653096488944,-0.11013399838963436,-0.1253252705558563,-0.20296226826605318,0.2520369409599896,-0.22468231097832436,-0.07199439200406547,1.2998420692570058,-0.16901743067036984,-0.14712678073272462,-0.06396457725117889,-0.11766783834828635,0.5029517679446609,-0.012909046416446928,0.07104668958448651,0.4164057908661956,-0.18633686372537228,0.0913665308139152,-0.2270684935003317,-0.3854866383504324,0.057080951579911825,-0.04430939835494788,-0.07569867989846124,-0.0864068577654811,-0.06844765234665473,-0.18467659680874543,-0.34773789072335426,0.31469044401610624,0.3265265876778784,0.020715757484122778,0.33633067442179054,0.0498924514192984,0.10027892872175,0.0036524573662753655,0.1060887789630833,-0.07712373460669517,-0.10144839343918545,-0.18000077012980126,0.14252182060003857,-0.33990951959160026,0.20314687659910097,0.129252190925286,0.01963117235940444,-0.22926190685743078,-2.4981481481481485,2.7602023810977276
13,2.89615421619205,-1.88956179045615,1.78635129971878,0.213571874986938,2.49383283014771,-0.576171648996716,2.31226238958925,-0.0709315075507724,3.75929469041226,-0.228541719823008,0.853121160618169,4.10628298545821,1.06062134879563,10.4030913864056,0.823874729714295,1.2368698563778,1.00876757315613,-0.213186361156718,1.80772674936854,2.14345525968821,-0.362379156494326,-3.42587635222227,-1.65946301721198,-0.12832856239489,0.0714049011067117,0.357378740205239,-3.1517919465804,-0.888169456532335,2.24782532586591,4.26758559053702,1.585996733017,-1.62758373621069,0.934313972229081,-2.060242147145,4.67235310497752,3.45089904023722,4.55449547670262,0.676447061507347,4.08708166999453,-2.82786977800459,-1.73261346115267,-2.12557602963803,0.146762699532406,-1.90390979706238,1.56842462733258,0.371863452726948,3.24647274298355,0.219756861029496,-0.0920811705131763,-0.07626628187704931,-0.04889700861681764,-0.1067239614628655,0.1850431901714906,-0.39817840240637814,0.4248989553082013,0.13205972222099435,-0.2930424236333297,-0.49484386113659934,-0.06102319374046146,0.11407673669344931,-0.21532335166992264,-0.1686746291406421,1.632355188438869,0.13832145861906087,0.09461956163616604,-0.01658497646042966,0.10109322230942624,-0.1997705474038771,-0.22565579133967373,-0.23976704151063924,0.30602862447728985,0.3816421215006161,0.13131548420441164,0.06906944628532885,0.3140413848981447,0.06754700746432643,0.09480796282958653,-0.46109659768116773,0.12405391571249764,0.07148045655171896,0.2325666653269374,-0.08245712549934588,0.3985910176552578,-0.1188263251614079,0.041001139143399236,-0.15678100990680585,-0.29680005417867045,-0.17959089834551492,0.40555250368193646,0.19090182890337457,0.25879185952382366,0.008580896504835685,0.30836418786056347,-0.4260824718239538,0.14876811782301322,-0.3651910893387935,0.09399036357168883,-0.0372280197304761,-2.9185185185185185,3.2238317863073376
14,-1.23562486091024,-4.23023325593228,6.13320109380368,-1.62233254139448,2.00814707833464,1.70884106906735,1.39369187284813,-2.74743780983792,-0.654527727690739,7.75910623583797,2.19058633707173,6.14065646790492,2.44533912279419,0.823874729714295,31.3231816730524,9.89233685242533,-0.414425173113563,0.619308070197796,-0.840891814996292,2.27991617219809,3.44759157991495,1.18259553543658,-0.0504646116884925,1.33508927688994,0.688896644557657,2.25254275225952,0.646557839231972,0.397008804517338,5.43911770296057,-0.0376597485567782,-0.778223793263582,-2.39090714615266,-2.30753342579311,1.18051433183727,-2.0475191945834,-2.57568840410052,2.56149241356155,-1.80827237486672,-0.0996201090351252,-4.50408814846639,0.800908610222363,-1.69415687487323,-1.33103839483747,-3.20690310940724,2.58984110002582,1.14101375666552,-1.8075645613713,-1.59603987042155,-5.51696755145539,0.04234355807574143,-0.023024467315879427,-0.1455429613194959,0.18076237317145694,0.07142937077892049,-0.04323742319221236,-0.05128217168383969,0.2573191368328793,-0.06807805607954451,-0.010141985779379012,0.12990770045613892,-0.28325755979898065,-0.14711216499698254,0.1384196733344509,0.6094294528196745,-0.20883732205402306,0.0649373140515648,-0.04316913568606963,-0.08692305720286131,-0.17101787500910637,-0.23476149502150204,0.223077734949958,0.1008099946518869,-0.11595770247767882,-0.038620968653584484,-0.16970436007568612,-0.19931858571356725,0.013480244771361203,-0.19608460198894231,0.0996442163541186,0.025325701104891542,0.15785146420607166,0.081594401223063,-0.26611031735512686,-0.005340930396519626,0.22283251178405006,-0.18230044147951882,0.025106025466247354,0.04724408633118956,0.04863231041506658,-0.16544805900766119,0.025802055128704867,0.05546780456799835,0.07379426678739476,-0.1282303877970297,0.037901105019278986,0.07226841071740826,-0.02735405154878822,0.4920879848790088,-2.8972222222222217,5.595818230880302
15,1.52447700564805,-6.71830145065778,0.428427446763974,0.100416824800848,2.36958621631621,0.131736639016421,1.53845897475727,-1.77381572407812,0.57373300868862,5.7306158025826,4.199843957481,1.28041232860388,0.001094413467423,1.2368698563778,9.89233685242533,13.5271261618419,-0.164693691312685,-1.03909795316049,0.282932939212323,-0.762587420433885,-0.183790820564779,-0.368928778396457,-1.10282595409972,-2.14157717008291,-1.10801597700274,1.40932805832943,-0.127311405154623,-1.25347510306014,-0.601552522952151,-3.97190753774072,-1.28248327185964,-2.62107539989372,-0.0778758853200107,0.135413678653413,-1.10437571188943,-7.11996551275314,-6.56595313450824,-1.9447763093412,1.0651579491502,-1.86605314093336,-4.47044954201374,-4.41077715201836,-1.7416874750747,-2.61794718671157,-0.22407295368731,1.25753824765262,1.36255459400096,-3.83559919328717,-3.13231718277329,-0.1679204889762809,0.1627751495811381,-0.06904279486038176,-0.06029970261181182,-0.33145775219753637,0.2104173797094931,0.05131132223727582,-0.06175957395322302,0.07077768516455392,-0.11818488716241297,-0.18688767949456747,0.03732517442196477,-0.06357423975966615,0.09477059076803993,-0.20864108486086153,1.1315701685468944,-0.039018353283929386,0.11200127472497917,0.17480903192445124,0.23100708931881628,-0.07545201655089064,0.04469541245633529,0.2917804894488169,0.0859348856040237,0.0776946819328455,-0.16256162534799914,-0.2101361593230187,0.24624220652102663,0.20031448713986738,-0.28635694236600095,0.04269102723897267,0.04730033153405557,-0.24962958927720072,0.047083555591835774,-0.05370810067160632,0.13192843319692826,0.22397206279107063,0.5916032637782166,0.16628525433705332,0.23341508111637826,0.21050682209084817,-0.12150085924139162,0.01661754527796549,0.4480362688503476,0.1446184098588299,-0.02661089930751005,-0.2814053600935186,0.12984545059273886,0.13883208596094043,-3.6415740740740734,3.67656445092996
39,-2.54831649749885,-3.0854773099282,0.88330411669967,-0.92882562756998,-0.0485077298804735,0.0879643041209336,-0.905919309084765,-0.130810637888781,0.420127415281577,0.0245018873443704,0.0100095034399926,1.51735054968691,0.752933980222636,1.00876757315613,-0.414425173113563,-0.164693691312685,1.89118663970484,0.70469416417391,0.711330090548298,0.397219165882735,-1.2757086789338,-1.33605901681947,0.328429556013329,0.575437343690547,0.679339023233826,-0.643431316564055,-1.60627038410943,0.256058706155016,-0.161941593277264,2.44918538261382,0.871188563532935,-0.247909507953408,0.18729927722106,-1.09973559221324,0.660741548034173,0.73467663036024,1.34876307145257,-0.27370397084676,0.29553970362252,-0.402232069882936,-0.325617848305779,0.687372752722019,-0.294361630540525,-0.596972179028042,0.282042826678931,0.553768774720326,0.174896587224796,1.39928745500592,0.202675092158308,0.16920230493009566,0.1469808850227722,-0.020411047702135334,-0.05961185006131862,-0.02194402039261148,-0.06044733666673229,0.03295746072709286,-0.06257371672640251,-0.0675100401846688,-0.17411237409168917,0.08853672032526654,-0.2716285449349783,-0.11836078629243718,-0.01647186909011839,0.0658802271747564,-0.038432219442896806,3.5265273160876713,-0.3487600140245188,-0.17790431270753326,-0.08747088310550809,0.2718867663560429,0.601904365744005,-0.15967993417296505,-0.12569172094838565,-0.4608388320173163,0.35887766273815674,0.10401050974754752,-0.234068775817564,0.07064251073029314,-0.03749565125750751,-0.03768795074722831,0.008699973853094622,-0.20896392834632144,0.049180445835030125,-0.0074062880430143235,0.20420069692845724,0.07420898868119552,0.4769216905816916,-0.2438943031811786,-0.23507097706406346,0.22451617037288898,-0.671689989766476,0.5798886846036532,0.3032078502379408,-0.15738526261523275,0.023845015365941583,-0.17390477485785186,-0.6816451151359872,-0.09492126704378412,-0.6164814814814815,1.3715635747951453
40,-1.01436975669649,-0.849491977642609,0.968054860984664,-0.204327196013584,-0.146971694488708,-0.396347152974289,-1.16860067140769,-0.583667183775348,-0.0104334714854502,-0.49131395579203,-2.20116571486149,0.686294271627774,-0.808667802566166,-0.213186361156718,0.619308070197796,-1.03909795316049,0.70469416417391,1.1927027458493,0.696306510060801,0.876750954246427,-0.116349932736784,-0.292758650081143,0.668924586676569,1.10067158547061,0.591987042486761,0.385183768687552,-0.526501525897817,0.475841863590636,0.0079188188985183,4.48028294597744,1.71121428323733,0.205416612422233,0.473202725221196,-0.425924464667996,-0.45168468110619,2.33157137729627,3.01981463561445,0.226228192872784,0.347836192951435,-0.206034779888437,0.469681313046445,0.55161407437944,0.102608777958383,-0.295370070666881,-0.331149316474719,-0.406959042835154,0.0037861601586776,1.11900162515095,-0.24751061151933,0.1205560422168449,0.14393333246131237,-0.12413100250002664,0.14150534211760638,0.15334666288248905,0.009723252733511684,0.17361314632978564,0.1186210293730475,0.3513643351553138,-0.07008921252389967,0.2000018099038416,-0.02127965632492339,0.5033864978234883,0.10228177362682189,-0.042632570876060955,0.11118973978458864,-0.3453635638423363,4.775615469844801,-0.11068984042788654,-0.17075697209105514,0.039363668872408546,-0.08135765438866033,-0.6811095439661567,-0.3445777935400977,-0.041833985565162914,-0.012780783973190874,0.10481972654136586,-0.4825839437510246,-0.04129823122562847,-0.1688809097735975,0.0020069655169570543,-0.1295862897915209,-0.06693549165619399,-0.0030968239668946085,0.12198707537293428,-0.16310100945732534,-0.011214216698040444,-0.016703024248115043,-0.3172855922221118,0.20022097307428854,0.03186563240055654,-0.12783573718640653,0.08039914683286785,0.3997075379394218,0.0767588554553503,0.17238463962771977,-0.15191184297295388,-0.20863843254072997,0.12074418043346126,-0.6972222222222224,1.0875213771918684
41,2.59469758428414,2.27620919912156,0.771297241819533,-0.881017665767417,2.94729789275348,-0.296268642047246,-5.87910271362322,-2.26854481121687,1.23470294340491,-2.05795739318752,-0.510522297592275,0.301888109189981,-0.316662965595945,1.80772674936854,-0.840891814996292,0.282932939212323,0.711330090548298,0.696306510060801,10.3877458492976,-0.834600766794623,-0.133122701279562,-0.574935032697147,0.622603984111831,1.05345397793341,0.611006630837479,1.1893874847171,0.685523204443121,2.09678377632837,-0.674564121214102,10.2983939980843,4.15115943595088,0.565172026349939,2.63982027516483,0.406102705749552,2.01389528204306,0.293415459373639,4.81504865961875,-0.132652540003582,-1.08997292565921,0.952724444151202,-2.45784076673129,-0.0423127458355067,3.11793172982622,2.28395161576424,1.18386990804074,0.61138537842771,1.78093376053174,1.3518355968061,1.26583935454255,-0.042709629943406435,-0.00025064784041809135,0.1347580869744622,0.051747123942647535,0.009048635122127193,-0.3607477261958289,0.36220820668972,0.3245907622431722,-0.030523279714855307,0.18519383579888984,-0.08878627842389383,0.20211606099450513,-0.012943010252962225,-0.2002201550287625,-0.08663506066217742,0.17423388955171226,-0.1770987450690016,-0.11106681971499645,1.3559347767349523,0.19945476715124622,-0.13592408145857604,-0.0922370786962095,-0.06850083143339768,-0.2147829352348284,0.023220507107750664,-0.05045318311060865,0.03231753477010835,-0.10959875724314493,-0.09504469144179371,-0.36755930966522615,-0.18113582500711053,0.24550610692506436,-0.3284995934508919,-0.29763172136699434,-0.14543803990395066,0.3686442155971078,0.036063384204275524,0.14404659765844438,-0.21444018142482657,0.11635693547612208,0.4833968443401039,-0.2998746429785653,-0.25232894853725113,-0.17758358800705384,-0.1743977670906841,-0.08124564932872343,-0.04854117359248976,0.44772201761521996,-0.31179627985464553,0.15555555555555556,3.2214508919580895
42,2.15626218698317,2.92835311969097,4.31958041733478,3.33200574014274,-0.0007112252799808,1.08682184990772,-3.32280898612436,1.28572886618261,1.27107038433958,-2.34140665436119,-2.49569303258721,2.53104091715819,1.34751937610027,2.14345525968821,2.27991617219809,-0.762587420433885,0.397219165882735,0.876750954246427,-0.834600766794623,8.9137037037037,2.36924436563943,0.934830287533179,0.203221500226762,0.876106899486417,1.16681155369896,-0.340242609974984,-1.88898849082073,0.958254747444481,0.82169490296895,5.16253486620265,3.79610014258983,2.48722871659618,0.555513428014239,0.520945680961903,1.70495432125789,4.43757397140559,1.32123030326068,-0.0205189542781434,-4.01158683576619,-2.50309938095841,1.26689888159107,1.05150495665612,0.415006680864413,-1.48152185346132,0.101296231345951,-0.132292630347648,1.0891005233869,2.05156284955042,-0.228454987700949,-0.02837840395558842,-0.03449529472091967,-0.5196120084389365,-0.24986354215683637,0.0241544897877876,0.042710377482513745,0.09535471987975429,-0.0115869232785038,-0.17906873718973162,0.06555567591397156,-0.020623281189140766,0.11670811426471345,0.07182240733060152,-0.22554612922653403,-0.17132292671023702,0.23081378276642703,-0.087896691081873,-0.17205719719947948,0.19881775908352847,1.5958420519594065,-0.4992567833092767,-0.11242311567576319,-0.05765390633186798,0.010752508635198513,-0.1847195235813918,0.2786960802252375,0.49858095446274886,0.17944709431756795,0.118280576469479,-0.08165153154026755,-0.516949570691535,-0.43301945670873476,0.18344604732398095,-0.4040365975044297,-0.0463243154243961,-0.09097593416316604,0.39440079928822563,0.2620925875238448,0.05421487783478431,0.23047266691277235,-0.02520283688290491,0.1822423368532447,0.1361489086655142,0.23687112316392378,0.13541184260556055,0.1791913804628374,-0.18788812941317767,-0.12013348912007256,-0.20197200526274117,1.311111111111111,2.983907455619846
