,Cov_0,Cov_1,Cov_2,Cov_3,Cov_4,Cov_5,Cov_6,Cov_7,Cov_8,Cov_9,Cov_10,Cov_11,Cov_12,Cov_13,Cov_14,Cov_15,Cov_16,Cov_17,Cov_18,Cov_19,Cov_20,Cov_34,Cov_35,Cov_37,Cov_38,Cov_39,Cov_40,Cov_41,Cov_42,Cov_43,Cov_44,Cov_45,Cov_46,Cov_47,Cov_48,Cov_49,Cov_50,Cov_51,Cov_52,Cov_53,Cov_54,Cov_55,Cov_56,Cov_57,Cov_58,Cov_59,Cov_60,Cov_61,Cov_62,Cov_63,Cov_64,Cov_65,Cov_66,Cov_67,Cov_68,Cov_69,Cov_70,Cov_71,C_0,C_1,C_2,C_3,C_4,C_5,C_6,C_7,C_8,C_9,C_10,C_11,C_12,C_13,C_14,C_15,C_16,C_17,C_18,C_19,C_20,C_34,C_35,C_37,C_38,C_39,C_40,C_41,C_42,C_43,C_44,C_45,C_46,C_47,C_48,C_49,C_50,C_51,C_52,C_53,C_54,C_55,C_56,C_57,C_58,C_59,C_60,C_61,C_62,C_63,C_64,C_65,C_66,C_67,C_68,C_69,C_70,C_71,Mean,Std
0,54.0706835887612,32.9514220810229,32.0714053207751,47.8001213931241,80.5301590328822,24.6429151304751,27.1624884059207,44.4650598981117,39.7015659002575,31.8065965665231,42.573706936581,47.4175626440489,42.0210357125646,28.6175294265623,8.14022160527074,14.8089114476029,14.6942745301572,5.42633075354046,22.5445618719984,15.8064849388773,2.92752017251825,-4.92605796182526,8.33035431204961,-1.65916280900433,5.2052446156002,-2.10099308021595,0.722393961213014,5.99333074587077,0.924533800404805,6.48339231045334,10.6359284998272,24.2419361469164,-9.58352062222906,3.70931929314993,-4.18804674880495,7.53081428010245,-10.1648086412533,-18.0012321828611,3.3434420739526,2.28980808659494,19.2831334414965,25.1402878618421,-4.02571593779029,9.62350739836442,4.84076566121539,6.99650542798943,12.9272382663403,3.02601649199295,0.353236468282442,10.1786316673265,23.2217872646103,10.0880596613502,15.0273892951573,3.43897158653875,17.397608197958,10.7532311349968,-2.51957867000041,21.0332727521101,2.9989326742595246,-0.6437653416922444,-0.03701395632476593,-0.2504541892286081,-0.48907988047613143,-0.25121329384905333,-0.3282942127875398,-0.04916200631093753,-0.09075737983871851,-0.3413059193003038,-0.002840295747627317,0.017187767425163564,-0.14455187710001877,0.07664451982081616,0.5126032732239083,0.05940109396357287,-0.232891354159774,0.19580445606702362,-0.30630539308100435,0.19334705598751128,0.11867153616869874,0.20778388378857804,-0.10437624282947898,0.03473128517718225,-0.03809400219445119,0.156411946326896,0.09288246325018883,0.011114994282367301,0.06265495988448802,0.09272848966961053,-0.27185728260912295,-0.15955846273671662,0.1659623290022634,0.13476382412489876,0.3244657103033943,-0.23512675610053155,0.10163076700679628,0.3839215074813836,-0.42219529660065974,-0.044617233186008264,-0.3981917235403913,-0.5084834169816717,0.35848171985351546,0.09433669744806485,0.40121162903443247,-0.28912819969800285,-0.09355481776379568,-0.2422531814762713,0.22319043222656873,0.017746155337951455,-0.1885162497145951,0.09527051449983964,-0.15581127231674277,-0.2351986327977949,-0.11250906124165531,-0.12263212626995654,0.12490264392777736,0.16300473943689917,-2.470555555555556,7.352597064218954
1,32.9514220810229,73.4187743454662,44.2040543354756,21.6899811729076,26.5137929890913,27.8720415788028,21.3770907114449,15.2065046209646,16.2538775519631,5.76176957287926,35.2484066929815,15.1883187324691,25.5317528352498,24.2364090895478,6.51831341673657,0.0978547408267029,5.22032416721016,-15.6115298673052,4.3557403469037,22.9702476891673,10.9293161757533,-7.63905014314757,8.31152357683455,4.58018460523999,13.2566640092393,0.749436259461369,4.45429767482617,4.29516138903875,0.546780687498491,8.93749284728203,2.07175415564131,54.0958638895279,-13.4236761416347,6.70412731033981,3.0075317772699,4.95541373816928,14.0692850313198,12.680175156556,7.55656445079861,2.17473130699056,8.12109110595792,-13.6143554929963,-6.77213473055904,28.9652991086952,18.950355978331,15.6509350077502,2.63823354023119,13.2282844380998,-9.41434647855077,3.59497361656575,56.0056135641473,36.2259873363069,8.53142866652442,9.56925274059635,21.7591707171234,27.2837956806021,24.7900026689508,36.7543163679386,-0.6534317605452284,1.842785193978346,-0.41691528019014307,0.12643448348989625,0.05437404699142663,-0.057633425038760365,-0.4507924290704244,0.19734295739683838,-0.13764361168431133,-0.25724711790488436,0.10920406260232372,0.2887258551696001,-0.15412515051761252,-0.04360229416378785,0.06099470581287854,0.16076207932837683,-0.3716778733497409,0.05708148410988702,0.33954526753391195,-0.13989734823631841,-0.4859507731543702,0.06424468663514549,-0.09756212185100502,-0.08410373698623963,-0.33492674838339803,-0.27619681266370405,-0.2383904137590027,0.09355595541491209,-0.18354321000433663,-0.17455283423991458,-0.03476069053744484,-0.16389812895772393,0.08764634592326795,-0.14405043085211294,0.055247932652146815,0.32091548420369015,-0.11827669326971925,0.03030500715345695,0.2568581283205454,-0.1810104145363158,0.19257611656332277,0.3829317801121098,0.030680357049062402,-0.08381148411806383,0.1158735469538844,-0.3974924672421998,-0.4232998683475586,0.007561317847207618,0.4229525755857611,0.19404703003838128,-0.6065818106993085,-0.07768403902974079,0.0292358128870204,-0.02024725064392364,-0.18765563253321615,-0.019612259539295525,0.004312532781229739,-0.1419207797628691,-2.4652777777777777,8.56789205962973
2,32.0714053207751,44.2040543354756,181.88184905811,79.0023306801267,48.7303643640976,46.4858372970868,1.80281443288224,20.9330988404326,8.00236469218635,24.1451050883309,30.9196804971119,42.0644901476613,4.672275161386,-23.2335096044577,34.674154707834,50.0230925099904,18.2952419990992,-1.99105416299025,4.06472241397849,9.80040973622051,0.745719446390131,-12.6577101559596,-4.84762927700942,-0.917553454260386,-1.40457989191781,-4.7641121913047,-10.0516918118428,4.85910710387459,-23.13567912767,-5.1095023955737,-8.94377672639302,55.1134273160487,9.2202635541941,7.74860175074122,-0.429576064173123,11.4545312023938,22.5218001043688,42.5700159002033,-5.71715729320935,1.0954415356323,3.00914005744445,6.02955804102381,-10.490845789238,32.441029786586,-2.75178475442041,9.2239941055833,-6.52640670306144,23.2264657507233,-21.8474691506242,-11.8648731915848,-8.39861627405915,44.9268803127401,22.6555952823092,16.7178593993981,3.59005935804799,-12.7433887162251,-21.0152167644489,4.13598934106823,-0.02958828233168349,-0.4359976152091926,1.0637791279199136,-0.3963530360658306,-0.013169215194284146,-0.29878471764281866,0.08360892791977541,-0.19736773120367104,0.01284571526799661,-0.3323132819504679,9.373789823985797e-05,-0.125025573269421,0.02589596609006682,0.5729641791409952,-0.41210121186689747,-0.07078512508881331,0.2476017978285467,0.14662474184415597,0.08246223171720292,-0.1845959129089432,0.030206573015082963,0.2939172771902532,0.4161131523168575,0.06889746655944046,0.21390088841036728,-0.10053520236733732,0.32344578207880675,-0.2165531368658742,0.3445231416784837,0.09554148376041419,0.32394898877481176,-0.03559987730617363,0.040265566118472304,-0.1417220213937902,0.022792017841755427,-0.0596032878679819,-0.13302857743525442,-0.4799075724779093,0.051506126512793106,0.13238050046799274,0.11625245690688349,0.083135290574025,0.08177601068593705,-0.12692481473921713,0.1759920804053701,-0.020829725587372096,-0.06792018493445685,-0.023161510432120766,-0.022653860402355366,-0.07874697651418551,0.0244744679299309,-0.21149476989813126,-0.2514047019029345,0.22929819418509176,-0.04061377110332341,0.10436719245453906,0.21102402558848624,0.17375213274604095,2.8513888888888883,13.485987136954783
3,47.8001213931241,21.6899811729076,79.0023306801267,116.911149425287,118.657627688258,43.8913279124852,11.5009857373574,44.1282868074613,35.2536384556063,33.152487154259,46.5796697315599,82.0483565221455,27.052794246514,33.9137307484242,53.4058019268636,74.9742572644711,55.7968802195991,37.0411023127178,24.7456633234408,23.9369935320735,12.3403965039498,-2.76612351850361,6.82919892499318,-1.26256749959034,10.9949548937365,-3.13797870133982,5.12841373984871,9.16117928853543,-5.98713993314005,7.77556560956247,0.844455766919627,37.5736648268379,23.6319132022651,17.4789269401584,-1.90866273110573,14.4505401042435,4.51099816349705,-24.1465958814396,-14.7766468342368,6.41159129015054,20.3728318240708,23.8612011020191,-1.77259157396115,19.9378313954228,-3.31411405486889,-0.967264257019684,19.6983184299304,-0.621162705882887,5.8819019696283,-5.29597182544574,-9.03328433031229,21.9232376880649,1.98112419275213,28.8563635440061,10.8610226968759,6.18103024083974,-24.9411846137465,29.5893721809469,-0.23818112050104032,0.12307691669738276,-0.42021939257975033,1.9052059942963175,-0.6913428829545629,-0.17061249790198454,0.1463490594677264,-0.32336301665102785,-0.002192644206808517,0.6597698280019022,0.1459755783859284,-0.6015927634603918,0.39373475306705863,-0.13558698854094325,-0.025931243675877083,-0.18216925483408825,0.15689681668717456,0.022452390141094885,0.03246609775284364,-0.025737284525313344,-0.1059264028572016,-0.02783438589767534,-0.005167058620208018,0.25984443783770217,-0.32507455620729003,0.3931489833096055,0.02113714744014083,0.3486573672941038,-0.21400997690416604,-0.026443802661314596,0.26747245844041667,-0.22247117092198546,-0.42578803357663497,-0.43319439931211595,0.11192864268461128,0.03470461975382577,-0.1416833637122975,0.31995187181282625,0.2130413260961739,-0.053666989787003024,-0.1537656735098953,-0.023708600145810135,0.10373634871304055,0.29023379001509036,0.3770461935286793,0.021045569715492013,0.09347353603225612,-0.09258714643595126,0.1633579439915056,0.13416782771434269,0.02366001384551231,-0.013712223951386287,0.0892038099181669,-0.22756578847026232,-0.031008458797489816,-0.022956929563991254,-0.022581803963862657,-0.20906940103919439,2.4666666666666663,10.812083491413084
4,80.5301590328822,26.5137929890913,48.7303643640976,118.657627688258,265.283986270754,44.7964558750771,29.1535440678794,58.1492316720902,33.2802533266857,66.6934932332787,78.3750825658563,48.6938456638588,52.8082250747231,59.6020437651136,34.5839548649528,52.4213796984355,51.2959010029189,26.3347012415429,24.2939431205355,25.4261427441404,2.71760385835221,1.44014486920493,13.1156798195541,-3.71530405205219,10.1345657327457,-9.56792752403524,11.6347817007243,4.45351563148205,-6.976230203734,16.1380415490047,19.9839805511625,10.139986755865,10.0334855204761,10.2614265572374,-3.28368151409279,16.6132038976037,-20.042557847857,-43.3981624150963,-17.9789653655613,6.49406394808237,-0.338677943655335,41.2656619734655,3.60240253381899,8.93381681794748,9.67730918370131,-5.38727328396369,19.1833424975268,-13.6887387255843,19.4254615630482,7.1572518821269,0.399548414835744,17.3702680904346,13.6200283656266,-17.9578064796591,9.47927145312697,18.7356953819964,-12.8628547689571,29.763051097188,-0.48779511243578494,0.07835772452403063,-0.013114564936979758,-0.6996824473739578,0.8768384528734117,-0.11172694882915721,-0.015027251170074194,-0.08190184539663889,0.28341404895535915,-0.4118713795382682,-0.359822326759027,0.3458052457867359,-0.19084618460796704,-0.1508088346342144,0.13909367435219538,-0.053421352043140115,-0.13768503630715442,0.054963160352761914,-0.0112537669812262,-0.007835393592721767,0.27865510296494544,0.02944291310553457,0.01184616277500482,-0.009695562259315225,-0.022791924906864536,0.17229774720058091,-0.04609262067700044,0.05097427846689541,-0.020621027456870004,-0.027014171336285475,-0.14704732609408938,0.11779811327236991,-0.02749411389806773,0.08733057821117017,0.052523530207965234,-0.09066129753940061,0.19959040523283678,0.19170519245295495,0.29252783147486133,-0.10286300329248386,0.4320181049244036,0.01770981752524889,-0.034974271268908695,-0.09762478940633704,-0.34081460882004383,0.08420785629303262,0.011147351880999877,0.2090795423760641,-0.19615521138970038,-0.007950479186816548,0.10252774614310865,-0.03875948587835197,0.1074197371225809,0.2907816007121402,0.21325826508663243,-0.027478712677846233,-0.16980861758040192,0.002945809706232961,1.0138888888888886,16.287233843435583
5,24.6429151304751,27.8720415788028,46.4858372970868,43.8913279124852,44.7964558750771,90.5415249042146,2.49301256158815,1.7968464200588,-14.5758880815039,2.48261307305474,2.90693243371493,26.4227719333918,44.0248214999971,42.114868055564,48.1635476656989,66.0844358347325,63.1839886716141,41.5244369772925,15.9551415116996,19.7911405697597,16.2708348262236,3.47828557325346,7.65127592044727,-8.1673328091426,-3.41605846807514,-3.25638430513744,18.2411720856721,13.3542619342087,-39.1609586615956,13.8060197854921,10.23489686046,-2.22999887642558,-0.655920330800837,1.15136390567001,-3.0802433989351,0.719036452861136,7.45845802911495,6.18619111502122,13.5705143123493,3.87024280876898,8.76197060356666,-4.30608756775563,8.7336732854806,13.7939127317711,-15.7508203885089,1.27824497657222,4.74839766033131,32.3014873218784,10.1818095847883,-36.3221434590705,-7.26860964009688,37.6302712004732,27.7232355758718,27.5564984134863,8.95229198887017,6.14354727199377,11.9377313821212,38.056250611647,-0.28315076659502825,-0.05401373816533563,-0.2767372730174501,-0.18627977216235006,-0.11723336953598198,2.27587517667159,-0.12158408344312217,0.1370372849323755,0.2314144345072951,0.020423863713475068,0.34212462841816677,-0.0799355475369947,-0.5379115412600082,-0.07926641331949015,0.06152319680394185,-0.24109567716483898,0.07747318870370803,0.0008166623781987964,-0.3999902271384484,0.13136658583382724,0.08296192101889512,-0.1995489914457862,-0.09476528600979142,0.016377552992104596,0.07581219946227134,0.006307360804577599,-0.5812272367652453,-0.15600193038890142,0.6882080976557757,-0.14979287264587418,-0.19465241553695287,0.14248561070795232,0.11173089890146687,0.04300016760269692,-0.34523243847030133,0.12323755188130953,-0.20180523483605958,0.0822399948369114,-0.2822060594956506,0.05190215434040262,-0.1560198708384791,0.411881442165084,0.0040167309010962155,-0.22609250889681484,0.25189913711741846,0.29713241520760597,0.06673398764214176,-0.6438643561735423,-0.055978334522947544,0.4128877262159447,0.03972157440990208,-0.007317425603615116,-0.23851907733917682,-0.039898198333538734,0.03710894482886014,-0.006723264106527785,0.007124245252212406,-0.5940262473068101,-0.7933333333333333,9.514805563132363
6,27.1624884059207,21.3770907114449,1.80281443288224,11.5009857373574,29.1535440678794,2.49301256158815,57.1699218550447,44.1778741953544,9.37142388750786,2.44320907244603,48.3006657975105,32.3091817698519,27.4401074527819,21.5269342395915,-11.4127556806029,-20.086263827045,-10.4501082139407,5.08037110816138,5.52106626258109,4.26949800674419,2.81451860611746,-3.10278506891496,7.80099006345705,2.84397768240266,4.30252061181828,11.0974229338802,1.33837396985773,6.48979744082198,5.47495658992148,3.1148045785978,2.16372909835453,9.28314927557263,-13.5039451103865,4.70782688940626,11.4654936929209,-1.03370481562547,1.49049685411121,-17.8358349256142,-4.43332797508652,-0.997167886987323,15.9515316343892,16.4877106700647,-5.26856094743914,15.1681838987506,9.89553215718912,-1.03132277364638,-4.85582546095637,-7.80008950125912,-4.40698078105976,11.0551798163013,26.4740314002899,7.19720692010544,13.0721367906831,5.62879815406039,8.09532199759971,-11.290053184115,-19.2963698159953,-3.07138542404818,-0.2986223117334312,-0.467151395341423,0.10246895652345787,0.1658190865783652,-0.011685789135069152,-0.15043827030124535,1.8824551222861652,-0.16507164412101005,0.28812091635721504,0.08653539800926245,-0.41729526347535717,-0.1413034570301568,-0.11472004654930887,0.01930300308958683,0.13846725026995182,0.012236775787730775,0.04336833662130217,-0.3621032116255256,0.003970612016026798,0.42480472154061005,-0.1199298766123126,0.3066790242623208,-0.057174279954927756,-0.000526872859221719,-0.03173048475244957,-0.7113582312602947,0.028533361291478793,-0.06581990706184687,-0.1825228199711436,0.36712755347110904,0.06362276751671977,-0.011269668415526037,0.0688912076214234,0.22194589777278534,-0.248294905636784,0.2700817373915954,-0.4483652938970451,0.6046805743413544,0.21698474931344067,0.1398429673312557,-0.1700283259748264,-0.013034814764881265,-0.011303184826373321,-0.029785170473928247,-0.0728595601748914,-0.05435848814268865,0.48068302186741796,0.3252474240190508,0.025572394169814897,-0.012481066533656134,-0.1916199466072989,0.07294343841535172,-0.5670111283497961,0.19553771839718334,-0.2051258200330164,0.33132259330247615,1.9892830249596712e-05,0.03947121385864294,3.218611111111111,7.560418100544751
7,44.4650598981117,15.2065046209646,20.9330988404326,44.1282868074613,58.1492316720902,1.7968464200588,44.1778741953544,146.8812581595,125.935068192479,39.2958342698837,93.9147348483461,89.6839245374736,95.7874262705983,86.1807719846741,20.981240638751,5.97548967176651,10.5977624337708,15.1114119446958,33.6884376531629,27.7572406037342,9.78512218223484,-4.82482026318196,-1.2252261891148,-1.51183840333241,10.8217749207089,8.45920782622129,3.82589460442804,21.2413594457338,26.4266353145484,15.2681598024995,17.412377203562,8.30824009140311,-14.1535631138087,9.51986299898478,2.6379156976191,8.80124484705299,-3.25967553221705,-5.11507085130546,-9.57140172835783,1.94664111505722,32.9794297770908,25.2261505191604,-12.2603216050256,9.79829082515032,6.55607824935082,-9.75132887901007,19.9581877901844,-11.7703390076358,-4.52286106603196,29.0302372555721,10.3670854896571,-25.254231484569,15.2450137944973,22.1219515759029,20.0770329641334,-35.2157669740506,-45.6979346816274,7.11118028878326,-0.02730670351337695,0.23949255017992158,-0.21326186769467897,-0.3336384300178736,-0.08295158644533816,0.1265384325595714,-0.17190518091029874,1.6109322094278065,-0.5012335904894696,0.5765642924821058,-0.23824021266060638,0.1517781668317533,-0.39791063289658796,-0.1136973177404173,0.2607615137197473,0.1868018430397514,-0.04114045799285341,-0.1450029269238109,-0.025602090554048485,-0.05112912857338515,-0.07700608816180449,-0.24088756282738769,0.14565615276719437,-0.03259787264998235,-0.05805171794897045,-0.04023364386120736,0.020042909216950993,-0.4904963392726842,-0.4625574450587816,-0.2971564352652829,-0.10107602295474104,0.18893282323081365,0.485962863209965,-0.024305674718420628,0.05296920291262048,-0.5965954416933437,-0.19987267506107034,-0.12953986492962927,0.011992678450394065,-0.10118072629003733,-0.13340284316229276,-0.006971969742900381,0.09864927095926727,0.19058214008760074,-0.12963345785805225,0.09712554481174114,-0.12143486732592501,-0.017331182510199026,-0.011076385613642627,-0.47917958642265024,0.18097930618542896,-0.06396121995820776,-0.3213212878413007,-0.09684895541126108,-0.3334923828765777,0.35701384583463164,0.4035412137213339,-0.2966270114362167,6.182407407407408,12.119045266005921
8,39.7015659002575,16.2538775519631,8.00236469218635,35.2536384556063,33.2802533266857,-14.5758880815039,9.37142388750786,125.935068192479,249.698240785086,112.467365469672,97.6382188204623,124.318705182913,101.037960116475,108.040317191819,75.8244254644134,58.7877958555269,55.5379136516943,25.9603025187869,69.5454162346382,46.2292138622803,14.456597662874,-13.263708568501,2.83146297457843,-5.8518102059609,16.813489512203,13.9547008887315,0.0012775115383543,18.1156260843153,47.5840205929823,14.4851548233409,26.662009912787,45.7000098311584,25.7976703729726,8.28882915654953,10.5802091546388,9.08903201288925,-4.61309851035098,-11.6765660250943,-11.2831471538966,-5.70246821162006,35.8698742050899,29.4738346183508,-5.12785921248607,-1.61501304819006,7.91498553836974,-8.39202721774012,30.5045032782461,-10.8507677647708,-7.1867735022892,32.1847863111819,-23.9692679741612,-59.3996522050907,-1.09181160277894,4.45160846479401,36.368079399978,-3.59203259941655,-37.1394418198811,34.0240244430395,-0.12669506097406935,-0.14397728523029113,0.016668872848944204,-0.002480726749178893,0.28076839318187,0.24451522231352632,0.3127130716424028,-0.5149023104419624,1.1491639930743347,-0.7737465908928833,-0.05490884406386932,-0.19964382163834954,-0.07907257390263847,-0.24164775383573234,-0.24169849693511322,0.14494202795398226,-0.15753763524850012,0.35462243491423917,-0.44973166217174404,-0.032399877312100964,0.2947621931888761,0.17902532887030673,-0.15594497201824054,0.030997523635540866,-0.15543003668135613,0.054367995512808784,0.005301124979202705,0.07658665650734547,-0.3100373538289825,-0.15533410553515375,-0.049565769307097524,-0.061844783461881575,0.0520291257680897,0.015465288518408787,-0.0030388230525967832,-0.0011061171438112648,-0.28670747164224103,0.16571418089589476,-0.029340738413950705,0.31007290674555504,-0.007984795450807205,-0.007564421614614599,0.0415118862621769,0.07325396918946406,0.24460803386456234,0.14758969837787575,0.04890958636592517,0.02369472053453604,0.2133570117959752,0.2350220541285587,0.2005311743842251,0.033135744669631824,0.25059572942924435,0.3079371405452624,-0.09361486111331614,0.2262936611506953,-0.21049929832300623,-0.20726279803423092,3.0245370370370375,15.801526533379166
9,31.8065965665231,5.76176957287926,24.1451050883309,33.152487154259,66.6934932332787,2.48261307305474,2.44320907244603,39.2958342698837,112.467365469672,92.3065019157088,54.8385694960138,85.925049692498,47.5858927319667,39.3079310343042,54.9563635611155,67.4778770425782,55.0429162319791,33.0740380817773,39.0334384095265,24.6955029593012,7.65464176209058,-3.47037220010681,5.44950426999827,-5.54087509477827,1.76451591591556,5.76868792078378,-4.6981669992559,5.35495516875308,12.930037552872,3.23239481522694,18.7826276193442,14.3712968747828,27.3147846292102,7.15961067272622,10.1519362060932,8.17416908597539,-13.0266440344394,-15.0905937013396,-8.04739472639434,-0.888188653596231,13.3823264675471,40.6384170363125,9.81701948685656,2.31235339545081,9.17437594933381,3.06700284745378,21.0585666799514,-2.70057519155385,3.52180935886902,31.4284225007134,-18.9012224791204,-26.6738712306945,-0.137227348260928,-8.68325066856496,26.18583830892,20.7022117457844,-14.3725479766226,31.8053461048335,-0.30149310528530765,-0.2715413691510374,-0.34699847483349233,0.6615407476225882,-0.41278096589659113,0.022144297493230398,0.08417153304170029,0.5954232337863417,-0.7458789909248513,2.1537845176784507,-0.44325412655072705,-0.32216643490210073,0.009292810702179393,0.24848127783218701,-0.24735620603556,-0.10946848182460417,0.14042735225580313,0.006506350319937243,-0.04440441659888717,0.12983074168918582,0.0505229914458915,-0.036470671058467984,0.058304963966395465,-0.048225786033140775,0.12284635415639296,-0.12100254762590285,-0.09158093386235772,0.10860751409586081,0.05531154037300901,0.03412838426748638,-0.5290460380054374,0.19957621496696107,0.019250948816886836,-0.029614444858639184,-0.060803149703423404,0.07958723788378257,0.1238799650891742,0.08335328593938,-0.002401556066259274,-0.4440241574060809,-0.040015365458282846,-0.040880346766657055,-0.10262179020354056,0.06257474980985597,0.021551545045823635,-0.17890565182775778,-0.08917001719737194,0.10149002532570166,-0.09902761655418459,-0.30175197748120136,0.5474177904160578,0.10117324072979644,0.05566616055121071,0.09251058958075283,0.006886105741828666,-0.38991410674673416,0.1915716852065378,-0.03418127068808274,0.6633333333333334,9.607106844191378
10,42.573706936581,35.2484066929815,30.9196804971119,46.5796697315599,78.3750825658563,2.90693243371493,48.3006657975105,93.9147348483461,97.6382188204623,54.8385694960138,167.051354086845,98.2420836201821,82.0669487050394,96.9802551932654,31.9476270269351,12.6657825969232,1.02284727967906,-12.0066107512468,20.5907156726703,33.8749817990497,16.2634678087268,-11.4909823621252,16.0827177845538,-1.36757907230853,16.2277258145101,11.8123411113917,7.11709142294052,18.4353296792287,13.7909584441298,15.3721539434138,6.37568929781814,36.5493358251915,27.3240125339995,17.6064747264091,27.5972885162999,4.53443514906186,9.4283183626435,24.3300031414635,-13.5629806428087,1.11533398430529,47.2106535930312,33.8966158423304,-15.4530009193694,45.7138684768319,35.147417226774,-4.04582362560488,13.8040401359892,-3.36924091671654,-9.05625890421119,34.3771038554564,45.8176566630558,1.16460705020961,8.84645497733898,40.366141961435,28.9541703610028,9.78794465442535,-15.3965729242921,26.8355463815178,0.0014724583998989747,0.12467316176752898,-0.0011226763089568542,0.1525066275344096,-0.365792946273971,0.31730693844575236,-0.40785562454014485,-0.2569852985075827,-0.07793223084445249,-0.45854448514613017,1.4494771244415756,-0.1625406841110824,0.23122876725957084,-0.4972126596289581,-0.005838051751460234,0.332913716523861,-0.0010158219870555097,0.02195036697607741,0.042642895421638405,-0.0761732602626504,-0.08745611480425423,0.014798329807027234,-0.37871090856445866,-0.015964136460441956,0.16512914245871854,-0.18576564551242367,-0.01442718799096698,-0.060892026210164665,0.07133914278610792,-0.0021131813292437035,0.19541185142458375,-0.03596894338421042,-0.1033317693975153,-0.06887066596943632,-0.06451316840108136,0.01576678422537654,-0.11496839916071956,-0.7390891580273958,0.3713478386297594,-0.058268954563821654,-0.41058751165774326,-0.27171039180904266,0.1648060334371911,-0.4404097820086319,0.014815705856478727,0.1717722528809221,0.21665854694548678,-0.11275173939538764,-0.2495943854467433,0.04796140552690415,-0.02800726626338861,-0.08858013301741498,-0.08498514000163525,-0.37963103597315306,-0.026602613349135704,-0.33429105450694735,-0.026807773026414912,0.09514050459462506,2.4405555555555556,12.924447921936373
11,47.4175626440489,15.1883187324691,42.0644901476613,82.0483565221455,48.6938456638588,26.4227719333918,32.3091817698519,89.6839245374736,124.318705182913,85.925049692498,98.2420836201821,269.225447717114,139.731172610433,109.194894902076,85.5640306221356,118.854901155582,84.8758913240879,81.2849467140917,72.249911135245,73.0473660943004,46.3685083682529,5.72472943004942,9.21487494963581,0.452363145146105,9.67972531692126,1.61795247664598,-9.72474373805717,13.71476225432,5.80299967019055,-2.17011312059148,17.5751811721273,31.0389492908247,11.3328604051837,19.6045973268724,18.7790722618655,3.38448727541317,-22.9301773582083,-31.8650951770493,-6.19909927883772,-0.49305541891102,36.2146228229979,53.55632385659,5.99725078198807,56.3446544905254,15.9188006501971,0.873972937457172,48.6792755824953,-14.1284566913924,14.3311152746338,78.2445469407538,47.8222661635175,-20.0851044960849,-22.4140810989362,45.2306977520073,26.0910964047913,0.993951513026362,-64.563092867222,18.994740403207,0.019859835132998403,0.30249745330093347,-0.13485964473982404,-0.6158185329878317,0.35054458105287795,-0.08107749409515495,-0.1462175188989521,0.16036517188655927,-0.18574702874891943,-0.3310707811518667,-0.1580616568182223,1.182712520371376,-0.500484351063797,0.005181595234299953,0.14507523365839428,-0.14184348340733507,0.2205508269343579,-0.2643644692702173,-0.1787810091297698,0.008878490201746867,-0.21616117193865728,-0.23879741823799075,-0.26237429978050364,0.09326822516365318,0.14939588808283052,0.009649871292112259,0.0660701215500617,0.2785876055957195,-0.023364811462534742,0.28833470382549425,0.1737158419556175,-0.1186047320332376,0.07193078958630893,-0.03309714230454136,0.013413640613794657,0.2703975033220992,0.06487773675919342,0.28692991931001255,0.07758078063273435,0.0015746314749424527,0.07686313925681623,-0.11322184935660093,-0.4827332336676005,-0.4718083006117323,0.06569430031291815,-0.1501083329679006,-0.17047311901632517,-0.14018040619206706,-0.21051538121889687,-0.4151554277592987,-0.13997813885358693,-0.06324806242943265,0.2860426222173983,-0.21406353537332137,0.04869861684945612,0.21290887256899604,-0.001050127540043093,0.05769859467274784,5.083055555555556,16.407786191839335
12,42.0210357125646,25.5317528352498,4.672275161386,27.052794246514,52.8082250747231,44.0248214999971,27.4401074527819,95.7874262705983,101.037960116475,47.5858927319667,82.0669487050394,139.731172610433,205.369485632184,185.912706663246,108.8267880107,110.730757118129,94.4848051534733,53.3455359306867,37.0517052479712,59.8333382931618,27.964299072374,-8.93390195157885,-2.01584221432714,-18.9434210743358,8.10785000845217,-2.23403888220881,5.45852750646209,26.8617660883904,-9.84701807149223,10.2110661613735,24.0452394913718,12.9155515911097,4.41359497850895,8.01644248090358,8.32997568973813,-8.74232898990578,-29.1987198954716,13.9553028163857,13.8332401702318,-4.50095107667217,32.2527730993024,32.9062056992905,-2.90219606127965,-1.1498533061434,7.81512197806729,-5.39061348345639,37.2312340981662,-4.74674296311864,9.27341706513578,36.8917033570504,43.4652270350059,-46.2837892123075,21.2732353757223,32.635798274563,14.6205552145491,-18.3751354285312,-56.9214053795144,-21.2216294524908,-0.12862186349080984,-0.12825319571285143,0.025139061286552487,0.3813915007343254,-0.20025383081057527,-0.5412636137453756,-0.1072570099156392,-0.40228633419870036,-0.09539508615289204,0.0069660526994595705,0.2204621510193368,-0.5353057133914866,1.8001701838162383,-0.7426727829765827,0.12438404949544564,-0.2725620590090842,-0.046953155241168436,-0.008279997815255036,-0.028501005355968414,-0.007678278364882671,0.24736486893527307,0.23623606088338503,0.20611365801774276,0.41660875925924656,0.042135838129013656,-0.09922297030515424,-0.14076277396749828,-0.34135718046965347,-0.11295942684671112,-0.12129445130123963,0.057566913231500774,0.07455109684688847,0.005456140081339184,0.1314282502882471,-0.029527038637030593,0.42932788419724,0.4041299510604374,-0.4161409988632591,-0.25581002757165977,0.10549850274401504,-0.0076240727959591605,0.08675105028268265,-0.06185070512297264,0.3724472758207524,-0.5575368361747445,-0.2750801195816352,-0.20205190299589257,-0.08859497927707674,0.0215664545126424,-0.1285940914264301,-0.1783313301422634,-0.05516869964083196,0.07195418778495011,0.020007866357232708,0.02638738216060018,0.18386705099323924,-0.030788895275836177,0.454916880784955,1.0616666666666663,14.330369347374964
13,28.6175294265623,24.2364090895478,-23.2335096044577,33.9137307484242,59.6020437651136,42.114868055564,21.5269342395915,86.1807719846741,108.040317191819,39.3079310343042,96.9802551932654,109.194894902076,185.912706663246,233.822198674968,149.482158621598,120.087913545037,115.108826842656,56.2390429566491,22.9989594629302,62.3040952006406,36.3374174858216,-5.77780514471,3.25197451403493,-17.2559306059314,20.6243703294809,-3.79446343186157,12.1313504425111,27.3980077126399,-16.5452787478851,15.6985115250029,24.039733291334,18.791905435435,17.0525669690527,12.5347138631131,10.39343063358,-3.43921742543092,-15.1510808340806,2.20113894701683,9.32256545934625,-9.2560095896268,28.4588096449525,16.3788670232751,-4.52002596912637,-2.73091532732167,-6.60102404245581,-20.4647760023414,28.6471330944389,-12.2976268701077,18.5303175306528,18.2665347428922,36.8494462875821,-48.34081516955,20.1080868515084,39.290353983546,17.5569939214963,-3.91835848170877,-64.6816715745292,-20.1030288832317,0.06469628100302363,-0.0469460836540345,0.582153392919311,-0.09521807666816327,-0.16056662832123536,-0.10353035626200921,0.024853203171485656,-0.05580319125033317,-0.2345656819829539,0.2774281254263978,-0.504965438422549,-0.0030475447187920824,-0.7819964371862462,1.837744713729141,-0.9353909591822472,0.16700079182813674,0.14332337366238232,0.002580710362604319,0.3108574937126085,-0.22339383184981063,-0.43162825136018507,-0.02997833171891271,0.010258205176905583,0.19400746368756355,-0.43468882492732036,0.25351546266694686,-0.3022855314320799,-0.008287707820645375,0.3720817929016483,-0.14414743016085568,-0.1289133850922433,-0.08128123155259524,-0.10010192390985537,0.0649536290837111,0.12440856683503962,0.013879657207880449,-0.02490684842456763,-0.004603367328645223,-0.29103572465725197,0.10401357919955008,0.12461642510192947,0.369650920778788,-0.0454297770643229,0.016877447597942723,0.32129855890442416,0.07477722799829473,0.16905199654765374,0.08888122652865363,0.08500763323516279,0.034139528457710316,-0.16004663479224582,0.16158550621848658,-0.19987672891983305,-0.056596093701012866,-0.02737619825326706,-0.15244275844735058,0.11500670300324478,0.22997366643433464,-1.151388888888889,15.290918830304742
14,8.14022160527074,6.51831341673657,34.674154707834,53.4058019268636,34.5839548649528,48.1635476656989,-11.4127556806029,20.981240638751,75.8244254644134,54.9563635611155,31.9476270269351,85.5640306221356,108.8267880107,149.482158621598,222.339548072672,256.19981657328,218.021497235066,110.99181519753,16.2226117943086,46.7103575049631,30.0160837102444,-6.26552535683575,4.65596971520161,-11.5120124039518,13.7106721389431,-3.07451146047289,-5.10680122195917,23.7154292341266,-28.5280842459441,4.67289136869258,19.9262797585366,31.5533539149889,52.3022619030532,15.8532373296303,14.4799041779765,14.3555905398493,3.13006745344611,3.20003746822409,4.16882678632724,-7.69301045936257,27.0194121110039,54.2687326648278,8.52447181616347,-9.37536679204504,-9.52049255226356,-10.9275466953238,29.2785239019055,-11.6213640851613,19.4619571339793,1.54795684219302,-21.5647655494102,-21.8888200297524,20.3050667728007,42.9849411076599,24.2261909111769,10.4188122569847,-56.3042981981347,14.6909335144988,0.5294644492386908,0.048322590019442,-0.4073468471160363,-0.01918958595223511,0.13439095272946483,0.060657003037279,0.11842252399654413,0.2413910282728956,-0.23509463874086303,-0.26352342287748187,-0.03137973252845383,0.13436682278515222,0.13892575802065157,-0.9641766470964642,2.1118401206119364,-0.8046431091569796,-0.13865287014482783,-0.16671656517809055,0.45370361653932534,-0.18949547041304138,0.22993501789708948,0.2500978853854135,0.20786390931369228,-0.013920705400973968,-0.04451393510195521,-0.018160681633384315,0.3267645612780752,0.015531255862128304,0.15741276537602056,-0.12734884866124976,-0.12755392162193885,-0.12088234436719002,-0.030671500335790653,-0.3295126515855981,-0.04577856748429145,-0.19516831097899592,0.01695275423218533,0.4178858151146176,-0.08312950184075608,0.03508059298906608,0.015002090677991912,-0.0723626086273049,-0.3716687976854173,-0.02671157293659728,-0.015808958010948282,0.05152577461006824,0.09975634245931053,0.43990965974750046,-0.12086470367241813,0.2083792032464343,-0.017626173922843717,-0.010425946917589716,-0.39618398217117207,-0.2380618260775023,-0.28038067175901726,-0.02909176011580207,0.022640049158594373,0.005791216710906104,1.9657051282051279,14.91071923391599
15,14.8089114476029,0.0978547408267029,50.0230925099904,74.9742572644711,52.4213796984355,66.0844358347325,-20.086263827045,5.97548967176651,58.7877958555269,67.4778770425782,12.6657825969232,118.854901155582,110.730757118129,120.087913545037,256.19981657328,380.158808057525,314.934999830072,169.151445732298,45.611057857128,68.4887535610781,45.2779374613991,-0.859003478276409,7.02909784529969,-3.63662824366684,11.4008023956655,-13.5991045566562,-7.70299164352112,25.3611393662218,-39.3701483362431,-6.19864314422229,27.3225381154041,41.6242704163871,61.651790839033,12.5511527731796,17.0031282989186,18.8743766428024,10.7304339528988,17.2632320675006,0.745141308942894,-3.09108273461318,47.269821078645,92.6416683902844,0.713059664058259,-2.46413665292988,1.54001985254935,-6.12186738901952,42.8393218392704,-25.7763110738432,27.0316682768245,23.5731846972444,-21.4252074380026,-21.9265321070753,8.06800398025816,43.9197539593743,19.8690425934908,15.1475061865172,-48.1222568069325,52.2793172643643,0.05444087194847278,0.1669003422256175,-0.081172800158382,-0.18725635290636883,-0.050522775252865394,-0.26047749499187783,0.008948372452269378,0.14253556818910462,0.12644940406453725,-0.09599632994006044,0.3309529718300495,-0.12754277280625156,-0.2915681394077492,0.15533436270431172,-0.8164411591737256,1.432846780137306,-0.6936842917665026,0.02967413250743548,0.06148205603649838,0.39026174654634394,-0.20915316715571422,-0.09874789316919533,0.08865739516834514,-0.2699315738612368,-0.057644612842844514,0.14706583547909458,0.030922604186820767,0.02818332409112162,-0.31476676471114395,0.19694875645533044,-0.18103527979621964,-0.10945790848325929,-0.003180326225538168,0.40256928901197003,-0.10830091643340783,0.22763318460609272,0.027148310343403967,-0.3572309534676756,0.17306143582264333,0.09986146630373535,-0.3417290702212326,-0.21026036052961825,0.29250055801132635,0.01594363716616925,-0.23349885035297388,0.2711645646335233,-0.08231488724539139,0.21077717911015573,-0.1231430075231925,-0.19371332569474162,0.10699869582634694,-0.05255036934852859,0.006121431907316567,-0.07592540596943038,-0.046124130609517054,0.03632544372978712,-0.047232356349219344,-0.23348313962719577,5.108493589743589,19.497405162162607
16,14.6942745301572,5.22032416721016,18.2952419990992,55.7968802195991,51.2959010029189,63.1839886716141,-10.4501082139407,10.5977624337708,55.5379136516943,55.0429162319791,1.02284727967906,84.8758913240879,94.4848051534733,115.108826842656,218.021497235066,314.934999830072,316.361918967784,171.987740961837,59.861911919369,84.6117172377389,54.0806050763291,3.81421650256982,6.42206342938063,-9.80902833954544,6.27563087281931,-6.24765464119757,-10.7509475493463,21.3233766848351,-40.340484989534,-6.20891123636046,29.1718895944314,1.72808709120498,55.0472993803251,15.0717719732642,16.6057615415458,17.5792280358319,11.4699668087937,-4.07121586411456,-3.94681181696069,-0.615247963762879,36.4318707152934,63.8129848628597,3.4963778832247,-14.5302864930102,-14.5740040346406,-14.7548453856924,33.4498936754825,-16.1394757975086,29.1887926162665,8.77928718731053,-28.0222186609445,-35.2073815874959,8.04555251876537,25.5738385749623,11.1984719517747,6.71124421408267,-54.5217678074278,34.1670967737358,-0.24454158851697713,-0.36355951368175604,0.2660637082527958,0.1592465268880058,-0.1276292693586344,0.1014682420472626,0.04053663413334236,-0.0018645496450081002,-0.14058458299832435,0.12612333273663678,0.0007006781451650971,0.22588500433750933,-0.02773100354928757,0.1673867156523526,-0.1381498135157382,-0.713985984010151,1.1572997034164865,-0.5211047445462784,-0.08331276937388053,-0.3152780841585563,-0.015194550243551685,-0.0458918354706001,-0.5417418840206307,0.1089470045961788,0.040628632311268106,0.014272198998926195,0.29843055125675266,0.01069361628232958,0.15301054573208153,0.2520382248439739,0.027634909545771694,0.12498131316907511,-0.0011440824819721443,-0.16999428854587711,0.009179302003026264,-0.43855786608794706,-0.2928361022662213,-0.07803651030577569,0.17854850474760808,0.03972348346523073,0.02536112812677395,-0.009565856239702583,-0.1134606804560332,0.09722798904525638,0.10619019973685494,0.03727355757909037,-0.02453045689522122,-0.5082918211998133,-0.016346734322878823,0.06677811770145917,-0.044016506151444174,-0.002742283932403482,0.31466063152788865,-0.025921633491888012,0.05623462757468589,0.07268393824832717,0.07624621831933458,0.19796404566901488,2.867948717948717,17.786284574575557
