,Cov_0,Cov_1,Cov_2,Cov_3,Cov_4,Cov_5,Cov_7,Cov_8,Cov_9,Cov_10,Cov_11,Cov_12,Cov_13,Cov_42,Cov_43,Cov_44,Cov_48,Cov_49,Cov_50,Cov_51,Cov_52,Cov_57,Cov_58,Cov_59,Cov_60,Cov_61,Cov_64,Cov_66,Cov_67,Cov_68,Cov_69,Cov_70,C_0,C_1,C_2,C_3,C_4,C_5,C_7,C_8,C_9,C_10,C_11,C_12,C_13,C_42,C_43,C_44,C_48,C_49,C_50,C_51,C_52,C_57,C_58,C_59,C_60,C_61,C_64,C_66,C_67,C_68,C_69,C_70,Mean,Std
0,124.905794380157,109.82806058108,91.4754209391912,71.7379900575779,51.3472952899339,30.8290536948013,24.7523762461345,20.9282668188297,21.352370604689,15.7781117863089,10.3852726201555,7.08962835985423,5.27690066042344,0.5043383055065,1.96870651695765,5.58104428622828,9.01862295439052,8.31414228900563,9.89972773702603,12.8538468350109,10.1837089105739,8.31694938078828,14.2292278449513,21.7003164636082,28.5502771415006,35.3789529313736,42.063176566822,41.824084521577,37.2783419134653,32.5068168366652,25.5898335076162,19.3888224220433,0.6802075154286675,-0.6757521783132132,-0.12337015383847516,0.008230334525796523,0.07511437323534698,0.275476994869464,-0.1554760332686992,-0.012623413711565926,-0.08259080537706172,0.0071413534877165135,0.006325360209338438,0.017721282479239427,-0.014597646650036494,0.01386099102869867,0.03456363220521067,-0.03431823382566163,-0.031690341871290294,-0.06449473154321883,0.0610624324458992,0.14256453604310595,-0.061126836881287096,-0.021167380033311842,-0.0633215182336797,-0.05529366755864426,-0.003340028246348071,0.08775163727365047,0.05709200888176166,0.0005554266501897441,-0.05845359266084202,-0.04678455508559267,0.0011408867870098956,0.0285351255786838,1.0578210678210678,11.175678698860159
1,109.82806058108,99.4432387404449,84.2538041183182,67.1897963246269,49.4252398773311,31.558607123435,25.2992042656426,21.3419425820324,21.2652909219701,15.9963364814259,10.5053824648844,7.00295955357361,4.97920160656967,0.127365594579994,1.61161963701871,4.91731557262707,7.48112687543686,7.13454852238032,9.32704283013475,12.9287094885765,9.29014121816935,6.53616238992781,11.4586513259161,18.2861470148839,24.49564757572,30.6586174525929,36.6478183625836,35.9123034858834,30.919536211678,25.7314686356145,19.2406027957843,13.4430098496097,-0.6759931683275958,1.5137905092095454,-0.5721884112660579,-0.3145269008802026,-0.09437949693639487,0.039545283078787276,0.1983872165260089,-0.020675958099944956,0.009107604743078148,-0.01467263837405364,0.00032344362721102734,0.0031485117316039377,0.030924643126865676,-0.013096968748041643,-0.03468991113955157,-0.021732388913003966,0.08365173263815277,0.017537591664351905,-0.03105569941760294,-0.23487219691202885,0.044061823765663734,0.11822387754243062,0.09625120343710561,-0.0029475924598491954,-0.09498685842189064,-0.10888069226306706,0.0788299768137691,-0.03981647374212578,0.009673557337202057,0.0622734359856037,0.0070536196515526,-0.015953496921837087,1.9221969696969694,9.971621670543106
2,91.4754209391912,84.2538041183182,73.7592906729742,60.523719629448,46.5336927210066,32.4548403119965,27.3080902277765,23.9799281580395,23.6326282830452,18.7980757846178,13.0511312361479,9.05849455664103,6.44363511360963,0.803334020185553,1.39343285959211,3.31700548912948,4.61555860148687,4.01210948686087,5.8974839371512,9.13986644726491,6.48457497970038,4.782746187303,8.95272490132438,15.2191629870796,20.8841836434306,26.4612613551449,31.9253642477582,31.097681549375,26.4997741940814,21.7239156034951,16.3661435917879,11.7393468594285,-0.1236112256578727,-0.5817281382893158,2.170412392820007,-1.498276521690498,-0.3929004033845113,0.21841135232219414,0.1352137883323884,0.05631766103675043,0.03910448603121858,0.04569787432515057,-0.0054147613474121,-0.03092608844269854,-0.007052626459472867,-0.06212384572821769,-0.010520828779231993,0.08001397616648039,-0.06579510282244942,0.0014070115237517855,-0.006405113581600602,0.00488328486890834,0.056741063236500626,0.03950573861097296,-0.03673238359442426,0.022315891483940545,0.09695717666479414,-0.020348389696571746,-0.17445238704541635,0.057186299594445295,0.07676430733628105,-0.06752525126574287,-0.0072907751620915895,0.022515843693024878,2.1551443001443005,8.58774071994341
3,71.7379900575779,67.1897963246269,60.523719629448,51.8090174562059,42.2037421340147,32.5168542677328,29.2559519811599,26.809302754875,26.2654952195293,21.95194774529,15.9283137669081,11.3255011606667,7.86557021376587,1.34644772020847,1.30617393593571,2.07108419567269,2.06731853983806,1.77619444350737,4.0433425982375,7.49159333853172,6.2115051185371,5.86167356886832,9.57922137372554,15.3128022273059,20.5129811274955,25.5178216908703,30.4896380092851,29.0375461996576,24.4004786565311,19.623218118243,14.7778273468414,10.658662586119,0.017720775221076446,-0.31497920641764743,-1.4964198905676067,3.683650623429379,-1.5569288226923244,-0.3849843970605387,-0.01907063101392178,0.07587890978841504,0.012713929227261197,0.0032110045705769693,-0.001295414473760534,0.00088371869741293,-0.0063831823074938935,0.05193060474585521,0.006383317671046842,0.0019396413083211535,-0.018866924133103983,0.042348774299664146,0.0025217927996793563,0.04670228031778927,0.006284572931632544,-0.1018456567539232,0.00039466526129666756,0.03869498311223225,0.036869799359599734,0.02240589539359585,-0.013569342051569209,0.004792138806027934,0.008974687002160992,-0.02423816788194807,-0.007027056759592329,-0.007908239409842841,1.9091233766233766,7.197153427307626
4,51.3472952899339,49.4252398773311,46.5336927210066,42.2037421340147,37.154401923522,31.9340059510096,30.6673116063232,29.2182188646041,28.6200310437231,25.0307365905975,18.9113610464232,13.8600067727291,9.72484843076484,2.52450438816809,1.91345321771505,1.50923583629498,0.173528407355744,0.185467297372608,2.71603203447835,6.24218821746557,6.19737873034458,7.01004888351481,10.1279331413841,15.0230107340307,19.4556978476041,23.6144925778846,27.8188478936788,25.4824463877138,20.6695622778299,15.7531936140659,11.2643949677147,7.49428347295719,0.07490215030232203,-0.09609090493592877,-0.40734629802885813,-1.5659894160079295,4.159882324419589,-1.8170782290146945,-0.2584597910899459,-0.031104405350529423,-0.02389297161341751,-0.020268954023729687,0.01806523602867126,0.010279753587639948,-0.03509649870533829,0.032870349752247556,0.03298161461298736,-0.031170017314106343,-0.0298517335403611,0.06323148032458271,-0.007799794590106485,0.009490259293984608,-0.010007078530100681,-0.06730478569655228,0.0017694906901071228,0.007758778056496603,0.009418935957114457,0.013132363222917292,0.041117869620923696,-0.019799258852341357,-0.0037930777233816495,0.03522744963287169,-0.011949645124497997,-0.028140375612247095,1.6580705568940861,6.094620736643257
5,30.8290536948013,31.558607123435,32.4548403119965,32.5168542677328,31.9340059510096,31.2722783015313,32.0050110989896,31.5751039661484,30.9174499985951,28.0511664459724,21.8325348104644,16.329332667633,11.5209719789997,3.72300654015689,2.48743805528809,0.86881253236875,-1.87649252434504,-1.61783433890944,1.13025669318939,4.70576936340318,5.88405781348643,7.84529092092476,10.3690385258917,14.5375905372466,18.3147629004729,21.7388287092406,25.285285811174,22.1527487700615,17.1351227211862,12.039500810456,7.86813252174201,4.40073200296527,0.272532254141438,0.038319482850869446,0.20019836347341624,-0.3892769756607379,-1.8281411596715667,2.830515528390584,-0.88554988902004,-0.0472888887841395,-0.04949433825047984,-0.07515979923098202,0.07280953427728719,0.042538790046829304,-0.10346752364534144,-0.008444781525520669,0.1229718794067097,-0.08695271903922601,-0.02646534622156475,0.13118206589379053,-0.07068368980308343,-0.03635537304345519,-0.03549253885695243,-0.011967614651703071,0.016929657869841595,-0.0018838163444327642,-0.008237257118203842,0.011312928800293264,0.037230528250256384,-0.11082986213464945,-0.06632224248087244,0.1903984278373107,0.020271005072016617,-0.0714253503428628,1.3778510704981293,5.591268040572841
7,24.7523762461345,25.2992042656426,27.3080902277765,29.2559519811599,30.6673116063232,32.0050110989896,34.9979231331212,35.6747109055309,35.2595550082545,32.7382057504577,26.0701814623173,19.8515521063895,14.1925602023176,5.76884336941223,3.83746967617262,1.0284147123236,-2.88019618052168,-2.62018211198564,-0.199868334962616,2.94869784403122,4.98350324556818,7.73787413905026,10.0213703298802,13.9372968452659,17.5134386040587,20.6628943507567,24.0097019931571,20.8582752463207,16.0974764317696,11.24586959318,7.11981240811898,3.67797586020274,-0.15594797470804508,0.20370368904173372,0.1531455226681166,-0.002070113591225498,-0.24694912253944354,-0.8805587698190397,2.155211422988857,-0.8525718282672331,-0.38715674613707163,0.017655406304470316,0.05141365774121516,0.027191869910619438,0.046762213534343476,0.061405942491893725,-0.016620371079878335,-0.07286263986844992,0.25791729858169987,-0.22124745238650112,-0.05457324354708668,-0.011582182355346613,0.008275586374576255,0.12031165574811037,0.03990171765374358,-0.018425044899321882,-0.1426004189387444,-0.01814299386127695,0.014279390756780492,0.10599100255313494,-0.01642152179628695,-0.0900418246572387,-7.598180373519251e-05,0.03596720087086485,1.3976315841021723,5.915059013494385
8,20.9282668188297,21.3419425820324,23.9799281580395,26.809302754875,29.2182188646041,31.5751039661484,35.6747109055309,37.6994096006767,37.7852802697188,35.9254495175878,29.2612027202425,22.8004361490139,16.7665584887612,8.41499173125674,5.37752071025276,1.05569019684748,-4.27147996129051,-4.67408227398907,-2.99836007735586,-0.449092724805511,2.43428784672453,5.98266392079696,7.95789178221548,11.6154796323856,14.9004707188303,17.7807228273503,20.8801625629333,17.8527149148132,13.3758777779071,8.80849906343147,5.08613191304711,1.97411674948043,-0.022953228320564182,-0.006754210042303073,0.055118981626239724,0.05695246297559126,-0.03371277043860306,-0.04841512064944277,-0.8527421624645818,1.8536249107086535,-1.1539646654918203,0.11941293437037018,0.10207743906854785,0.00963496008424947,-0.057505650454700366,0.16426033464697007,-0.2558774615860494,0.1623368124249995,-0.048284013201854284,0.016776033400537474,0.018032509598101994,0.005681400215163657,0.006790785167575569,-0.02084179805275437,0.01936209114441002,0.013270041227933299,0.05711463222344105,0.0036583004628500814,-0.029594391321993093,-0.01852633391273842,0.02922407227911965,-0.008594445096904147,0.012184998753895436,0.008413332434058729,1.6343962246903427,6.139170106836648
9,21.352370604689,21.2652909219701,23.6326282830452,26.2654952195293,28.6200310437231,30.9174499985951,35.2595550082545,37.7852802697188,39.3821625467174,38.9061238932263,32.8229683944932,26.6161142070463,20.6297517543896,12.3645543087243,8.4944670040097,3.32500210647469,-3.38029915177565,-4.14748977782571,-2.90455768853266,-0.713314621026838,2.69177191635557,6.68367992073868,8.58468768407107,12.0858492945959,15.1849875629094,17.9727453186602,20.9919372876213,17.7380897881357,13.3596525620615,8.92480638206685,5.33073874036145,2.37678126168072,-0.061071239650455834,0.008557184737277358,0.03272972442492493,0.009716034209329469,-0.017919192384415677,-0.039085075344650805,-0.3788788034089535,-1.1534329122934277,2.9593596337361037,-1.1295848874067245,-0.3475275058237722,-0.044137766681730695,0.21380452656677787,-0.032604982251634176,-0.08242066677619068,0.031003079501899816,-0.13449740552343079,0.022616809384604784,0.1288328697788593,0.06030702873208211,0.023398941726330787,-0.01654233472599446,-0.04394781981407374,-0.017495580134755547,-0.0018291679238091208,-0.0015338250668320297,-0.010971028043459414,0.006134353716141101,0.0007239145849834373,-0.020074349885671087,-0.017284602222171798,0.0457196518942376,1.3476688017864495,6.274724101242815
10,15.7781117863089,15.9963364814259,18.7980757846178,21.95194774529,25.0307365905975,28.0511664459724,32.7382057504577,35.9254495175878,38.9061238932263,40.5379557499294,35.5375437455752,30.0488257643573,24.432984841205,16.4671299405686,11.6324927335397,5.37086473768246,-3.17321447470584,-4.08734207008654,-3.83422519655532,-2.63085945748899,0.547579801085973,4.16517928994155,5.02850723440465,7.23017119912161,9.02499628037488,10.618530038364,12.4455850546001,9.82750359258169,6.67013752512877,3.5215841439339,1.31453217976167,-0.191492594572249,0.0046425102168440365,-0.033413996420854984,0.04570634582430072,0.002755395817155308,-0.01390400539999646,-0.05412786965569511,0.029770363626235564,0.12665239603090925,-1.1307072592401135,1.911069059850934,-0.841410060727281,-0.05370908421365536,-0.061966279758040074,-0.26342687004854876,0.28433652487876243,0.04386586906923488,-0.03431796529359341,0.02355015403650171,0.014416594252855361,-0.07295707984603698,-0.013860425683653062,-0.02400707408290141,0.01021067258204867,0.011364619914065682,0.02143859625657854,0.022742774172693405,0.042865392081637914,-0.04743075434592012,-0.007595309979319553,-0.0007620753846096101,-0.015346508048934135,0.05796866014845608,0.7145921725333492,6.3661570629328175
11,10.3852726201555,10.5053824648844,13.0511312361479,15.9283137669081,18.9113610464232,21.8325348104644,26.0701814623173,29.2612027202425,32.8229683944932,35.5375437455752,32.7943404593656,29.0135423532939,24.8342193451405,17.9519898782816,13.528871947546,7.6104503184026,-1.67068471754953,-2.5909279193542,-3.27345558396591,-3.10177895666051,-0.360711909455596,2.63304779326064,2.8308148922075,3.9798889995834,4.73831351926006,5.43084673261138,6.33209723399305,4.36560559005808,2.65449204130651,0.986431083159953,0.263090490129351,0.359023915435927,0.012886814862538645,-0.003189576249769023,-0.00868865770061838,-0.014931644637747073,0.008136736646789959,0.04821695968977605,0.03282606625273038,0.10330828255694181,-0.3447535772302622,-0.8449691343717227,1.9863491693913975,-0.9605070028246881,-0.04159767409748732,0.11004207108158176,0.0373705613382466,-0.08668291122741947,-0.05095687252031908,0.09461189977661245,0.004857796486044135,-0.03460806841857959,-0.02021976075188611,-0.11577593936024586,0.13369669276944043,0.02109449563027991,-0.0038449564157985094,-0.031342238398562816,-0.1684790358419932,0.17737993168174881,0.027101207331719123,-0.02707183051040801,-0.10662173215642248,0.026170526299194943,-0.2601511233864175,5.725761124895589
12,7.08962835985423,7.00295955357361,9.05849455664103,11.3255011606667,13.8600067727291,16.329332667633,19.8515521063895,22.8004361490139,26.6161142070463,30.0488257643573,29.0135423532939,27.5596282020724,25.2416233821054,19.843005938034,15.814570128094,10.1397712157344,-0.0915549856186901,-0.864791709606256,-2.27053698471418,-2.94319396065902,-0.561234469129392,1.8999543082251,1.73663002543074,2.14042261790679,2.19123668035101,2.31231889648575,2.59872290016138,1.33680702666672,0.681083206513194,0.100119970750533,0.401192242998811,1.63504819455394,0.0067871881887160155,0.006703203897322955,-0.0209823680742696,0.005372810284434391,0.009463956691208631,0.030130666855975784,0.020941847073913986,0.009701470834879211,-0.055331835177636964,-0.04538709921941729,-0.9709130091782447,1.980413152276771,-0.8752704021405021,-0.044080226312212575,-0.024364604391348348,0.03525829953334493,0.10122033482887659,-0.033877644105949054,-0.029713377790868824,-0.0317624397851078,0.01869092308758422,0.13977666606200223,-0.17433290587394173,-0.036196587096612935,0.0043173093725009095,0.05609507815101544,0.16375083996144568,-0.1905695941187417,0.004738795496464833,0.006938817450302054,0.034006442679433896,-0.03278649250818753,-1.4182277526395173,5.248773971326294
13,5.27690066042344,4.97920160656967,6.44363511360963,7.86557021376587,9.72484843076484,11.5209719789997,14.1925602023176,16.7665584887612,20.6297517543896,24.432984841205,24.8342193451405,25.2416233821054,25.4546450583558,21.9992290122322,18.8415940996883,13.8469534744468,2.99572908849854,2.01751018813567,-0.520259513990379,-2.42529357001807,-0.944586820695676,0.438663109050616,-0.532612183324408,-0.814237905291661,-1.42062791848057,-1.79675499081726,-2.04407884702373,-2.60820018892198,-2.19419406207313,-1.76776067089392,-0.535580019509783,1.7021087584741,-0.0012461448246097822,0.043636392507932366,-0.0007766420194331867,0.01923330708518344,-0.02173815647441628,-0.08767613829548836,0.056072135463305986,-0.047564148784101805,0.21987680570977713,-0.06125894878850329,-0.045458747284287705,-0.8783380292950728,1.4406478306164678,-0.2507252295842883,-0.24235182446821615,-0.04716007763512384,0.14297569010456435,-0.22431540993028992,-0.16108860521339888,0.25574095892984056,0.05264990228589236,0.019821477775520915,-0.03824896727293985,-0.026697192873240124,-0.018878631608822083,-0.04888430001971193,-0.016308875799406996,0.013272660504148364,-0.0061372533493487084,-0.0006066661823735636,0.39842271185859784,-0.3061361243249047,-2.7566074121956476,5.044268535511944
42,0.5043383055065,0.127365594579994,0.803334020185553,1.34644772020847,2.52450438816809,3.72300654015689,5.76884336941223,8.41499173125674,12.3645543087243,16.4671299405686,17.9519898782816,19.843005938034,21.9992290122322,25.3644901355288,21.6409201658878,15.8094754169482,2.40252522390678,0.165452010045975,-2.6270678152347,-4.84741627251621,-3.50430745542839,-2.5472370940655,-4.4375905061616,-4.85214483764152,-5.44724740951131,-5.66594191268435,-5.80751842917326,-5.65944963137818,-4.50596471710405,-3.44873884968185,-1.93511929017709,-0.659382381328327,0.010080632845309806,-0.02363647330111215,-0.07994641779966542,0.026887620575555358,0.023980127586412815,-4.397840956104192e-05,0.04049533949208954,0.13538787927770032,-0.03924486327712048,-0.2759381881112904,0.133234501756468,-0.04201801980312978,-0.258190295193965,1.252237747840843,-1.1530374363678726,0.2595424945683853,-0.07624021297554849,0.09716474130137848,0.1825379014020119,-0.021869691417607487,-0.06062424258018315,-0.02583055391549212,0.02277715193931434,0.020131073303119786,0.035389042086590675,0.011945280915328479,0.03779319971914099,-0.03844856383718058,-0.006077473337885847,0.06597288840981722,-0.28263168331285565,0.19305791692508134,-4.659987071751777,5.035324233406301
43,1.96870651695765,1.61161963701871,1.39343285959211,1.30617393593571,1.91345321771505,2.48743805528809,3.83746967617262,5.37752071025276,8.4944670040097,11.6324927335397,13.528871947546,15.814570128094,18.8415940996883,21.6409201658878,21.3897253403462,19.1149414992818,9.41511211943698,8.30930446308106,6.03615352622032,3.80357095106889,3.02450888264036,1.82844257036961,-0.366102674658203,-1.14241582024888,-1.94261131664125,-2.31140549578837,-2.56706918889829,-3.06907645185403,-2.49007882859449,-2.03534336335316,-1.72816973757335,-1.32340410316833,0.03301316685020495,-0.044003203912972605,-0.014156972434656544,0.005469539422671046,0.02973650695262743,0.11283666293329733,-0.01843929012491218,-0.23390869185911115,-0.07869809787119136,0.28499878166506254,0.03901322994181682,-0.029492109955851335,-0.23576064608703,-1.1507010109276277,2.2558806360520633,-0.8860330518334821,-0.0779769492685027,0.10139999221141034,0.005636198417780675,-0.10733909047967201,-0.0368568071409019,-0.0673862156997687,0.08690033860408827,0.023305886689045083,0.005361667160378357,-0.024185325252080513,-0.10277294156594025,0.14622290351874764,0.014902344785530148,-0.048749780573223676,-0.04194839145467337,0.023871621958036104,-4.032017524958702,4.623821508270647
44,5.58104428622828,4.91731557262707,3.31700548912948,2.07108419567269,1.50923583629498,0.86881253236875,1.0284147123236,1.05569019684748,3.32500210647469,5.37086473768246,7.6104503184026,10.1397712157344,13.8469534744468,15.8094754169482,19.1149414992818,21.5473944291555,16.4823957952762,16.6048183554419,15.0051806663255,12.8556052914135,9.92430518385283,6.60705858474008,4.47208001584108,3.71837696916366,3.12161283071119,2.99992512995857,3.01476805880359,2.0057380959058,1.57886111018455,1.00509189770429,-0.451422892916424,-1.43145159948171,-0.03368320500886502,-0.01343408721819436,0.08677391870151287,0.009200292904145186,-0.024430898378891085,-0.07998817644410836,-0.055695587007641836,0.16842898980828425,0.03343430107362098,0.04256302102118168,-0.09281201256757199,0.039942446842164726,-0.044816246439867174,0.25610834088554446,-0.8873660150769138,0.8981740387732541,-0.04463643258702926,-0.09165663411766867,-0.06683759011049407,0.010450410039550315,0.026373595895751535,-0.009699817653546326,-0.0023148317838410596,0.00860299405556141,0.01248162031206244,0.022935956270647997,-0.016321148964377,-0.0350100174340724,-0.012927351337618008,-0.002634749452820501,0.028555587038542805,0.007411309290608592,-3.577857501975149,4.640839840929174
48,9.01862295439052,7.48112687543686,4.61555860148687,2.06731853983806,0.173528407355744,-1.87649252434504,-2.88019618052168,-4.27147996129051,-3.38029915177565,-3.17321447470584,-1.67068471754953,-0.0915549856186901,2.99572908849854,2.40252522390678,9.41511211943698,16.4823957952762,30.0281578465057,31.2503758737213,30.0832559855216,27.6271026839122,21.8448185263403,15.6328064512739,14.1285479115347,13.6106611051968,13.5230764393181,13.9672568064037,14.5831390134957,12.804052455334,11.0664741673077,9.18110772292175,5.46126564027086,2.71329875681143,-0.02648233989577691,0.11377529548340481,-0.024614277389059542,-0.0023798339369245805,0.0032287369937658793,-0.022647416738157067,0.2616096386851247,-0.033657825025148885,-0.1464261194844933,-0.019429009219802576,-0.07830484003851837,0.09485465540808155,0.14798427520296,-0.058791767636687704,-0.1035542590892332,-0.052414172111360735,1.0314129146894226,-0.8426238414367354,-0.25018366254617325,0.24346137688710281,0.010765022881405665,0.02799301424341888,0.04806322383257968,0.014156506215437719,0.02891602017347238,-0.04852793730167745,-0.21832671711912924,0.13761503421497231,0.01373316426838879,0.12681048595726332,-0.06200383420976004,-0.037008176994298446,-3.80703081232493,5.4788829013317795
49,8.31414228900563,7.13454852238032,4.01210948686087,1.77619444350737,0.185467297372608,-1.61783433890944,-2.62018211198564,-4.67408227398907,-4.14748977782571,-4.08734207008654,-2.5909279193542,-0.864791709606256,2.01751018813567,0.165452010045975,8.30930446308106,16.6048183554419,31.2503758737213,34.65207706674,35.0526777113675,33.7305579442441,27.2492686829337,20.3611185028873,19.0518713259914,18.001218843473,17.5224852392029,17.5150858119672,17.6926068311335,15.3347784256152,13.1221443999326,10.9172723550308,6.41417817786269,3.12097236928771,-0.07893520329051723,0.013411418008854828,-0.05428831406560697,0.012034398155054192,0.02388223191114594,0.11209726113359457,-0.22097388378304963,0.03097931908171535,0.014156781719845458,0.030812024576551793,0.13205617639758083,-0.029125720777157995,-0.23557161446269054,0.09374369983180916,0.10411320650991572,-0.07832683340916356,-0.845777965261356,1.9411917769917637,-1.2196530781743655,0.12393480795292545,0.036108826753941795,-0.02576372498737662,0.0003416877014428282,0.013355458530704654,0.03301191315165769,0.058921154594121894,0.19121979218526938,-0.2861086575064765,-0.0352878119606008,0.1711360308782595,0.13194491060458255,-0.1758891539180934,-2.6452995642701524,5.885752039182417
50,9.89972773702603,9.32704283013475,5.8974839371512,4.0433425982375,2.71603203447835,1.13025669318939,-0.199868334962616,-2.99836007735586,-2.90455768853266,-3.83422519655532,-3.27345558396591,-2.27053698471418,-0.520259513990379,-2.6270678152347,6.03615352622032,15.0051806663255,30.0832559855216,35.0526777113675,41.8926665059733,46.4597113618371,44.0159555305168,41.2582400355864,44.3216268889289,46.899136836895,50.178902355941,53.8041984660008,57.6094594075906,49.0217940945887,40.6744183991253,32.5095442022654,21.6875509261923,11.7403915584777,0.054054218595856386,-0.031950906867301336,-0.026057200375291478,-0.005989902360827912,-0.011883584959343541,-0.054457193942648016,-0.0667924317942265,0.011162289979824429,0.07235396720912672,0.0032660753328926785,0.009009001363916372,-0.026416987051016097,-0.15983450386137438,0.18349952442225279,0.005770159296229854,-0.06297126895084912,-0.2458971482500523,-1.2206183279922107,3.1088896251235654,-1.3401027209324796,-0.29395220996757737,-0.06901079491712027,-0.0389703162024637,0.03207164157275764,0.03047042703191499,0.05504378073414762,0.16742704340495318,0.17076384178770784,-0.1080106501340078,-0.6265746599510986,-0.012486788560756667,0.3749248684937177,-1.5638593215063803,6.471681891593046
51,12.8538468350109,12.9287094885765,9.13986644726491,7.49159333853172,6.24218821746557,4.70576936340318,2.94869784403122,-0.449092724805511,-0.713314621026838,-2.63085945748899,-3.10177895666051,-2.94319396065902,-2.42529357001807,-4.84741627251621,3.80357095106889,12.8556052914135,27.6271026839122,33.7305579442441,46.4597113618371,57.2776030832919,59.0371903895805,60.5722634262369,68.2183605061998,74.7524327013649,81.9127013418856,89.2807267089293,96.8085191741445,81.8862262196223,67.28724576646,53.0326505951688,36.6512066949327,20.8392654543284,0.1465496924909084,-0.22972019478348268,0.01582732940298143,0.050075346542483634,0.007665815855891579,-0.03172751144381147,-0.012311250045569702,0.014471043226245239,0.08225577238935576,-0.07319398057938814,-0.035237491538669063,-0.02928674802773439,0.2548676929376193,-0.017906882122402504,-0.10778223729451404,0.006772589487952627,0.2465482479996762,0.12693080743681043,-1.3455522715826844,1.7253390847413277,-1.023778711807533,0.3285689060329663,0.034951754318257935,-0.010881743765134063,-0.019690429240093843,-0.018954327500662425,-0.10819856424129497,-0.039538758400322886,0.049775811375893195,0.30270876552240994,-0.01947676619950476,-0.153134058551071,-0.6807524120759415,7.56753613029313
52,10.1837089105739,9.29014121816935,6.48457497970038,6.2115051185371,6.19737873034458,5.88405781348643,4.98350324556818,2.43428784672453,2.69177191635557,0.547579801085973,-0.360711909455596,-0.561234469129392,-0.944586820695676,-3.50430745542839,3.02450888264036,9.92430518385283,21.8448185263403,27.2492686829337,44.0159555305168,59.0371903895805,69.6059928012499,79.8638155496825,92.8685712094748,103.965684848693,115.598753550788,127.345491333059,139.248589866131,118.170629704332,97.9028985562454,78.1187129360545,56.6603692302994,35.4739031936205,-0.061675729463112824,0.053285313529474854,0.07499154938250804,0.013178032302259024,-0.006233040909823601,-0.02712473096935365,0.007548859845592243,0.00853111687271179,0.02556299834121416,-0.01635625494698905,-0.019503751572938925,0.018181450197622313,0.04877597335223189,-0.06709281462662758,-0.03616277957373679,0.027494620334380344,0.013665684717457365,0.03538691529643834,-0.30442224123351747,-1.0169561441993848,2.4586421176713817,-0.871363399272699,-0.13844917444746896,-0.08590612140018136,-0.05503743558303975,-0.02422831393466421,-0.03299712745866367,0.006874467065380003,0.052784350962949755,0.04354523882354856,-0.009286234013514204,-0.02574892050426591,-0.26431216931216933,8.342421279295952
57,8.31694938078828,6.53616238992781,4.782746187303,5.86167356886832,7.01004888351481,7.84529092092476,7.73787413905026,5.98266392079696,6.68367992073868,4.16517928994155,2.63304779326064,1.8999543082251,0.438663109050616,-2.5472370940655,1.82844257036961,6.60705858474008,15.6328064512739,20.3611185028873,41.2582400355864,60.5722634262369,79.8638155496825,99.3194001364381,117.792540667067,133.601768922182,149.858089314098,166.118402174176,182.527162507284,155.294910487901,129.234417252721,103.802230027868,77.1323765233216,50.4586681803662,-0.02195622625335795,0.11491862863532594,0.03818445981441911,-0.09847399119379181,-0.07068991616235434,-0.012226659848183,0.11355925749753393,-0.01822765998588542,-0.017241321474595582,-0.022392653896980818,-0.10886604505603897,0.1359301549626718,0.009237527584427606,-0.028788151781551027,-0.05840348989622547,-0.009339745566919163,0.015715211857173252,-0.034166230351976544,-0.06430615239223983,0.33551870851888754,-0.8700568523838286,1.535448137554076,-0.6266746177532214,-0.22259044122703345,-0.09082344455159222,0.007443639237026136,0.15648453819864214,-0.08477120170971847,0.09708274442169049,-0.07849974001124704,-0.015289823527017148,0.05542693963916875,0.03644179894179895,9.965410184053546
58,14.2292278449513,11.4586513259161,8.95272490132438,9.57922137372554,10.1279331413841,10.3690385258917,10.0213703298802,7.95789178221548,8.58468768407107,5.02850723440465,2.8308148922075,1.73663002543074,-0.532612183324408,-4.4375905061616,-0.366102674658203,4.47208001584108,14.1285479115347,19.0518713259914,44.3216268889289,68.2183605061998,92.8685712094748,117.792540667067,142.135024543662,163.029056742318,184.291377643053,205.467489982159,226.769665110351,194.063221743597,162.262002020982,131.107047082712,98.9208021353436,66.746261622757,-0.0625949449680292,0.09303367281031323,-0.04183980514377786,0.009366105927463213,0.0036705045199064553,0.019927761534504256,0.0437440484336924,0.01951453012329467,-0.05377371442985382,0.012653821835190244,0.15397359035569314,-0.18569337420922852,-0.043133380987529786,0.02023360221853729,0.10156610272526793,0.0010080275394913035,0.038212864957318016,-0.003150872183057015,-0.041198293972771555,0.035722366026649514,-0.14002922530179093,-0.6206294001147766,2.4241048528385685,-1.7862891319704173,-0.39938735677112047,0.04133639269854422,0.29830004294330376,0.2609733364215692,0.04725157203235642,-0.17677562643471856,-0.03857810076143225,0.10402528305272123,0.5928571428571426,11.921620046942516
59,21.7003164636082,18.2861470148839,15.2191629870796,15.3128022273059,15.0230107340307,14.5375905372466,13.9372968452659,11.6154796323856,12.0858492945959,7.23017119912161,3.9798889995834,2.14042261790679,-0.814237905291661,-4.85214483764152,-1.14241582024888,3.71837696916366,13.6106611051968,18.001218843473,46.899136836895,74.7524327013649,103.965684848693,133.601768922182,163.029056742318,191.425649954714,220.047375308416,248.511870434278,277.087572297558,240.936375271302,203.279175172178,166.143460417004,128.061608783829,90.0137780318988,-0.05500553496434087,-0.0045290659498796685,0.026771577327587517,0.0708547724040904,0.013842194563787158,0.003124761918796209,-0.014785913116190506,0.010582924692804125,-0.00819043966907751,0.017080656168960998,0.029350649985344028,-0.04185851052240962,-0.028855060322691833,0.014971691804787806,0.027478772676744423,0.010603218456661326,0.018356064739402444,0.012310436401567995,0.0324926933959495,-0.009978934897135467,-0.09075491423767366,-0.22419998005375782,-1.8158731337240337,4.154571351966905,-1.6045693363617501,-0.4771332381170043,-0.13708906893067535,0.03767601073079032,0.04881909591036914,0.2644266597627779,-0.04537378677276667,-0.14319752416645426,0.7979761904761911,13.835304476400717
60,28.5502771415006,24.49564757572,20.8841836434306,20.5129811274955,19.4556978476041,18.3147629004729,17.5134386040587,14.9004707188303,15.1849875629094,9.02499628037488,4.73831351926006,2.19123668035101,-1.42062791848057,-5.44724740951131,-1.94261131664125,3.12161283071119,13.5230764393181,17.5224852392029,50.178902355941,81.9127013418856,115.598753550788,149.858089314098,184.291377643053,220.047375308416,256.131843439675,291.909192583574,327.796458992165,288.309505235119,244.792696180427,201.676264383442,157.387860798625,113.127569271428,-0.0038051949229069536,-0.08982005283553161,0.09578380807963371,0.03143476134401117,0.006420322276471115,-0.0052160861720000305,-0.13640194025145755,0.045553299925527306,-0.0008414434162389556,0.023909377862014577,0.0014312738186376666,-0.0010355958288605837,-0.020653875130660776,0.02294999020996328,0.006295865644100046,0.00835392742085764,0.057541759111583234,0.03439135461275488,0.031584841353200555,-0.02061292921782077,-0.06642907438326447,-0.09448949152109377,-0.40884534674365336,-1.6228344209049064,4.295722669974115,-1.6378198488967353,-0.43967397602504293,-0.05196321654676514,-0.04065650469780397,0.016893062344021145,0.0004518565881106431,-0.026830983321171342,1.0642063492063492,16.003807154539032
61,35.3789529313736,30.6586174525929,26.4612613551449,25.5178216908703,23.6144925778846,21.7388287092406,20.6628943507567,17.7807228273503,17.9727453186602,10.618530038364,5.43084673261138,2.31231889648575,-1.79675499081726,-5.66594191268435,-2.31140549578837,2.99992512995857,13.9672568064037,17.5150858119672,53.8041984660008,89.2807267089293,127.345491333059,166.118402174176,205.467489982159,248.511870434278,291.909192583574,335.041083704567,378.199138447742,335.383227291614,286.026382332106,236.946077436932,186.451151767005,135.98421534921,0.08715666297033615,-0.11395819043520018,-0.030669760134333212,-0.005119830952802169,-0.00025317632336589697,0.0048409664424407545,-0.02024127260538339,-0.00879141492896259,-0.0014469217091341402,0.031115571906061835,-0.028754532946385192,0.04396219468471923,-0.04316303789568426,0.009500647859712528,-0.01994034667838726,0.02793538882138657,-0.05795168351604191,0.05539137758712391,0.061529995610798506,-0.01997924706434113,-0.02248275663614206,0.009494287384233045,0.06251530258545733,-0.4417528162335584,-1.6556704311888808,4.054999132142233,-1.7376444877847197,-0.22261493392546014,-0.15615794997366853,0.010746780668733708,0.03043641257664092,0.016892278832304562,1.3910966810966812,18.303854340126474
64,42.063176566822,36.6478183625836,31.9253642477582,30.4896380092851,27.8188478936788,25.285285811174,24.0097019931571,20.8801625629333,20.9919372876213,12.4455850546001,6.33209723399305,2.59872290016138,-2.04407884702373,-5.80751842917326,-2.56706918889829,3.01476805880359,14.5831390134957,17.6926068311335,57.6094594075906,96.8085191741445,139.248589866131,182.527162507284,226.769665110351,277.087572297558,327.796458992165,378.199138447742,428.732032532435,382.581672461274,327.412391540715,272.4001507278,215.711571840062,159.05373732903,0.05640236838630981,0.06952176379743209,-0.19891893701722632,-0.03381013775726804,0.00904120948186597,0.016434448522598993,0.007345029597355662,-0.05734673056701777,-0.015976855988588345,0.025255187093177686,-0.16261492978820033,0.16797075601510006,-0.023284381157823147,0.03590147329619879,-0.09860793580041691,-0.012782968621994354,-0.23834868264106135,0.17992036975870337,0.19818132476690853,-0.11764874474904805,-0.019932186100215854,0.15491679399354458,0.29705620853665493,-0.15133319597604603,-0.45093448700081584,-1.7495160826503948,2.4100236643227864,-0.5448944642359097,-0.2744316473600965,0.018509062366145163,0.13919151717595005,0.054609988246685864,1.6720610870610855,20.70560389200072
66,41.824084521577,35.9123034858834,31.097681549375,29.0375461996576,25.4824463877138,22.1527487700615,20.8582752463207,17.8527149148132,17.7380897881357,9.82750359258169,4.36560559005808,1.33680702666672,-2.60820018892198,-5.65944963137818,-3.06907645185403,2.0057380959058,12.804052455334,15.3347784256152,49.0217940945887,81.8862262196223,118.170629704332,155.294910487901,194.063221743597,240.936375271302,288.309505235119,335.383227291614,382.581672461274,347.515426231814,301.685991866619,255.922024128849,207.88604241369,160.027965289792,-0.0022709999973013315,-0.011622870773122317,0.10399864128746279,0.02066611857760783,-0.006333689730711225,-0.08036013189915929,0.12984663695001036,0.003329210952228604,0.019800599502104735,-0.021332391841703286,0.1793434396655404,-0.18783970436146635,0.017610831263395743,-0.03855631332828617,0.1425878192724057,-0.03289869887570523,0.1467427593189241,-0.27833365425709816,0.1695580049622579,-0.05481932882251825,0.008455654037304496,-0.07878924740056992,0.2639492619973257,0.03915699274517358,-0.05175919662639156,-0.2193230095369672,-0.561586492688611,1.7030840613557918,-1.296667778231475,0.10923743565523356,0.00894225812324511,0.12709919441943057,1.0400625300625292,18.641497424611945
67,37.2783419134653,30.919536211678,26.4997741940814,24.4004786565311,20.6695622778299,17.1351227211862,16.0974764317696,13.3758777779071,13.3596525620615,6.67013752512877,2.65449204130651,0.681083206513194,-2.19419406207313,-4.50596471710405,-2.49007882859449,1.57886111018455,11.0664741673077,13.1221443999326,40.6744183991253,67.28724576646,97.9028985562454,129.234417252721,162.262002020982,203.279175172178,244.792696180427,286.026382332106,327.412391540715,301.685991866619,267.645613040995,233.468680022907,196.786418619272,160.312289905143,-0.07590282391040555,0.01604966561561423,0.09833143857456585,0.011140064857793971,0.0007457746403548066,-0.05545216044712669,-0.011398187583997266,0.02508167651863497,-0.004992303860723527,-0.04910840642553038,0.02988405259755996,0.014483083666228972,-0.02042299746479161,-0.005053874464921964,0.017280242793493522,-0.012834225477676996,0.007189201030148746,-0.052921656207121325,-0.1037186150926394,0.04848537837071912,0.06337680014880877,0.08791753203468887,0.04501437667208378,0.05297097195792731,-0.03339362626292945,-0.14474757757775758,-0.28314856339159544,-1.2937602062864126,3.35407112906171,-1.453319834576602,-0.34521971640743043,0.10520592616302953,1.272032227032226,16.35957252011784
68,32.5068168366652,25.7314686356145,21.7239156034951,19.623218118243,15.7531936140659,12.039500810456,11.24586959318,8.80849906343147,8.92480638206685,3.5215841439339,0.986431083159953,0.100119970750533,-1.76776067089392,-3.44873884968185,-2.03534336335316,1.00509189770429,9.18110772292175,10.9172723550308,32.5095442022654,53.0326505951688,78.1187129360545,103.802230027868,131.107047082712,166.143460417004,201.676264383442,236.946077436932,272.4001507278,255.922024128849,233.468680022907,210.984154278704,185.651307812669,160.568768942847,-0.042728419879820186,0.058406051629795744,-0.07233520399529933,-0.04821318888312892,0.029945183150998284,0.1785406584662537,-0.09160079879933786,-0.012173134160521435,-0.0163458160647714,-0.013848723622385298,-0.012969730175765219,0.010165622657126564,-0.016624532101750127,0.069155845837207,-0.04145575874824516,-0.0065732449367582515,0.14031149805171672,0.1712432912041015,-0.6461687932521707,0.29404323524775006,0.039600663203721694,-0.09075730834075912,-0.1985248075649876,0.2780158022468257,0.04510042377355269,0.018293467775925703,0.00898475032547799,0.12537502004441312,-1.4610395329271633,2.3698958181830814,-1.2914043758116078,0.19090342242314254,1.4932479557479563,14.524949372672658
69,25.5898335076162,19.2406027957843,16.3661435917879,14.7778273468414,11.2643949677147,7.86813252174201,7.11981240811898,5.08613191304711,5.33073874036145,1.31453217976167,0.263090490129351,0.401192242998811,-0.535580019509783,-1.93511929017709,-1.72816973757335,-0.451422892916424,5.46126564027086,6.41417817786269,21.6875509261923,36.6512066949327,56.6603692302994,77.1323765233216,98.9208021353436,128.061608783829,157.387860798625,186.451151767005,215.711571840062,207.88604241369,196.786418619272,185.651307812669,173.065500764468,160.705323972448,0.006414664310596534,0.006405325742080015,-0.007696628820568985,-0.009212791182179573,0.0032723302894368117,0.02165241998514923,-0.0019127588915804974,0.006646996752343025,-0.018036551148975642,-0.014094545790684226,-0.05528073832446623,0.04548012408097938,0.39403171470011406,-0.29247940532896816,-0.044132133864059994,0.02798523251865486,-0.059382766868723375,0.14745301260837426,-0.010419332927046708,-0.015636320606698676,-0.008978164655844568,-0.01669497813906949,-0.029852008443008123,-0.040187612921097834,0.004626005758172638,0.02696020272437254,0.09789007096814421,0.014427736592485274,-0.3217000248346484,-1.290515768990908,3.045664649963736,-1.48947337121413,1.4061303511303502,13.155056091270314
