,Cov_0,Cov_1,Cov_2,Cov_3,Cov_4,Cov_5,Cov_6,Cov_7,Cov_8,Cov_9,Cov_33,Cov_34,Cov_35,Cov_36,Cov_37,Cov_38,Cov_39,Cov_40,Cov_41,Cov_42,Cov_43,Cov_44,Cov_45,Cov_46,Cov_47,Cov_48,Cov_49,Cov_50,Cov_51,Cov_52,Cov_53,Cov_54,Cov_55,Cov_56,Cov_57,Cov_58,Cov_59,Cov_60,Cov_61,Cov_62,Cov_63,Cov_64,Cov_65,Cov_66,Cov_67,Cov_68,Cov_69,Cov_70,Cov_71,C_0,C_1,C_2,C_3,C_4,C_5,C_6,C_7,C_8,C_9,C_33,C_34,C_35,C_36,C_37,C_38,C_39,C_40,C_41,C_42,C_43,C_44,C_45,C_46,C_47,C_48,C_49,C_50,C_51,C_52,C_53,C_54,C_55,C_56,C_57,C_58,C_59,C_60,C_61,C_62,C_63,C_64,C_65,C_66,C_67,C_68,C_69,C_70,C_71,Mean,Std
0,105.69445663754,177.450946045656,144.106348278499,31.1241975464586,23.3321793377797,95.0507561847912,146.774174624591,144.811140453093,137.870954100315,98.487805141708,53.2414348367586,-0.708039395712083,-0.391930226597151,0.82572876363138,4.11514054890437,1.81151355551616,0.215440169831984,12.7597700622253,4.63587742524192,6.0855148102998,1.32959131689996,3.80892932980447,5.74650709037878,-1.16020376220878,-43.063908724749,-5.66951406011891,16.6584296081593,-1.84312106860603,-1.44060202492972,-1.00304078571716,-15.765561867516,-28.9702570014295,-7.59339496634076,-7.99267632771876,-8.37360734839588,-20.9025738880724,-9.34528356899938,-17.3906620896108,-5.40005485865816,-16.7928040190679,2.18000588592997,-29.4780387683391,-14.2762596612142,-36.8123906800806,10.9100300445697,62.2269391217375,-26.3346064242748,0.694307830836699,5.20573817606812,0.7477973990621725,-0.19217381790258745,0.2109912692187068,0.17743876896316857,-0.3551661980381486,0.03756916868856522,-0.1851698191320643,-0.04648882200820977,-0.21691402464974635,0.01766873243612498,0.19909900233261926,-0.052691607710037607,-0.054861229969509734,-0.22184669340521154,-0.403420705653743,0.15368590434372084,-0.21398961688183205,-0.08299063747667818,-0.07222531660241782,0.09597184776215176,0.16725367393067428,0.01738787469029965,-0.2001875402609622,0.2787416490004882,0.18741651092850906,0.12751837550243533,0.06550848944672193,-0.1582793176869804,0.08867289878982504,-0.13486193870304666,0.0526529746543772,-0.034407238323331715,-0.33105143765157197,0.03874044145049469,0.1637222444919268,-0.11435009941587829,-0.20403466251539903,-0.03644294835924909,0.10587585452334991,-0.015365708494470264,0.31689878040162534,0.20047003344170766,-0.08939454415095947,0.24469621268656305,-0.18820297981242304,0.07538781865168931,0.030263357328580313,-0.06667491610303991,-0.32282060781153976,6.148214285714286,10.280294579317271
1,177.450946045656,731.810327266922,492.624398905191,166.099368092259,38.1848234557589,222.877975573039,312.243747773967,313.689287744109,289.051285876827,176.186166032008,103.590516247629,0.970125257309326,-2.05951908380846,15.0425689506168,-1.41940671163316,-0.558266921216713,13.6948425637089,63.0367844416036,-28.2706437399933,10.8996467387519,2.03242612352424,0.225059603379154,1.68175677213515,1.95385785659322,-41.4135430530273,-30.7656917117684,7.58457472450947,-13.3726136371105,-10.3762883603776,-28.571021152461,-23.0982051643031,-49.7912783427504,-5.29056518279938,-21.2524003171839,-23.9878996236688,-25.5137797716615,-50.5058147192568,-26.6289811903497,-1.18786918651082,-19.9802558511969,7.85681253607692,-17.2281793795383,-18.7457961979848,-84.5738833628707,-34.1669325593901,125.252914057519,-61.2423407804279,-28.4092828410274,-0.531756813856757,-0.19217381790236734,0.7329218710162376,-0.8403347256146225,-0.6730030836717071,0.19340477146218485,0.15556883092324594,-0.14525585177554154,0.13960921048751493,0.14888277063013644,-0.006034458180541279,0.19469933431894246,-0.15465088120150094,-0.04626357880761893,-0.09267122838027923,0.07748060547393681,-0.19538690003105405,-0.0922441932419753,-0.2523931047054476,0.033901398238066864,-0.0012271934416965885,-0.08325298942215928,-0.06351223597496392,-0.30492645214722086,-0.07608801904242526,-0.026360173257823267,0.2214777741349386,-0.14532746963302948,0.037836734927872484,-0.21158692094464532,0.14121393405526728,-0.16710470552014073,-0.04547385436466606,-0.1965992679361247,-0.03385772495575398,-0.056692269020527465,0.03976331182147296,0.18382862054203103,0.1169090140669736,-0.036895385118154204,0.19407222104703079,0.09230121332674585,-0.18508169065493763,-0.018693709082694028,0.026149715728519,0.0695469266895143,-0.11315425390312306,0.08971519683782393,-0.001704901180402237,-0.013890235124361487,8.51388888888889,27.051808206974297
2,144.106348278499,492.624398905191,390.13473339719,107.683900536168,33.1051604827547,212.10410275927,294.49426715099,308.39387445879,299.09318933033,185.444446701485,105.55481579073,1.97532358150711,-1.20621529312588,7.86099809096027,-0.326328840329114,-1.17011494232292,9.20582474624149,31.2525543150053,-23.0688759718955,4.16040699352721,-0.740649015112349,-3.08908674271406,0.240910466479134,7.36136674959269,-21.7214979997805,-16.4891558424355,17.0142408701301,-8.87851277097703,-8.1266336971365,-7.86532701588854,-14.6258068599532,-21.8602412052082,1.6421538834082,-20.7092359980793,-13.7448432950284,-5.84652975712068,9.75143715403153,-4.49394889960061,3.83100365802051,-0.724814281042672,15.6691601785488,0.218791448333904,-0.638180156996387,-20.6735388648483,-2.4355545191655,140.271290064547,11.7078974952827,-12.5907678816207,2.59145662353746,0.2109912692186454,-0.8403347256146595,1.6660289463495184,-0.12544935067742297,-0.1973784454532005,-0.25650216582143653,0.21014951918928415,-0.323666288029822,-0.35239652395111437,0.031854753338130246,-0.43825431786621255,0.25361486453435267,0.03230290645882145,-0.11118988263868063,-0.13110185759755147,0.44981704175667514,-0.2045556572535162,0.019267536884110235,0.1560148206072363,-0.2494489651814614,0.2176330481832632,-0.005541590321697496,0.5336995516488575,0.3076223171812048,0.07378394500716144,-0.21172065438002388,0.11395101313026366,0.0763102967120251,0.34612160277768905,-0.2687323530708309,-0.10896214365620858,-0.07783837742467693,0.10260444088661315,-0.040032493428408235,0.12562857786980655,0.16608567983614264,-0.2916659138396604,-0.0247627710298728,-0.021133087322253965,-0.11526191351004818,-0.21931507471973125,0.33015951262141924,-0.08293356579240878,-0.056757825552242645,-0.1740044960294412,0.07246270368757886,-0.11799574595389588,0.18890962297541655,0.3637765830660472,7.830555555555554,19.75157546620498
3,31.1241975464586,166.099368092259,107.683900536168,56.0589201275562,24.9115941691548,49.6637626247814,52.9210515938367,58.059186703709,58.0542906122367,30.165622585624,15.911487194476,-0.18016422997181,-0.494113178800608,3.7258606114543,-0.856369299356707,-0.158339609912253,5.3889115302078,14.6773100963142,-7.34884341714703,-3.34445032981227,-1.27103794347683,-0.024747074689634,-5.31040393477206,-2.1390034647849,5.3023021135944,-9.03932550939158,-2.7712268097657,-3.91176434115489,-3.06309792622468,-4.4752643379903,-4.57194554882023,-20.4701808878971,-3.15186100222279,-12.1012521986786,-8.44725033271682,-9.67544771733762,-5.8619211991716,-6.96245599635076,11.9389569995225,26.9804073765518,28.5719231668088,32.5698744709721,10.8856066903741,-11.0467715332609,1.54962621938558,24.205122228456,-12.5286754085479,20.894231212678,25.8439042673646,0.17743876896286845,-0.6730030836721533,-0.12544935067731258,2.9066016197646047,-0.2855612798542379,-0.13972565318883254,0.03607272932410682,0.1755713301190452,-0.09478434582253656,0.16175563440344415,-0.007478787796115339,-0.31654775538746993,0.042156759269865264,-0.05196297506103026,-0.08480730386341284,-0.14514254737244278,0.005904978865746901,0.09030027896153212,-0.2991354412766165,0.6111475694752526,-0.10732318728371674,0.01713818464446387,0.3248946942811596,-0.49555110072710584,-0.04470260676134635,-0.03153226092773787,0.196692088922016,-0.017450948880977153,0.2514853281377644,0.1373720308623301,0.2715673194983484,0.2204114870921015,0.6731051397041685,0.17019444095018488,-0.19744525219076378,-0.5118725759573378,0.09430059602696507,0.18015948121928607,-0.0016587054071488694,-0.3391107028130108,-0.03945853185104177,-0.201401557431636,0.008412075960612773,0.04121511664975278,0.034293580692059025,0.11801842934944748,0.01617308379611544,-0.001588011089748129,-0.6552357497708895,3.0558641975308642,7.486582673527104
4,23.3321793377797,38.1848234557589,33.1051604827547,24.9115941691548,59.58337159331,35.4670030935998,35.9057905776165,48.3686283826633,33.8775691265342,28.9767915523332,12.1177837549892,-2.79899666527647,-1.13118390132481,-1.46803750596903,-2.8535289604439,3.31529081406421,-3.10524327398887,-1.55406975592721,-3.97134305528358,-1.4637159118781,4.76329366984481,9.26899334502874,-0.738455025837861,-6.36308973718776,-3.82001865148366,-6.24647537077924,3.2362103598554,-1.79526920809346,0.0133927384365813,3.75846866935701,0.800970551895497,-1.24413293023788,-2.37934561632311,-11.2951789355128,-0.798218964491357,-3.74953031112247,-1.31603717034699,3.17868860188158,22.4455536192806,33.6043094652113,41.784882276411,38.3165953374191,12.6535744963993,9.24542788872424,8.52891869877312,39.6550129033234,-21.3370132360998,34.5014658274778,35.0260634987706,-0.3551661980382396,0.19340477146244237,-0.19737844545335784,-0.28556127985455415,1.1539476514024214,0.10805337126687878,0.21760945193916145,-0.27133067438440767,0.32665817650167817,-0.24358848032264988,-0.1256897585409813,0.09773515052383192,-0.00786087429993085,-0.26901208147873673,0.00925869200494878,-0.2573361346784214,0.1482745205513348,-0.039457509819484045,0.020531608994296378,0.14848217753884962,-0.22615621319144563,-0.30038572066567953,0.37488738921330883,0.4299960760730116,0.3184323648908535,0.07685835393950802,0.16768195553319196,0.045617502964327185,-0.06902849038562772,-0.2440943995010671,0.228121975791131,-0.12183133125796239,0.11309427752225301,0.3375407371820551,-0.21843686895817496,-0.07274794772968363,0.22165118976194476,-0.2850899521025774,-0.43019555562389633,-0.0824055298762766,-0.17716243315098282,-0.223895335952588,0.12790190696389533,-0.21573981922281293,0.1383279781495844,-0.11659948932702634,0.15677220479235365,0.05415362535809919,-0.027535419165499935,3.7770061728395063,7.718378818982003
5,95.0507561847912,222.877975573039,212.10410275927,49.6637626247814,35.4670030935998,199.320484908182,255.016986240328,253.045198627966,266.591197665834,179.294321616329,90.6265295490139,0.952230549681787,-0.788968619865407,-3.09935610092807,-5.0890930018303,3.81009795244478,-2.08341137466352,-5.67771114448775,-9.35084390972322,-6.96251587157965,-1.79933912208077,0.102148709724756,6.80108981099351,4.0904904206975,-10.9953355844073,-8.89435534951287,20.5398116170394,-15.4153438848379,-1.89379484208853,-5.68521224030141,-16.4350462333984,-21.6678098691493,7.35118395520027,-24.1752967939357,-12.2709701923397,-32.114353821055,-14.2946313087421,-9.74045347339429,8.8462036499361,18.4486482059364,25.001317122131,19.8289144407692,-12.2135207655135,0.827627916384727,-3.9898485128993,113.222776967147,-29.9927456566152,28.2770997143941,19.7280061528842,0.037569168688458277,0.1555688309235125,-0.25650216582169677,-0.13972565318889352,0.10805337126704351,1.1214588126919987,-0.05863340544668825,-0.2683713978051936,-0.26519713483051083,-0.015404652056553015,-0.23776782295162596,-0.067184770408903,-0.1184765905872971,0.20033770496139858,-0.2501492564663135,0.3005574422965,0.08093454241071907,-0.3666421728756677,-0.2118007870278253,0.30516895879325007,0.011706281468518927,0.11534675116629463,-0.06021902158715174,0.111537306039898,0.16201500918630926,0.09527180183390205,0.03288434351189681,0.4963630338990369,0.05955590046555658,0.590923575911362,0.034759269253866756,-0.07974929747436497,-0.21501038293821495,-0.04109641482823388,0.26304207593890283,-0.09328402407514495,0.10933312435835243,-0.24907162871199653,0.14784224711055527,0.11221789847959857,-0.16969390114223928,-0.07122869015946778,0.34919438030388433,-0.36427187641888487,-0.02770646145529107,0.08363511809114138,0.1723493703035164,-0.07375446986797807,-0.32895750578167854,4.718862433862433,14.117736536292991
6,146.774174624591,312.243747773967,294.49426715099,52.9210515938367,35.9057905776165,255.016986240328,413.494636840366,378.969324015232,378.311341587747,244.703764226273,130.524653024851,4.43324857321957,-0.619024280903163,-10.9314725644098,-9.06955815791262,7.60007943997161,-2.6138910787965,-4.55360343688567,-18.2447754872944,16.6977074196653,4.56881580748058,1.01602883724344,16.3582022933401,5.84445544579926,-50.6913789345681,-26.8618706465832,23.3247387759614,-3.4249435021044,-1.78872404732095,-1.86944081721298,-37.8281949989082,-53.6979680099902,-4.72047509487712,-31.1609139190087,-25.0665191981161,-43.7876356348572,-29.0210623683799,-23.4482780805759,2.61750338169452,-4.2453306742898,23.6418516577686,-0.334367812575393,-32.5193418795588,-11.5935748278234,-25.9550613442269,169.368171733385,-8.97099429590741,7.20895037553176,3.75889732342872,-0.1851698191320119,-0.14525585177543796,0.21014951918917252,0.03607272932391621,0.21760945193927933,-0.05863340544661376,0.7442551459691309,-0.4397912542794836,-0.2885427630089561,-0.07298811500235682,0.1994876722020184,-0.016638447393629963,-0.059457478690973224,0.19715560363541892,0.15469416269948474,-0.17386388952574225,-0.015289836396750484,0.3144176303467183,-0.04988805974868132,-0.38884906080752046,-0.052794730851725966,0.21489793984023844,0.23861482878415413,0.20939437781729212,0.17274020191054287,0.0995428356791432,0.1127256265327438,-0.25864245967976013,0.1637795822537375,0.3316336273286711,-0.08110436304999553,0.02635557160727939,0.19465423228528644,0.2070235866762455,-0.191626654536374,-0.025078339792724936,0.05769372873632268,-0.03338318772558471,-0.07270737906870696,0.25540442768579164,-0.22017964563767986,-0.24798285551599072,0.13881806291225926,-0.18124505353162995,-0.07742615063287125,0.06580307797652636,0.04613988214463355,-0.002739200274834388,0.2509688070517083,8.340282186948853,20.33432164691918
7,144.811140453093,313.689287744109,308.39387445879,58.059186703709,48.3686283826633,253.045198627966,378.969324015232,414.172153470688,393.354187631524,259.784890803707,136.840605170694,-0.559547386695768,-1.28943265033874,-7.56768977489133,-4.47938510818871,10.0486862098655,-2.59075569789922,-1.06960227240482,-20.9406709269208,7.54369522271124,13.2590746905444,6.68138070673645,17.231743323717,8.14748799444896,7.58249368547329,-12.8440390462094,26.3057484060875,-9.22036697964393,2.00624180643978,9.0591368585348,-20.6680353942524,-37.3055703741409,9.46957707172578,-22.4880353385705,-22.1571284418023,-29.1674426148804,-7.2189058385113,-6.42883513132278,19.8940941813426,21.7771340845538,17.8844121258909,35.2018451899228,1.08685737706027,-8.87563755381541,-18.7453179652263,169.562489410473,9.69236185525494,18.1873329506699,19.7520289349578,-0.046488822008055014,0.13960921048728492,-0.323666288029563,0.17557133011929693,-0.2713306743845124,-0.26837139780525054,-0.43979125427935334,1.046167141680486,-0.09697437756728415,0.00455951074978691,-0.26196297755560316,0.26196534323708665,-0.24981414877850952,0.01507735696627447,-0.008376069360008674,-0.01624672741852688,0.13885968500805645,-0.17413650640757747,0.24125420777970408,-0.14590413025678892,-0.5416697147777223,-0.08367178355255674,-0.1807831333348183,-0.41629109148908383,-0.4916686987605316,-0.150382647233652,-0.05300987258633607,-0.0018044210469370812,-0.11387770328768745,-0.1598361618214326,0.17567782144948754,-0.059894398012468965,-0.02881555057072164,-0.060274970125986906,0.02761126648485125,0.06717122106728089,-0.07010945956891945,0.3387954092592519,-0.4718470083939881,0.04121355430241489,0.02289329435035384,0.3319393115625927,-0.15565425770411564,0.19621844283072473,0.12438840263266897,-0.07577863425631301,-0.11105628166781417,0.13271061681034604,-0.2972084275430845,8.33511463844797,20.350974263427485
8,137.870954100315,289.051285876827,299.09318933033,58.0542906122367,33.8775691265342,266.591197665834,378.311341587747,393.354187631524,434.916006408864,286.912116393749,140.620297572576,3.72521351184419,-2.72082315793702,-7.55385993727336,-9.39997086853002,12.6264759838414,0.697487593353884,-12.4572387622345,-26.6918981327499,-3.34851086929137,-1.37480873886775,-2.90367077705763,16.4966771939542,9.64806249252869,25.135619767734,-6.04284012087772,37.7499786981861,-10.2994932274136,7.00037502939869,8.34364357978511,-8.42821182944049,-16.8341000959641,20.4703215200825,-19.3800245079692,-16.9039617871381,-12.8697017352419,0.274133953605415,19.496540497491,19.4890744567318,52.458069125445,27.9362852605758,65.7186902997012,27.3999137884086,15.0052895793487,-2.57074129139775,170.992855713892,35.4075498180776,36.7528791878586,31.6507810509284,-0.21691402464977905,0.14888277063065802,-0.352396523951589,-0.09478434582291838,0.3266581765016354,-0.26519713483051893,-0.2885427630091944,-0.09697437756712368,1.4722054137695102,-0.7764993810987832,-0.29128175951750607,-0.07800790364772073,0.3161888856322685,-0.13418029321271308,-0.14569148820054664,0.011793589224711182,0.012371383083605499,0.47789738819696903,0.15066233291826772,0.4173668272440511,0.3787054238187534,-0.05973673339686953,-0.010285178269658588,-0.20369658997796727,0.15979602472547874,-0.02714126645403814,0.08885011298939431,-0.004220464425024942,-0.34233823478913544,-0.1379053395774918,0.1891317607675227,0.1325276415606348,0.19711038347381782,-0.299125151994416,0.20995382512201397,-0.07261328612592115,-0.004041734018537627,-0.1514873038962464,0.0049184423592884725,-0.45234215249962784,0.30395396424775356,-0.21306353158833255,-0.05438036850801249,0.12262004573292999,0.3099182195225519,-0.07533345319321813,-0.16566987317069803,-0.31444893824046016,0.258189139726039,7.278201058201058,20.854400169001842
9,98.487805141708,176.186166032008,185.444446701485,30.165622585624,28.9767915523332,179.294321616329,244.703764226273,259.784890803707,286.912116393749,236.676463620276,98.2035737931402,-1.8438770166333,-1.88841738646,-4.23613923213337,-8.68093627425183,19.9724339972846,0.947463491916427,-11.1812328219009,6.1216794746569,-2.98729283593956,-6.20822561893354,1.48806777172142,11.6956224519165,12.3162753740004,57.3670112551065,20.0887201953808,63.6133628876442,-3.85846709313676,3.95104215589756,0.0914018195265836,25.8123232801016,41.479325884635,22.2506713930107,-9.46895299318184,2.20243879020249,17.1829254651933,18.6639935645192,56.1776889663669,19.3948315688543,42.5974926507382,15.2289927082568,54.5907994355146,29.0902495620046,1.47626809505534,35.6039961230304,115.308093361951,-24.5724144834696,12.6457280451956,28.0540138680786,0.017668732435962817,-0.00603445818039924,0.031854753337561346,0.16175563440387236,-0.2435884803224311,-0.015404652056619172,-0.07298811500237966,0.0045595107498873745,-0.7764993810984245,1.8279036578585097,-0.7906705106844978,0.06154662868979925,0.18061759930794852,-0.161255062787002,0.26281434229862766,-0.6370455844913722,0.11097668006303255,-0.3159669137096502,-0.23946745272732523,-0.005442281838489994,0.1352395391725073,-0.07867911600953682,-0.2593160184495268,-0.05872637043015723,-0.24113986880641355,-0.10358625905969118,-0.6732579658709876,0.005657380715073767,0.008542431702476703,-0.2073734239492032,-0.044150018560862134,0.02414110264082319,-0.18265603465627653,0.2962517287303583,-0.330390269812147,0.22820128997732755,0.15192384388728236,-0.33007076681993486,0.4723350666673175,0.15971988025117462,0.0017274411992501918,-0.1252799752902126,0.04629664993111962,0.045116871136139436,-0.2624602001354606,-0.09868071827415245,0.12922827663424657,0.006172646917581907,-0.0069466739970803545,5.5042239858906505,15.383967746335022
33,53.2414348367586,103.590516247629,105.55481579073,15.911487194476,12.1177837549892,90.6265295490139,130.524653024851,136.840605170694,140.620297572576,98.2035737931402,53.811642952872,1.89419365352408,-1.58356558119182,-4.44731772025351,-4.12260479783994,3.40718906858462,-3.31217047200096,-3.42556224122608,-4.16678861070246,-1.10820668440889,1.35865287870052,1.49714057381991,7.45436439433442,4.04632145016437,-10.4893979025352,-5.68356793775003,10.5493855461317,-7.18895490603271,-1.75784018253685,-0.270541403950996,-9.28777007360132,-10.0651045649739,5.83897892770862,-11.3144623229974,-1.39380981652433,-12.3043651526949,-2.86863254752563,-4.43743686523184,-1.29067790716615,-1.50717147232284,0.56830932990513,-3.5270700185495,0.866347410535836,-7.88616054779115,-6.37788878728094,61.6687093984125,-1.55291081890377,1.66385744238648,0.776010979693563,0.19909900233344843,0.1946993343175867,-0.4382543178646435,-0.0074787877953737154,-0.12568975854166572,-0.23776782295166793,0.1994876722021245,-0.26196297755569414,-0.29128175951858054,-0.7906705106843405,3.3093767284319404,-0.602009064768563,-0.030140441984112303,0.45005901023604206,0.21970535888093995,0.1534511756991175,0.10452470441150531,0.0919284077665787,-0.25941931850844074,-0.14919379656811257,-0.36763712679892885,-0.01167184131214203,-0.057303683726583815,0.013852555776353843,0.22875571407871303,0.09447342838776959,0.2670131275679253,-0.01707654200190678,0.35582689768034437,-0.5369064746538301,-0.172057574114903,0.016069035705760546,-0.031761490212449776,0.08633139398364979,-0.22911107777281178,0.09421688372564446,0.04096016760529766,-0.002193909153764047,0.4164462394023426,-0.014842850029727517,0.07954488738464253,0.17859910482025915,-0.3276345166100779,0.22728087583806325,0.061690688768011676,-0.008088268948700279,0.014606899509728564,0.12362581970112146,-0.002683966127343999,0.7502469135802464,7.334960323878512
34,-0.708039395712083,0.970125257309326,1.97532358150711,-0.18016422997181,-2.79899666527647,0.952230549681787,4.43324857321957,-0.559547386695768,3.72521351184419,-1.8438770166333,1.89419365352408,4.21771551724138,1.19387317070355,-1.49927285502499,-1.20372298434865,-0.797369257331029,-0.314613222000295,-2.36066041828681,-3.74632356800494,-1.91251352038116,0.32295468724258,-1.81964271726513,0.749943228399984,3.02202663041123,-5.6208113694174,-4.13097595523373,-2.26430928248781,1.35127981042997,0.737246576055277,-0.345140609596998,-0.363872517712428,5.70770952969181,-0.405189547661594,-2.36984802329882,2.15084500491124,4.64626981649852,8.55287303948643,2.04588032489024,-3.23474635337483,-2.18175327255023,-1.12712783888196,-4.51507496566656,1.35071525977011,5.21484655686183,-7.07907684550586,2.33785003805235,2.94918597184066,-4.13176593822728,-5.06340112539293,-0.05269160771019184,-0.15465088120112808,0.2536148645338886,-0.31654775538751617,0.09773515052404597,-0.0671847704087352,-0.01663844739356799,0.26196534323709747,-0.07800790364746567,0.06154662868980173,-0.6020090647686891,2.9366026199814974,-0.8900920480404485,0.39852204191993373,0.15289981032871178,0.4365329069070592,-0.04835144001036006,0.3404662930599298,0.1458602083400753,0.05524683867799427,-0.4551973661905307,0.10341753547052787,-0.4666167459400178,-0.2477313856428105,0.06518823464263673,0.3532429660099167,0.05292248914156001,-0.23302707572605408,-0.08084578534184977,-0.4164948043936779,0.1690374654594293,-0.07387748925798657,0.09827272937767886,0.30010908677266324,-0.19913391984045778,-0.19790885893534862,-0.04287397574335748,0.009158376268188906,0.26792492061607964,-0.36817012515917147,0.3078830309829088,-0.02365461276924539,0.1893066074038293,-0.09113128031429317,-0.16915704431800335,0.08060004430420767,0.018929453551757628,0.0971052514437794,0.0020321738670174005,0.925,2.0512716829424082
35,-0.391930226597151,-2.05951908380846,-1.20621529312588,-0.494113178800608,-1.13118390132481,-0.788968619865407,-0.619024280903163,-1.28943265033874,-2.72082315793702,-1.88841738646,-1.58356558119182,1.19387317070355,3.65722172700498,0.118026124271299,1.02405678865988,0.643992386985277,1.86421969023497,0.596687885877543,2.39929695845473,-2.00643789671806,1.24159780297537,-2.16408671697309,-2.14188122479167,0.0960584656566903,0.958093367703871,0.890248115775327,3.5460717703478,1.78826108929737,3.63413746696245,1.11685840614631,0.710590260839377,1.44054242283505,-0.938861726962543,-0.797968683642896,-0.986336996419621,0.445130747437456,5.18999050377426,0.288699545905796,-0.128496132225526,-0.368630512490006,0.413706717894965,-1.04872461683698,-0.849779524723956,3.06511022120597,0.614513022006118,-5.12410139520285,1.07734285225931,-0.476364353056388,-1.81757049139127,-0.05486122996962694,-0.04626357880734412,0.03230290645874182,0.042156759269317,-0.007860874299952058,-0.11847659058734766,-0.05945747869121686,-0.24981414877840397,0.31618888563251696,0.18061759930803858,-0.03014044198408895,-0.8900920480402703,3.1207688540990124,-0.11031272558648092,0.07772326986881643,0.555204822800829,-0.06301365939443035,0.25684555704908074,-0.1141311474469633,0.3922508935031728,-0.19220767906032116,0.7239558001572909,-0.028233696693883162,0.36049518049783913,-0.03980010750250507,-0.08027920336434811,-0.45123470133591426,-0.006788229027816861,-0.9912186235595223,-0.1414904792020465,-0.20462547899371178,0.23519286760180008,0.018503587609114785,0.170614673887002,-0.11755946757049492,0.3729510027764973,-0.05008289179470013,-0.3275010450614504,-0.16751477953582225,0.04507153784999281,-0.19780864028215633,0.02437172660936269,0.01159980899942325,0.0013375258761732112,0.04193158173763702,0.0932258976272979,-0.04494083407116541,0.30281704446875585,0.007636038983985356,0.5439682539682539,1.9097700717638704
36,0.82572876363138,15.0425689506168,7.86099809096027,3.7258606114543,-1.46803750596903,-3.09935610092807,-10.9314725644098,-7.56768977489133,-7.55385993727336,-4.23613923213337,-4.44731772025351,-1.49927285502499,0.118026124271299,7.10017133213439,4.01677082378939,-1.43151426733355,2.22534680709874,3.30079847993732,-0.722744206008711,1.1639420134034,-1.35461364150562,-1.3994142631301,0.631923743380844,2.37851442318267,5.52789985101241,6.56853224188855,2.82250797340962,3.41496557685984,-1.18357318473265,1.11981992841444,6.48183865178915,6.67665776537149,-0.812017040193023,6.52083537431281,1.18542070360731,6.90216635436199,2.61888982673865,7.43940554822537,0.0325643186978557,-0.687649560894592,0.769843541338557,-0.553900142272628,-3.07416943044007,1.40666590730077,1.14481688848648,-7.80242926404774,-5.45974337061936,-2.72229167667193,0.273671068442387,-0.22184669340508759,-0.09267122838020245,-0.11118988263862843,-0.05196297506155339,-0.2690120814788309,0.20033770496154796,0.1971556036356162,0.015077356966615128,-0.13418029321259184,-0.1612550627870373,0.45005901023618416,0.3985220419200025,-0.11031272558661605,2.516484661109519,-0.1778945551218004,0.23880143987509908,0.04698803701326113,-0.1366272401262695,-0.2294158810247481,-0.008466903722424556,0.4056575900742727,0.5784197262872752,-0.4092465115812899,-0.5012624774093922,-0.1159356859683032,-0.7825054937650153,0.4127620048295749,-0.038904198501035374,-0.010666652985621784,-0.013896229235189099,0.007066317740355277,0.13355976315835072,0.19676805980722195,-0.08687046445463915,-0.2968153097192754,0.3241570408815581,0.09714467392714711,-0.3579631083557853,-0.09688742260800426,0.16779078581028972,-0.10909824794808673,0.08765794875833595,0.2364772848464836,-0.39056116615638614,0.22068404253017243,0.037652675363262264,-0.047856197671429825,-0.04359714668532631,0.025072977479875722,1.4203174603174602,2.662737563511355
37,4.11514054890437,-1.41940671163316,-0.326328840329114,-0.856369299356707,-2.8535289604439,-5.0890930018303,-9.06955815791262,-4.47938510818871,-9.39997086853002,-8.68093627425183,-4.12260479783994,-1.20372298434865,1.02405678865988,4.01677082378939,8.31478799489144,-1.47585449073761,1.46606712213978,3.02582871012339,4.57597592856889,0.329214619435975,3.51638148999424,-0.350501546977619,-0.996177822307022,0.614769380217002,-2.20061385661685,5.07512935722554,2.10952566375298,4.88158263311895,-0.0761815590582493,4.50782090293454,-0.260464656135451,-4.02024677741087,-3.01187540285026,9.44073078728713,-0.459909027865182,0.254602036744142,6.15142986499942,-4.69501711620515,-1.91038599840866,-5.4157535244834,-0.830109575966082,-6.12530474193639,-9.5553200361151,-1.56720691727932,1.48137491628793,-8.53087042540863,-4.2977927954137,-1.62038276873655,-2.92657421650634,-0.403420705653662,0.07748060547347553,-0.13110185759761217,-0.08480730386276387,0.009258692004762032,-0.2501492564664631,0.1546941626995085,-0.00837606936009577,-0.1456914882008685,0.2628143422983299,0.21970535888131196,0.15289981032842598,0.07772326986880797,-0.17789455512177227,3.726917112375286,0.00914602738270384,-0.033016591430178176,0.05290605770699798,-0.30800433001677635,0.3107149361129042,-0.21430638216704329,-0.18109249596855728,-0.052899106734313965,0.3343751268127956,-0.040660359838964724,-0.5618750301659551,-0.04610966535992541,-0.3426493954253044,0.40689125432169954,-0.42138178239874563,0.04618646797378093,0.10569496554012783,0.15045368039963405,-0.9228064111898837,0.20020916149306972,-0.07591083690923901,-0.37700074751563534,0.37483242083115903,0.0831792474551732,0.23585435984557573,-0.05446294145077238,-0.2018668719076202,0.15002231918537298,-0.146530255074681,0.1802550423025146,0.20453118480751736,0.08671252677251977,0.0876745145982519,-0.00032739103841047343,0.7788888888888889,2.8818029070169673
38,1.81151355551616,-0.558266921216713,-1.17011494232292,-0.158339609912253,3.31529081406421,3.81009795244478,7.60007943997161,10.0486862098655,12.6264759838414,19.9724339972846,3.40718906858462,-0.797369257331029,0.643992386985277,-1.43151426733355,-1.47585449073761,9.33022567448914,1.8663950448176,-1.11720039047448,1.6975870235473,-0.380754947548869,0.957372489946856,0.0450227447595092,0.307763619957607,-0.845901203807157,22.1684739002624,4.16640325076202,11.0320401304236,1.41838373352637,3.68260752177938,0.982597095649077,10.9027917139102,12.8118380895098,2.81544157969078,0.570349602021278,-0.980937309395439,8.30691888795729,5.75841842240765,17.0228593128361,3.58984968262248,9.58036321355165,-2.5183229062849,16.2342704024007,18.015423400143,11.4632905166427,6.21998082225502,-2.90489630765308,-2.67163824666409,-0.503398054149701,7.69714104423594,0.15368590434376297,-0.19538690003108997,0.4498170417569494,-0.14514254737252108,-0.2573361346784311,0.30055744229656045,-0.1738638895255834,-0.016246727418648087,0.011793589224625091,-0.6370455844911911,0.15345117569859185,0.4365329069074309,0.5552048228007367,0.23880143987514163,0.009146027382763438,2.800946693279698,-0.04243257024960534,-0.28920693444484313,0.0016563585625245444,0.12347045091341954,-0.22320138441175147,-0.004187909798412039,0.5768759202862823,0.031782472221330835,-0.15709798834186048,0.3040778853352161,-0.3791482301223144,-0.060859028455833616,-0.33831702339135494,0.036546388993121695,0.0709755923178854,-0.16200378608639146,0.25992679727809487,-0.16555384541655216,0.01129371430532868,0.0770600419578514,-0.031001750800207367,0.1736572383663278,0.5281523405438192,0.29230771603114986,0.11200226541602473,-0.02962395631182567,-0.23263497522942983,-0.27401787207362316,0.1593194570038753,0.11972073518054731,0.0032916720516112654,0.13119755128291372,-0.4197127757384656,0.1401388888888889,3.0529044653393833
39,0.215440169831984,13.6948425637089,9.20582474624149,5.3889115302078,-3.10524327398887,-2.08341137466352,-2.6138910787965,-2.59075569789922,0.697487593353884,0.947463491916427,-3.31217047200096,-0.314613222000295,1.86421969023497,2.22534680709874,1.46606712213978,1.8663950448176,7.38684302427868,3.67989989010887,2.96887128054747,0.213119008582193,-1.06354061097949,-2.23250795543454,-3.07138888189759,-0.157108494668611,10.0490950595994,6.4706693342693,9.9620203736421,4.69868356396801,2.00734389968921,3.82320600377801,6.93147795269005,8.46156997413117,0.853142053079776,-0.27688590625065,-4.00970661025216,12.5462348774913,0.560960444214623,7.85807101940272,2.56415059163556,5.87824651285105,4.40873999613508,7.99299308794204,4.55234090037191,7.73938235417853,7.02732691950691,-11.6959054013231,26.2244340279771,1.85673429355957,3.73729819306072,-0.21398961688190596,-0.09224419324183161,-0.20455565725389255,0.005904978865752554,0.14827452055131526,0.08093454241090899,-0.015289836396644193,0.13885968500838342,0.012371383083553875,0.11097668006302712,0.10452470441169445,-0.048351440010156774,-0.06301365939481342,0.046988037013314006,-0.033016591429926516,-0.04243257024940617,4.2183976614483365,0.1813131069870767,0.17189098346875303,0.010906312700702261,0.04104337576749,0.33911602939276553,0.32779961440747585,0.12947192523360285,-0.29684223746614474,-0.1872264684096149,-0.7260947847569469,-0.5200974716258968,0.1532964516822244,-0.2584115952556038,-0.10710559108580109,-0.036846653327231,-0.010872766262845127,0.45522195051341224,0.6088856988133653,-0.06209859730688315,0.10314451192431383,0.19443978599290013,0.08558353983130089,-0.2820470592709232,-0.09606335360350154,0.20056638442323743,0.15787407923020583,-0.12692469591066213,0.07613570977929424,0.23251090501971544,-0.1832039146616076,0.010386471689486896,-0.06554781516782018,2.7879761904761904,2.716034429877257
40,12.7597700622253,63.0367844416036,31.2525543150053,14.6773100963142,-1.55406975592721,-5.67771114448775,-4.55360343688567,-1.06960227240482,-12.4572387622345,-11.1812328219009,-3.42556224122608,-2.36066041828681,0.596687885877543,3.30079847993732,3.02582871012339,-1.11720039047448,3.67989989010887,23.1777921455939,1.36036110539356,5.11569543391851,5.7802383063257,-0.446747936801811,-1.82552148768441,-2.78777727838671,-12.9289719954782,-1.11191993802323,-2.15904160613169,2.06463499357213,3.17973508443605,1.01730219887082,-4.83344452488445,-22.2177435003897,-6.24344925025384,0.655601853835642,-5.93220279697531,-2.08882345154342,-8.31397035107702,-11.6115563132652,-1.91389218280083,-8.76393062954475,2.44387802274268,-10.2646395374049,0.340584675077897,-16.127585812931,5.97396614970943,-15.676914606094,5.65953544910941,7.70056571488236,-4.71500676754758,-0.08299063747698827,-0.25239310470494586,0.019267536883621688,0.09030027896078588,-0.039457509818972544,-0.3666421728754936,0.3144176303467111,-0.17413650640760936,0.4778973881972678,-0.3159669137097371,0.09192840776679652,0.3404662930600333,0.2568455570490581,-0.13662724012603703,0.05290605770694726,-0.2892069344450524,0.18131310698716144,1.844178470243977,0.03866744527195642,-0.4018258707421008,-0.2371870940814632,0.32583709707764946,0.0020182633615579548,-0.07702270362240203,-0.1000050170150029,0.23739513081117622,0.14583094186139003,-0.30006231443118386,-0.39862720619830794,0.07161650219288304,0.4818509469483297,0.29610765356870217,-0.0906985601439578,0.03881080115876576,0.2712870004437125,-0.30500777372426585,-0.12592554125139982,-0.31821001013269384,0.3020115394255017,0.09541273444082565,-0.1073727142989378,-0.014642208446963548,0.022140512593415478,0.23961649529493667,-0.1900980939433646,0.1595119404373246,-0.1222973395847549,-0.35980024535801,0.38149402139686595,3.175,4.813293274421773
41,4.63587742524192,-28.2706437399933,-23.0688759718955,-7.34884341714703,-3.97134305528358,-9.35084390972322,-18.2447754872944,-20.9406709269208,-26.6918981327499,6.1216794746569,-4.16678861070246,-3.74632356800494,2.39929695845473,-0.722744206008711,4.57597592856889,1.6975870235473,2.96887128054747,1.36036110539356,51.9117879948914,-2.17345352678168,-0.126203567128541,3.06547299096991,-9.14462935670367,-1.58731381353818,6.63546656078924,10.8948077621294,19.3733381801294,-1.21550393762324,-1.61928183300573,1.49374403008769,0.689212747234613,-0.2501138913343,4.85081941444905,-5.72961298596718,-0.983925453191741,-10.5086618061522,1.95431425638006,-14.4793989229024,2.97973840143043,-7.4192543916533,-7.73031026702445,-8.01932651012341,-20.0459747068227,-13.2788710126437,35.5774271422622,-4.69651494858778,-0.999320069633472,-0.440450044768209,-3.36992252738989,-0.07222531660237005,0.03390139823812816,0.15601482060731417,-0.29913544127674413,0.020531608994170458,-0.21180078702782787,-0.04988805974867808,0.24125420777972473,0.15066233291822195,-0.23946745272731873,-0.259419318508517,0.14586020834015545,-0.11413114744707636,-0.2294158810249501,-0.30800433001664734,0.0016563585625619071,0.17189098346870274,0.03866744527201649,0.5771245982510473,-0.14953799932543446,-0.2343033290855293,0.06837463240109071,0.10787191017415876,-0.143568023423514,0.014393208008943916,0.008532668279304212,-0.06210331873660169,-0.15764359870884334,0.03363852285203609,0.04080226452116697,-0.2479624225553429,-0.1075255339879604,-0.03162005219092241,0.11734763176169281,0.1580227018149307,0.14402434338125797,-0.04549684849284521,0.3239680628487511,-0.34979883329920913,0.042842546651972714,0.07434503515359772,-0.05958062604870545,-0.08621517102942611,0.13422756376604017,-0.07934189991073497,-0.025830284882398993,-0.11404364868851866,0.1260846913033084,0.1850361936584956,1.9111111111111114,7.204289555181097
42,6.0855148102998,10.8996467387519,4.16040699352721,-3.34445032981227,-1.4637159118781,-6.96251587157965,16.6977074196653,7.54369522271124,-3.34851086929137,-2.98729283593956,-1.10820668440889,-1.91251352038116,-2.00643789671806,1.1639420134034,0.329214619435975,-0.380754947548869,0.213119008582193,5.11569543391851,-2.17345352678168,17.2168649425287,1.88611044987769,0.843054482369254,3.08257413323953,-0.835889879804893,-9.07519928299253,-2.84965772847308,-2.31568444220649,7.72797959676126,-2.14883811266316,3.24553390004715,-1.45939429589563,-12.2452055961745,-4.4936537954362,7.34648986998353,-4.97274150262213,-1.64439743530261,-11.4069642912341,-0.198338560652732,0.827855435152895,-4.82309882307053,-0.9646670955688,-4.14601270075579,-5.15414198291987,-1.27003530489128,2.17625576810051,5.28559027714294,3.04476261335027,-5.88472563620651,-0.791876920788414,0.09597184776192368,-0.001227193441807356,-0.24944896518151471,0.6111475694752811,0.1484821775389351,0.30516895879326766,-0.38884906080754955,-0.1459041302567433,0.4173668272443366,-0.005442281838633672,-0.14919379656803275,0.055246838677919,0.39225089350337716,-0.008466903722294467,0.3107149361129593,0.1234704509134533,0.010906312700962215,-0.4018258707420754,-0.14953799932544048,2.4046836493180965,0.03429420296815957,-0.09212717826313707,-0.19552386433997498,-0.2758965080093544,0.13842080456067526,0.45991595119347584,0.3330180931999875,-0.6920717699438759,0.35616725586815906,-0.3528653701457027,-0.35692376795238356,0.11292801365482248,0.10487035161093584,-0.36050516626788887,0.3544955393125275,0.23310581330912747,0.3728905274732931,-0.5414016714304861,-0.14468382705275576,-0.11248526885352768,-0.024500486716434493,0.03636534376700913,0.0649227875661448,-0.033064518796792584,-0.2662020819453712,-0.05807396909375214,-0.006324675802448036,0.1008674013134001,-0.2440729433483024,0.8183333333333334,4.1481158304137
