,Cov_0,Cov_1,Cov_2,Cov_3,Cov_4,Cov_5,Cov_6,Cov_30,Cov_31,Cov_32,Cov_33,Cov_34,Cov_35,Cov_36,Cov_37,Cov_38,Cov_39,Cov_40,Cov_41,Cov_42,Cov_43,Cov_44,Cov_45,Cov_46,Cov_47,Cov_48,Cov_49,Cov_50,Cov_51,Cov_53,Cov_54,Cov_55,Cov_56,Cov_57,Cov_58,Cov_59,Cov_60,Cov_61,Cov_62,Cov_63,Cov_64,Cov_65,Cov_66,Cov_67,Cov_68,Cov_69,Cov_70,Cov_71,C_0,C_1,C_2,C_3,C_4,C_5,C_6,C_30,C_31,C_32,C_33,C_34,C_35,C_36,C_37,C_38,C_39,C_40,C_41,C_42,C_43,C_44,C_45,C_46,C_47,C_48,C_49,C_50,C_51,C_53,C_54,C_55,C_56,C_57,C_58,C_59,C_60,C_61,C_62,C_63,C_64,C_65,C_66,C_67,C_68,C_69,C_70,C_71,Mean,Std
0,126.692951641105,40.2829245971937,29.78139890178,-11.9065655834736,-1.99422900678009,3.7822302025546,5.6677976532247,-1.46934205190664,-7.59870107236026,-1.51684016106076,-2.60510692937026,-2.67346772432319,-3.3514254297779,-14.9961706887372,-1.41960794940262,-0.076925253739044,0.932878111013187,2.66102211549534,0.118477761418601,-5.10735210407843,-5.90263330184574,-4.61896745469022,2.07159497205742,3.70625897183337,16.9987911770251,5.40559085225145,1.17560924562581,-3.83359718761048,-11.6478411307379,-4.33722211636077,-9.1176018579386,-13.912428065765,-17.5627153889263,-20.0849017080577,-22.5537523920141,-24.6727518948498,-16.628085080792,-22.5777353126477,-21.0328203478178,-12.8315164323698,-0.889438452855122,10.7600773681718,-14.774501961977,2.29673410000009,-23.1934863105684,-21.0578546640885,-8.9607741644957,-9.330196289193,0.17905836852227297,-0.0016450172112728618,-0.03953825732296405,0.05693690315562228,-0.0403886383639157,-0.08556181460461572,-0.04964271211503279,0.09565989287056516,0.12019135342940114,0.1880486323241461,0.08022640842157545,0.06495402718962215,-0.04194735611394423,0.004348631579465283,0.01625117055364356,0.031932174944648714,-0.001907781138108963,-0.0001548783052872647,0.06141154879141236,-0.009733031638329094,-0.016104559252508314,0.007269313943517251,-0.05061227235779985,-0.09233769588364173,-0.13839132038306212,0.032343380169390624,-0.03910299148550523,0.001439163676783626,-0.03831034234153606,0.04243138982470417,-0.024905550598524232,-0.01750284827053977,0.04095552363268331,0.07808674280953938,0.14792491450125433,-0.10964891308378835,0.051806354101742225,0.05222802214088757,-0.019348502562548605,-0.0883731184587914,0.04111277146621165,0.0024688765532068667,0.028668451259636907,-0.06210967103363745,0.018474726022236983,0.09725339471980303,-0.17113446974466331,0.12579457381927447,-0.8899358974358974,11.255352133145589
1,40.2829245971937,3799.70831879915,999.749147922325,2642.74880323797,1528.63840544504,526.053449033287,224.718848937203,-0.673825331029941,-49.8115652686897,6.81292947711855,-22.4657144485457,-7.2455573214451,5.86363350071487,-73.626406978362,-21.4392648533615,28.9943990518018,33.5991633574207,38.9617815368426,-25.3474015420679,-46.5736749935009,-42.7000358805475,-37.0918602957338,-1.97912559253508,6.35188718653895,7.99942307734891,3.56271789327737,-0.0993110677302879,-9.1502259447757,-71.1920734657193,-58.3891851307867,-8.98094026515231,16.9666638441357,17.7756220598891,18.9454793193926,24.8471498471187,-156.673562726957,-31.3559998685345,-111.181766779281,-125.394616166768,-113.891955658148,-91.9092279438616,-73.0230955153601,-165.222509386849,-87.886719042779,-189.230488536946,-175.213845674058,-122.707123469954,-75.6372968184071,-0.0016450172111823536,0.12084340399529821,-0.15555410131340736,0.08681106889187046,-0.38118157375872586,0.2311893218508491,0.020334287724402645,-0.020649625808990123,0.014379816035243347,0.04709608058853764,0.01631670299901782,0.031144651119426717,-0.019779791021976165,-0.0026419129333498065,-0.0026471538902800174,-0.06633369533111202,-0.03677276391359069,-0.003308968719696925,-0.06351751103836532,0.0270980546262774,-0.017006827891864324,0.03034276328656641,0.02275398527509442,-0.03469278700897758,0.0077203115343445865,0.04102992531900085,0.01600309325277922,-0.04027868042188247,-0.005383595861323318,0.046112952004349776,0.029529366789479147,-0.0012382769769419954,-0.018239553269529696,-0.05162296432847526,-0.07728253715019807,0.10222260702730472,0.015113403146252093,-0.043603971284142964,-0.00033516634410454057,0.09586379972863456,0.012385489421203882,-0.0466734547790219,0.0001875581146906699,0.04465551402752857,-0.0319723646890455,0.021903557553853002,-0.09197804014442405,0.04863676749413843,14.33101343101343,61.64169302346543
2,29.78139890178,999.749147922325,516.646276997523,847.463679411131,345.80123820639,136.998750203323,41.6482406955916,-10.3325074194103,-20.7861179635875,-3.4946319327366,-0.350883511284371,-1.13185308632406,-2.82219810256284,-44.2509719593766,-10.899864356315,-4.40226142058164,0.438806820575762,5.64414987747503,-9.63761853929306,-17.5140837040323,-14.0646272322337,-15.7881028410194,-3.68471225680463,-4.01176447574157,6.87213136850608,8.99344980013966,11.7520101477212,11.9952551203928,-21.6020693172806,-13.123843391585,-1.7685384250459,0.191448932377437,-0.207759496791323,-0.398452625000589,3.10746054647571,-39.8172435941721,-5.33019244266478,-49.9000016170257,-56.2106703696197,-49.7750666097574,-43.7520945316487,-38.5931358609069,-87.1704921646313,-44.3418367294396,-77.8206310462277,-61.7184609201563,-43.5724116106281,-26.0482446827862,-0.0395382573231274,-0.15555410131314643,0.36054685604887654,-0.23601507540713454,0.6982616361921895,-0.38906001439398624,0.022279240884316556,-0.020332841329720838,0.035133803522441505,-0.04961440312265305,0.022433838282837466,-0.05940521430318615,-0.057731327344524484,0.0009229240163241821,-0.0001502729516455169,0.045931692393646424,0.053930432351379,0.029982375875539723,0.058070503836597294,-0.01453237519767879,0.09864694649024486,-0.0564729397230285,0.017838494943937373,0.05914081927271986,0.026757173668577005,-0.026404923661298964,-0.006722794313337226,0.035158234773589224,0.018565305688783448,-0.07243860637821845,-0.047161212682314956,0.04264303663027624,0.03174372025543743,0.046587691616007634,-0.07725112497339942,0.005127877178743702,-0.07870740771937719,0.05003586054636954,-0.008388257325338887,-0.05830949227185759,-0.05710034066463181,0.06072172752383003,-0.009038045108920907,-0.058775934257124025,0.038186165968717524,0.01048196068105495,0.1754449385275293,-0.20526189742262108,4.426962759462759,22.72963433488369
3,-11.9065655834736,2642.74880323797,847.463679411131,2484.16558092025,1263.02511159902,478.193860500031,228.406034561334,-0.956736723239925,-40.0412845704013,-5.02018906204803,-9.92162452484337,-3.14806808604648,2.33872830599655,-68.2893774111129,-21.7564169274662,5.05570513934494,13.726743300967,22.8063727506704,-17.9107329915329,-26.1793367536273,-17.4968731548686,-16.5728996673591,5.45045653492611,8.63752788426182,1.6345537317162,-2.23073317432707,-9.42729832670464,-20.5658620732383,-60.9683281349619,-35.7352421065861,-3.19211401227357,18.9197048904881,21.9719891763628,24.7157607771074,33.6740001302191,-78.15408402088,-28.994173668881,-112.968339640264,-107.21905261118,-82.9215567722048,-74.0787506423185,-66.950507166136,-147.148287815843,-81.7327201256284,-134.558269957394,-116.371544700766,-100.256830688887,-78.7454569838717,0.056936903155748744,0.08681106889168776,-0.23601507540715252,0.24252754305689425,-0.5277318872542819,0.18629164733461925,-0.05522856893263587,0.07126815584373863,-0.005373372434750925,0.1371617735738555,-0.06674608033926806,0.016215468861070025,0.10693838931937653,0.00965878688050047,0.019525398382981094,-0.007555188338365033,-0.018662630318697925,-0.04640293010564124,0.04893274523812778,0.06362016849972003,-0.1165043601507893,0.033243247246771586,-0.041848873944241596,-0.01474715795862086,-0.04264091842072918,-0.01892314911921189,-0.03523416575497423,-0.038811871062989126,-0.019614250472453347,0.00565474854731934,0.047999745720526885,-0.04473367245024602,-0.0028176377708435635,0.015351155493992016,0.0780265679735647,-0.06343645118371759,0.09115404042209894,-0.02538734906741021,0.043185321562134955,-0.04610413324960604,0.0499836923480752,-0.0008674599353246063,0.023172358098637835,0.022167150063216918,-0.01233039387132588,-0.03014148759732769,-0.1668153221805048,0.26527975761431855,9.056245421245421,49.841303964886876
4,-1.99422900678009,1528.63840544504,345.80123820639,1263.02511159902,737.642967579271,271.871871657241,128.681118210454,1.38698793585527,-17.6441483172244,2.59531936912467,-8.81528211390727,-1.36750559486255,4.87555059566612,-30.61126908789,-6.50127106512072,11.9027872950371,12.733568946642,13.68586656417,-8.48442190709001,-13.7893644502095,-12.1578122996788,-9.44376053591679,3.92146544829072,8.80309464576338,0.498331781273007,-4.08007676210336,-10.2133484548078,-18.4543751660857,-35.9270265213495,-19.0842787773233,-2.50423719617061,9.29749467396642,11.1222257232424,12.8197626984406,18.5076792693278,-49.1514484961364,-16.1703811201687,-47.9126559809983,-43.1529191575175,-30.8951092704436,-23.021748649146,-17.1145769619095,-27.0800569660408,-13.8775077173822,-45.173430339258,-49.7594877594784,-43.442797022737,-29.4958214054412,-0.040388638364282164,-0.38118157375831163,0.6982616361925289,-0.52773188725449,1.8318436287223498,-1.1965147473009887,-0.007854073247393047,0.0359091912842178,-0.060408553118517186,-0.08581005504535083,0.11286308415426671,-0.010519341425123688,-0.05810315687496562,0.013632227998704147,0.030657437250185916,0.12977946428153053,0.014084106888718452,-0.07556310271572157,0.22039118312279582,0.003939298192906629,0.18849884437401468,-0.07942253161372502,-0.0053035056866768526,0.04477517828950125,0.05982060616635981,-0.039652894670496805,-0.009115555530505234,0.13003046536936885,0.013377170351240041,-0.10500786503319233,-0.07188900932473824,0.0324195752055277,0.034929677443397915,0.10524831516959068,-0.07556356761816224,0.006593974999352352,-0.12444885299547934,0.1751581806659097,-0.11399681886491018,-0.17075758728418158,-0.12199123738651561,0.10936781322767115,-0.01821189663188452,-0.08416940597951225,0.04460035391599452,0.0865971316343628,0.3464724628562363,-0.46433761735832657,2.2891391941391945,27.159399249233616
5,3.7822302025546,526.053449033287,136.998750203323,478.193860500031,271.871871657241,111.089310735172,47.4576202593054,-3.03533473322047,-6.34551023239506,1.62729879307617,-1.54370451434341,1.11902743531516,3.24740073594528,-8.78678359839487,-1.48017969927569,3.20844335388631,2.5515841166949,1.77394716639598,-2.65919766137573,-3.29695816598793,-3.20676776308624,-2.15433095938526,2.22585212935253,4.60208773198243,1.29829486360215,-1.42680179402071,-4.60667616681465,-8.86058910606349,-12.2380375067043,-4.90400735379554,-1.29064932213426,1.10557564043873,3.18308384162615,5.25509891851438,9.65583842026998,-10.7822156385464,-4.22865136770651,-13.4540807574099,-10.2024629781448,-5.31071692904809,-1.80838524145487,0.216426582970309,7.33559586768981,8.63824563088566,2.85933571940138,-0.167790369122462,-4.41461825109133,-2.41019123629979,-0.0855618146044484,0.23118932185085278,-0.3890600143946025,0.18629164733499604,-1.1965147473019917,1.5703661860549731,-0.035176061854587555,-0.029441134335802404,0.12597679638341427,-0.4759647422264109,-0.07391196917226234,-0.13880163545140284,-0.11004813533653089,0.005562626136151395,-0.07170529486297701,-0.10435512232935198,0.14114619889551097,0.31587827483740266,-0.4678697045887726,-0.4216987350271563,0.01955977251147332,0.05587932534187889,0.1330702703026149,-0.03692151620419196,-0.0172084202115233,0.020504575219368795,0.05984038675988861,0.03353866606797425,-0.044024292859745684,0.10772850171566027,-0.01120452592064303,0.01939640414863788,-0.022449184734399278,-0.06839914921720587,-0.037328360858506236,0.013333508982475433,-0.09538815338024356,-0.09655957677626276,0.025350344497525462,0.1574204135526871,0.20967913252502451,-0.1733917894013842,-0.03415685061971246,-0.01716050275514415,0.04679329651585937,-0.20285213300582758,0.09863910120314222,-0.02188123571643763,-1.9474114774114777,10.539417001673842
6,5.6677976532247,224.718848937203,41.6482406955916,228.406034561334,128.681118210454,47.4576202593054,91.5699716113361,29.5251538187309,-0.35596525499227,-5.84620780154836,-6.07389362555125,-3.13871481514746,2.61231058171924,-4.54080691475295,0.791157387392123,1.48888329405762,2.59846136324428,3.68253470442881,4.05145293283514,-6.77381070239418,-7.17425932661296,-6.4137756020841,-2.28805205637317,-0.43686124904798,-4.14966958947633,-8.20294613072705,-12.697285631787,-13.9041592457362,-14.5949642614502,-5.71653765031752,-3.46528351463828,-3.84911215022092,-4.59214418539089,-5.37029267623774,-4.03301429565998,-14.493463064598,-12.490136040536,-20.0367188213205,-17.7758417833989,-12.1606444078953,-10.0859603754596,-13.3921842981045,-18.3555191822815,-14.1026057316678,-17.2610780306623,-14.6512783447682,-16.9008534263439,-13.9182389824679,-0.04964271211504699,0.020334287724406822,0.022279240884310204,-0.05522856893259655,-0.00785407324748191,-0.03517606185450947,0.5221859571089609,-0.7462566088590398,0.10842599376935284,0.09828423815867533,-0.0800425229283789,-0.014325983952888647,-0.23301954264890243,-0.08424354834133878,-0.03749006596580931,-0.05053233496683652,-0.04332084766943062,0.13689461955207374,-0.031798299927709404,0.21938696421483092,0.13720259435185647,0.034981970204398236,-0.23882432237083354,-0.004882752642381863,0.05098439806272626,0.06682000845155855,0.1336816764325604,0.03915263054485253,0.1755295306051973,0.03568069489336746,-0.11237807261107573,0.19725396130042966,-0.007752896664176852,-0.25705373734696196,-0.015110354802030407,0.04856756265471767,-0.013732353709805354,-0.0967897674806181,0.09191374006231656,0.19265775288301018,-0.2151591239866394,0.05220543039587285,-0.027086916740422063,0.03370427938493618,0.004837200121526489,-0.03372744114421527,0.04471440030935297,-0.026531366978205188,-1.2928510378510378,9.568697487711482
30,-1.46934205190664,-0.673825331029941,-10.3325074194103,-0.956736723239925,1.38698793585527,-3.03533473322047,29.5251538187309,16.5886387963152,2.73223893786255,-3.33370194525427,-2.29502095886888,-2.19666639256832,-0.441904277613008,-0.94932728615187,-0.166705420292756,-1.16059668479436,-0.206068889115626,0.709003980947662,2.34254959743706,-2.45773241872059,-3.17739472123252,-4.01622313308972,-2.41801850653455,-2.03069765509631,-2.231523664917,-2.55615287300071,-3.13988708502519,-2.09804873625521,-1.94962763670289,-0.424712117202049,-0.486791383334346,-0.872761882703196,-2.9941647039834,-5.1329371961549,-5.2792949655774,-6.54572584722533,-4.38889624863694,-12.7697769612358,-10.4738517348211,-7.77404434152085,-7.15889793491688,-8.84235886951394,-16.141014633229,-9.83159273519544,-7.59461677778479,-5.42976904363476,-4.0655476540244,-1.79379048962994,0.09565989287056503,-0.020649625808945388,-0.02033284132981354,0.07126815584375598,0.035909191284148816,-0.029441134335786427,-0.7462566088591207,1.8505114743601676,-0.5098226541401174,0.1537785880022263,0.37034316485361424,0.28680278163426465,0.25227382438300017,0.061597951176467956,0.18894018563855045,-0.04744519060020711,-0.025082727014973268,-0.32220368774083913,-0.38435144118358466,-0.29360429684669004,-0.2793742852742049,0.04705711099092455,0.29734863275381435,0.051899776691786,0.0009394209765785146,-0.023861034213137056,-0.13781085568227547,-0.35123717761815876,-0.2073474187632539,0.12279730380847115,0.03882384601881389,-0.39114940824081784,0.04774457295417267,0.5771284147253458,-0.07522679885657042,0.043680308803808396,0.20536082457669602,0.13320009391836313,-0.16702243597145572,-0.11055309902724232,0.0598185806818916,0.01081798766082038,0.07512194824352061,-0.008180511145552754,-0.08442221304939718,0.09226836989168456,-0.04824265898359106,-0.02420104335717029,-1.2716239316239317,4.0716874629955555
31,-7.59870107236026,-49.8115652686897,-20.7861179635875,-40.0412845704013,-17.6441483172244,-6.34551023239506,-0.35596525499227,2.73223893786255,9.06323275862069,-2.24883960508184,1.3961116435658,0.217370783442746,-0.433213374349636,2.38482948791213,1.4520691405023,0.839044024410587,-1.16463097067958,-3.23345775237888,0.813878454401417,1.41117893976878,-3.46359263864193,-3.21615826217838,-2.91742853039672,-0.607131202427566,-1.89375650465877,-1.89355831463199,-2.56332259690982,-2.78417437207119,1.68449098452938,2.93524532940703,-0.897217751861156,-1.64008590892184,-1.05470519296431,-0.52601170355709,-0.943435758129387,0.889904052173597,2.5045133193816,-1.71780195864581,0.100345344614938,1.4513738549666,-0.692955656539053,-2.05254110183433,17.566042564734,18.4638905880818,18.495437082619,5.24927029762962,5.74402334049144,2.38721342731437,0.12019135342931851,0.014379816035106881,0.03513380352276906,-0.005373372435016752,-0.06040855311778781,0.12597679638301104,0.10842599376946777,-0.5098226541402342,2.001723511517474,0.5031635334406857,-0.08586931624382048,-0.0955866647746735,-0.03828699962755465,-0.033124103384584686,-0.13493057588576596,0.012393264296176052,0.2760241690097868,0.3929187977261928,0.14149215272069673,-0.3995254022776112,0.5703181569224636,-0.19850627428377787,0.3773458010330545,-0.06434835735767333,0.009855226379373918,0.024943000411715828,0.04229001206902933,0.19662696720032397,-0.007705982255792182,-0.05200217293036183,0.18029567306188007,0.12547934871237929,0.050526039194369134,0.017977424963656983,-0.25750188160096954,0.08066014597259392,-0.505781303144397,0.34951415696795607,-0.12375306254273655,-0.23087476085829933,-0.031740327197122074,0.023583950574623615,0.007205982188323752,-0.40269551308601953,0.2795487677336948,0.42996090050446534,-0.7365479303701105,0.18319715117868207,-1.775,3.0088590459874807
32,-1.51684016106076,6.81292947711855,-3.4946319327366,-5.02018906204803,2.59531936912467,1.62729879307617,-5.84620780154836,-3.33370194525427,-2.24883960508184,6.0551867816092,-0.392731371471275,0.0413631434843941,-1.22781353347028,3.85627953176689,0.541417621909632,1.63195663000833,1.1027702464876,0.909463078001455,-0.632960226601806,-1.87660801902774,-3.04772631881937,-3.44836551166152,-0.0843719127410124,1.53568860365077,1.30670648357815,2.00655381419216,2.20411364482863,2.0509442603489,1.30331870489705,-1.51960453893476,-1.21539284940149,-0.827462786931465,-0.507872361727503,-0.217036318805597,0.53052765620502,-1.09536447169466,-0.613036485959148,-3.19005285208841,-5.19817856382678,-3.70642188725191,-1.03209848228277,-0.236369235698985,-6.27562960642026,-0.485991684399361,-4.60699205698832,-8.26000524536391,-6.45710986184867,-4.69775664876935,0.18804863232412655,0.047096080588044154,-0.04961440312179405,0.13716177357334697,-0.08581005504344959,-0.47596474222754354,0.09828423815877949,0.1537785880020857,0.503163533440792,2.303589821471891,0.4868315147487565,-0.06926272742651703,-0.0651566068976486,-0.23776216989644638,0.039038121751737105,-0.36732599749243083,-0.16590361309821136,0.008818479144690937,0.2420867482858988,0.08973813172690502,0.2430175881111216,0.4414466401914599,-0.34657377695219227,-0.7544973066727964,0.09029411896082966,-0.3236788509023739,-0.45023490408220257,-0.2823623490215551,0.35183876063683756,0.07264929271417205,0.2133674684268441,-0.07258259231972257,0.02029095087394481,0.09866506340173958,-0.3001552061708721,0.23351467646175178,0.14949901168597393,0.005631141986633655,0.09352664974203417,0.02355786258975321,-0.48516235396946816,0.34678226960209946,0.10780991551689732,-0.05050053954841534,8.518790263129704e-05,0.00515506502530258,-0.2437257506038848,0.29379697534084204,-2.091666666666667,2.4586961547961135
33,-2.60510692937026,-22.4657144485457,-0.350883511284371,-9.92162452484337,-8.81528211390727,-1.54370451434341,-6.07389362555125,-2.29502095886888,1.3961116435658,-0.392731371471275,6.76316091954023,1.06685841160234,-4.60149217406418,20.9471647794559,-1.48624702764435,-0.342299469171235,-1.00930484450321,-2.1301823152717,-0.89074672359574,1.05198773328841,-2.0869930712049,-4.00524684772439,-0.223860269563811,0.847472067272342,1.09160194961171,1.25995251907258,1.39096520385223,1.71389721266809,16.3274950878134,2.49159298360709,2.22347281421367,2.1744286495442,1.96908439251602,1.78486620357198,-0.671538051392761,-1.57674989833707,-2.67314216250557,10.1162944178417,3.59419295262009,0.256221145837144,3.09447252181221,5.45041911802099,11.6968034117882,12.6706128757268,0.235118800198466,-7.11815440768618,-4.53288370797176,-1.35439385901644,0.08022640842134891,0.01631670299888427,0.022433838282986958,-0.06674608033964301,0.11286308415469613,-0.0739119691723233,-0.08004252292795361,0.3703431648529152,-0.0858693162440244,0.4868315147483941,2.906428012628529,-0.9524338252528147,0.3854774011936785,-0.025334254861916556,-0.1670729437723436,0.10519023991936101,0.17575284044539916,0.4147913142743978,-0.22015729873260306,-0.35673431704143854,0.3853924198298141,-0.1215443210636327,-0.2297246457339076,-0.41367052863538417,-0.5061350670259736,-0.0544725796195632,0.13701415965089012,-0.21232338812882676,-0.26620706932992344,-0.14288558394446788,-0.38295907773431853,0.010869875596840481,-0.055883043658812026,-0.051132785691276925,0.03479389235096821,0.21621392030718714,0.1907314021964533,-0.33568217266533323,-0.06030480121172751,0.4866707148625987,0.0026871029759679616,0.004765308468706959,-0.010077966654105566,0.04869825281371053,-0.19295902621302238,0.32124071816437083,-0.08144705933611121,-0.24699590378094796,-1.8833333333333333,2.5986844594025316
34,-2.67346772432319,-7.2455573214451,-1.13185308632406,-3.14806808604648,-1.36750559486255,1.11902743531516,-3.13871481514746,-2.19666639256832,0.217370783442746,0.0413631434843941,1.06685841160234,4.78622126436782,9.27160831873193,16.6777390997933,3.28214756110227,-0.457474508875553,-1.0499736426809,-1.76191605077236,0.421752899701191,1.70749140934188,3.64280645587582,5.35181769810285,-1.54109505003542,-0.613447213906191,-0.660799718768632,-0.305136217187534,0.619564142180455,1.24155615384064,8.160501466277,1.93582649455405,1.11078568280223,0.0376049406074637,0.521235927693959,0.991531793895544,-0.973401744188011,-2.88461300486824,8.43864006412215,23.3798948802266,28.6473427631968,21.7196785588225,16.9173027856165,11.5602715836954,10.0596676083203,2.35051233972287,18.1818753571632,7.51012619536943,-0.986869627698548,-8.22604501311309,0.06495402718977734,0.031144651119155167,-0.059405214302546416,0.01621546886099205,-0.010519341424197765,-0.13880163545268606,-0.01432598395342071,0.2868027816349958,-0.09558666477418475,-0.06926272742525,-0.952433825251609,4.881329779612496,-1.0014859331902448,-0.2298316433414122,-0.2282478626335028,0.04856130515310423,0.0370060069593259,0.028978677749926803,-0.0818108603077078,0.0034242603101317893,0.1780510886205829,-0.03996433118755688,0.0017103053086661795,-0.07080587090499244,-0.3575765872801107,-0.2937862505111676,-0.03297349581657642,-0.016168694565755246,0.25755768839577686,0.014159821846923657,-0.02585221114192396,-0.1287826353106837,-0.09831848307288311,-0.0844741522194121,0.0002450324639281349,0.2061611623809732,-0.015030773351670957,0.002249389584978657,-0.1220837836265009,-0.1573627256492531,-0.21102979888232104,0.17636940109730673,-0.004328018042032173,0.08010724454130798,-0.07794728608660578,0.13134516718914951,-0.1547538891067077,0.016762489545749958,-1.4583333333333333,2.1854567633261053
35,-3.3514254297779,5.86363350071487,-2.82219810256284,2.33872830599655,4.87555059566612,3.24740073594528,2.61231058171924,-0.441904277613008,-0.433213374349636,-1.22781353347028,-4.60149217406418,9.27160831873193,26.0054022988506,13.0673951709415,7.92803992393077,-1.93023628216441,-1.81249695408988,-1.84544736435696,2.44976604344724,3.61320442866204,10.8778789086713,16.5211830104633,-3.50300439573881,-2.86701878192419,-3.16776319411421,-2.55523036332758,-0.598860371991294,0.718937996759646,0.634728497945193,2.19618985282552,0.683613240488267,-1.64842922931001,-0.290725762361964,1.01841192991375,-1.21351360581856,-4.14139399055683,21.8603139715302,40.8387270282593,60.0444631384752,47.2620067292215,33.4293632816422,18.6987165404537,7.28229241745716,-9.35757254070077,41.8175161341001,25.9082392592373,3.85224103381385,-16.2879109496618,-0.041947356113874255,-0.019779791022109743,-0.05773132734461156,0.10693838931934742,-0.05810315687469972,-0.11004813533667106,-0.23301954264882588,0.2522738243829948,-0.03828699962762212,-0.0651566068977961,0.38547740119287177,-1.0014859331901962,2.6962238976241615,-0.05849879716020177,0.02949947721890149,0.6039845589987066,-0.030370253947215212,-0.2827927202129978,-0.07815186706388176,0.023613897140030215,0.024032096877658882,-0.013496271986851476,0.11525018942857643,0.3732679924620984,0.22323016390928765,-0.17546124409775726,-0.06635448120079719,-0.01253839219255107,0.23541763828217346,-0.07330515580723225,0.3730802247378311,0.01177778679990363,-0.18267162604316786,-0.39020241532182426,0.029104813645628603,0.2738703056701076,-0.30431676570263055,0.25564373082515446,-0.1795737586858938,-0.47601044099637047,-0.27497125566055125,0.2066607778437498,-0.004117163508695739,0.18226037236678158,-0.06087202643069057,-0.2524523596712967,-0.0831664000933867,0.3646769668738861,-0.9333333333333333,5.098568651969937
36,-14.9961706887372,-73.626406978362,-44.2509719593766,-68.2893774111129,-30.61126908789,-8.78678359839487,-4.54080691475295,-0.94932728615187,2.38482948791213,3.85627953176689,20.9471647794559,16.6777390997933,13.0673951709415,362.337458492976,10.11207631421,0.630503033208486,-0.180776987385059,-0.357220281520097,-0.749577166187375,-4.41898679957824,1.85367398212585,5.56534225851487,-3.22082863594885,-3.0711719677398,-4.77592428105607,-3.64742100015024,-2.49700141361856,-2.60169591349933,206.402201895201,3.48483267233772,-4.64016273172599,-4.73482065574429,-0.444007290829893,3.71632713326086,-10.5210018168271,-25.175326946222,18.8339872949137,45.5787664292273,49.8732644508425,38.5395415321291,28.3704071351015,17.5072766745775,-6.00554065868922,-15.6109145530125,14.1191521242745,13.8966991558136,-21.0773692645972,-31.6798370452425,0.00434863157941878,-0.00264191293337564,0.0009229240165040966,0.009658786880373773,0.013632227999019246,0.00556262613579023,-0.08424354834093124,0.06159795117526797,-0.03312410338466461,-0.2377621698961407,-0.025334254859508777,-0.22983164334646716,-0.058498797158044256,0.799010288664749,-0.12740953220483617,-0.0977523545752103,-0.010292529419073685,-0.04400152836802584,0.11105881360754435,0.23461271331231653,0.008405998153493055,0.007368906226672503,0.019312349338360082,-0.02011345733572811,-0.12026041130910405,0.005778976227275028,0.189773402206368,0.45924541236460104,-1.2403514950509524,0.4898134369815998,0.1284262503058556,-0.02881302995841861,-0.009963319168975368,-0.02662358018899026,-0.11517647091652515,0.07126784549270976,0.016845781706902676,0.05422710564233434,0.034053027407735026,-0.18270671614342016,-0.11118850449434095,0.10490481482588618,0.0013799335411419044,0.03232139570877127,0.007834106396084018,-0.06967805817343133,0.02857813077551148,0.042148147125635325,2.0444444444444447,19.03490106338816
37,-1.41960794940262,-21.4392648533615,-10.899864356315,-21.7564169274662,-6.50127106512072,-1.48017969927569,0.791157387392123,-0.166705420292756,1.4520691405023,0.541417621909632,-1.48624702764435,3.28214756110227,7.92803992393077,10.11207631421,7.41945083014048,3.39727987977404,0.424369384095132,-1.96791025293236,0.71797132916753,-0.487268789016136,1.25761233400372,4.25501580473783,-1.51074267212909,-0.543337097008745,-2.28355564407742,-2.41619832485525,-1.98750861062209,-1.48253490439008,2.05273287385392,2.94275968294826,-0.129453031556582,-3.02354523551066,-2.66351708486847,-2.36025804035464,-2.13260285591627,-1.36068335207223,7.43765040470431,16.0067429869761,22.7836515977112,21.7592199238023,16.6637719953149,12.9135228212173,7.95045496726687,7.82739489037117,26.2508814049791,11.6075730637911,1.94941668291735,-3.6950009654725,0.01625117055372173,-0.0026471538904019954,-0.00015027295174028225,0.019525398382919373,0.03065743725007531,-0.07170529486304007,-0.037490065965876285,0.18894018563862555,-0.13493057588573668,0.039038121751758866,-0.16707294377232693,-0.228247862633561,0.02949947721887692,-0.1274095322048367,2.5767278651376517,-0.7772847462058562,-0.10842096256177891,0.2092126408677597,-0.37031795344376106,0.984052435885624,0.3512112366845764,-0.34487464684098645,0.2120775988277568,-0.16594643351676955,0.11743467964237929,0.455345063787166,0.1844850296737893,-0.4894601295558196,0.23299732930075087,0.019465800002583827,-0.14468836180001785,0.08003040086379296,0.0650266421920261,0.025834207349083878,0.0464439774076286,-0.0875055084928533,0.05295904576396571,0.2457940319097761,0.05565157973833662,-0.6725598636910676,0.08077764861045816,-0.08540307005424527,0.04054375618774548,-0.0217705892984835,0.007644873674792132,-0.10851456777356623,0.1010345706223261,-0.00456539495143446,-1.577777777777778,2.7220306445998146
38,-0.076925253739044,28.9943990518018,-4.40226142058164,5.05570513934494,11.9027872950371,3.20844335388631,1.48888329405762,-1.16059668479436,0.839044024410587,1.63195663000833,-0.342299469171235,-0.457474508875553,-1.93023628216441,0.630503033208486,3.39727987977404,7.42264367816092,3.94967427189026,1.07618690572416,0.541611285228195,-0.0889454286301433,-2.82191433348182,-1.33644257236495,0.528999312291256,1.36799031281364,-0.874174605022292,-1.95973716103444,-2.79218743089466,-2.99766281505592,-2.48195251305141,-0.548925195669214,-1.44370359070979,-1.98571189242516,0.102289310680412,2.18068997671906,3.20042099575456,3.11540510850418,0.131474707234399,1.97505909730446,-0.176815276711313,1.94204951010811,-0.759543028880613,-0.798364281165944,10.342390408689,13.3633984699369,12.2829552240173,-8.29718660468254,-6.29014314037699,-4.95825115047267,0.03193217494460749,-0.06633369533123969,0.04593169239392561,-0.007555188338432178,0.12977946428210446,-0.10435512232962092,-0.050532334966935016,-0.04744519060001376,0.012393264296191538,-0.36732599749269634,0.10519023991917348,0.048561305152793624,0.603984558998868,-0.09775235457501298,-0.777284746205903,2.2471960639259145,-1.3982853259381967,0.5314684942075155,0.08583086048869759,-0.43564624327356993,-0.06454237621310517,-0.032313422173578625,-0.29580558010651875,0.039310956849053856,-0.046403435289761756,0.15914380955423982,0.014360141357685452,0.033139125542425575,0.16699100307834944,0.15330911895636234,-0.010383480096010539,0.13291139544465602,-0.006490516274976719,-0.07986916653121509,0.2939004095394327,-0.04197324425744855,-0.2214901049372464,-0.25262477857147037,0.5243396103503902,-0.6703912152942292,0.36405566153287355,-0.1250976446666725,-0.022401902599285154,0.010278145584227702,-0.07500730056016357,0.2594318181960565,-0.223940671098354,0.0531902425735544,-0.8666666666666667,2.7226170641794116
39,0.932878111013187,33.5991633574207,0.438806820575762,13.726743300967,12.733568946642,2.5515841166949,2.59846136324428,-0.206068889115626,-1.16463097067958,1.1027702464876,-1.00930484450321,-1.0499736426809,-1.81249695408988,-0.180776987385059,0.424369384095132,3.94967427189026,4.79471424010217,5.75198121096278,1.38015864441743,-0.476588318012894,-1.83208478071094,-0.625788470334101,1.21487179062944,1.31067427355178,0.538495798373684,-0.6211025925876,-1.70710184478168,-2.22423734792322,-1.6096914925975,-0.614886767749256,-1.78660053479278,-1.25099191629072,1.12468086649607,3.50847539687917,4.897433709065,4.8981147529934,-0.665438190905052,1.56263048708804,-2.06524631006795,-1.95820983762363,-2.83780638867081,-2.71987492215864,5.22708310838369,12.9757157714729,7.6001866551864,-6.26468622413962,-5.20667835023724,-3.69799407098172,-0.001907781138055471,-0.03677276391332132,0.05393043235127928,-0.018662630318626,0.014084106888476186,0.14114619889586524,-0.04332084766942703,-0.025082727015104292,0.27602416900993165,-0.16590361309819765,0.17575284044554143,0.03700600695912005,-0.030370253947060295,-0.010292529419279117,-0.10842096256162778,-1.3982853259382448,4.177297535966666,-1.5013782703564382,-0.09955016174173104,-0.05752813929590201,0.2214461608353597,-0.09038348586854895,-0.34802206705792177,0.1759363414305263,-0.23847004950528927,-0.00042773325552979233,-0.003026797725736162,0.08136321393507666,0.008550750329148812,-0.4159585162099417,-0.023590638063502634,0.0890588033671288,-0.007102916750285246,-0.2708501043658222,0.13985747167144058,-0.03613203465046827,-0.050697325138172974,-0.14829437968140102,0.13286645698198177,-0.10997281770556117,0.20099197551010112,0.0387011545664675,-0.02268475630225989,-0.054637153067508513,0.0018613365744897686,0.01691771688692632,-0.009605281730630393,0.025332350412530343,-2.113888888888889,2.187398966833022
40,2.66102211549534,38.9617815368426,5.64414987747503,22.8063727506704,13.68586656417,1.77394716639598,3.68253470442881,0.709003980947662,-3.23345775237888,0.909463078001455,-2.1301823152717,-1.76191605077236,-1.84544736435696,-0.357220281520097,-1.96791025293236,1.07618690572416,5.75198121096278,10.6108061941252,1.93420567681269,-1.29958331881962,-0.650211775208798,0.650073954475327,2.31368803496844,1.50962071206246,2.18791351760051,0.904266115618521,-0.495528466264829,-1.39800976311332,-0.927523169743043,-1.26574663518881,-2.83419379859572,-1.3400978047968,1.38002871074071,4.12083002034019,6.96062409542508,7.33800264936983,-1.45234136086159,1.31679701401252,-3.66865084385093,-5.04687954301095,-3.50820410762234,-2.48566730855286,0.84290035107791,13.1341931579073,3.52580473674322,-3.73585714325507,-3.86448087741916,-2.3010193415637,-0.00015487830540431092,-0.0033089687198744936,0.029982375875723787,-0.04640293010582739,-0.07556310271548095,0.31587827483719494,0.1368946195520956,-0.3222036877408035,0.39291879772611776,0.00881847914463541,0.414791314274498,0.02897867774979662,-0.2827927202127946,-0.04400152836796512,0.20921264086770708,0.5314684942076042,-1.5013782703565683,1.9097770939956231,-0.3272640667501209,0.14203318886751334,0.4593253835652326,-0.3793923864608822,-0.14148533801240779,0.13432002899221057,-0.28109598590481516,-0.24710522402383225,-0.03545666977527122,0.11377060449466764,-0.011815308176127318,-0.1736757839703855,-0.017547832291888513,-0.05803175692181088,0.025303748024563817,0.15093165377431084,-0.11783281642963479,-0.18909053834034226,0.019066949916846206,-0.02392627186830795,-0.02597613640239859,0.03439619106531951,0.08370479097775575,0.0435577014226475,-0.00390889554716302,-0.21482643107370103,0.15319248119491113,-0.134489479292218,0.15293853983331346,0.03058399245215162,-3.386111111111111,3.255887927144477
41,0.118477761418601,-25.3474015420679,-9.63761853929306,-17.9107329915329,-8.48442190709001,-2.65919766137573,4.05145293283514,2.34254959743706,0.813878454401417,-0.632960226601806,-0.89074672359574,0.421752899701191,2.44976604344724,-0.749577166187375,0.71797132916753,0.541611285228195,1.38015864441743,1.93420567681269,3.83902298850575,1.12318988867341,-1.11737642667707,-1.19153346683716,-1.79263537171747,0.116434370543341,-0.376973432540639,-1.35183358931141,-1.96880587559325,-1.873266061872,-1.19893470895413,1.91869565179917,-0.808874616763256,-1.37323533881415,-0.0187604226027834,1.33942944381815,1.45921178701607,3.43956660420412,3.97216429456446,2.07219434034943,3.65382356729664,2.63470476627215,-0.225336860986088,-3.24821907053754,1.19692331263226,-1.81314439248403,4.11004036272517,-9.2179661354404,-9.91611902268805,-10.8394540801342,0.0614115487913553,-0.06351751103863257,0.058070503837237566,0.04893274523767892,0.22039118312397973,-0.4678697045894083,-0.03179829992768367,-0.3843514411835967,0.14149215272060592,0.24208674828565258,-0.2201572987325147,-0.08181086030818736,-0.07815186706393216,0.11105881360761431,-0.3703179534437696,0.08583086048855822,-0.09955016174152825,-0.327264066750186,2.5839060424975187,-0.025102468157837097,-0.4740787252144745,0.19106871362335065,0.36064492119086455,-0.5701761335645102,-0.5638933618385017,0.05627559454395444,0.2358338590687184,0.02560629272662286,-0.09440151774192727,-0.8029907719094649,0.3066541085252874,0.16260335789250335,0.06814027066796642,-0.12393629378235943,-0.012228353409378877,-0.16209941452128573,-0.014886471409974723,0.024500743501634035,-0.04362282368499838,-0.04450744359148305,0.21140494293930423,0.09530605757522294,-0.0076479997487930405,0.046767210325393216,0.046622076294043094,-0.14083562139822806,0.11484251814220943,0.22287752005103534,-3.4166666666666665,1.95678894838093
42,-5.10735210407843,-46.5736749935009,-17.5140837040323,-26.1793367536273,-13.7893644502095,-3.29695816598793,-6.77381070239418,-2.45773241872059,1.41117893976878,-1.87660801902774,1.05198773328841,1.70749140934188,3.61320442866204,-4.41898679957824,-0.487268789016136,-0.0889454286301433,-0.476588318012894,-1.29958331881962,1.12318988867341,8.25294508301405,8.01611721141832,9.81173533831018,2.93271746142169,1.00624647439204,-0.0677361154975383,-0.469843444118796,-0.460077056625312,0.106731897411402,-2.03165521426613,0.565441964718826,2.27324164677739,3.3101825046769,7.61851261979618,11.9268707607542,13.1760106044341,18.1013839416837,4.22547591429189,6.7838214596151,13.0295344062265,10.7705247266218,7.09278155924127,4.17330393908789,6.30856432588225,8.64576619487254,30.2933192900375,12.479331747876,9.44618229258204,3.4469435904142,-0.009733031638119696,0.027098054626202614,-0.014532375197892595,0.06362016849991084,0.003939298192592687,-0.42169873502720157,0.21938696421466777,-0.2936042968464738,-0.39952540227752986,0.08973813172703854,-0.35673431704153047,0.00342426031033594,0.023613897139977576,0.23461271331242176,0.9840524358859036,-0.4356462432734824,-0.05752813929612544,0.1420331888676218,-0.025102468157900622,2.713014589739754,-0.06977034071227728,-0.43358274955093973,-0.13658203892830617,0.15291722726727913,-0.013422881878758286,0.0389571232344627,0.027463874478929538,0.26450460490156685,-0.2788794600659078,-0.33293303486391723,0.03094547317588359,0.1851136030641009,-0.09137249760918074,-0.6081181684723374,-0.03138932354322134,0.03674433503966179,0.3438347717772976,-0.016471399068803717,-0.10944673048133267,0.04789606276439356,0.036695625012568234,-0.0697681667945086,-0.024838585093803107,0.3222667320149946,-0.23843080882293807,0.17903761759525452,-0.41269455619053164,0.36483439759706926,-1.458888888888889,2.8710529571942853
43,-5.90263330184574,-42.7000358805475,-14.0646272322337,-17.4968731548686,-12.1578122996788,-3.20676776308624,-7.17425932661296,-3.17739472123252,-3.46359263864193,-3.04772631881937,-2.0869930712049,3.64280645587582,10.8778789086713,1.85367398212585,1.25761233400372,-2.82191433348182,-1.83208478071094,-0.650211775208798,-1.11737642667707,8.01611721141832,22.5084853128991,27.1606160888744,9.52838044224236,1.41754964581175,-0.389005897206368,0.637105593432114,2.43391766822938,3.5342341487822,0.358915531402918,-0.629471714365313,4.03364421654307,6.29609618338373,8.7869872916129,11.2546638103851,12.5545435108193,16.087642542578,7.72487115714343,18.402273109342,31.4285662724668,26.768431878478,22.5753188667208,19.1499054417165,5.07230462823535,-5.44932948014236,24.6811690437533,44.6175040766812,30.8048428870691,20.0637950227504,-0.0161045592526326,-0.017006827891807425,0.09864694649039038,-0.1165043601508852,0.18849884437410194,0.019559772511559253,0.13720259435190615,-0.2793742852742872,0.5703181569223562,0.2430175881108024,0.38539241982945965,0.17805108862062846,0.02403209687781479,0.008405998153504566,0.3512112366846128,-0.06454237621313405,0.2214461608352036,0.45932538356519964,-0.47407872521455047,-0.06977034071220015,1.7918370254948812,-0.6043222404483566,-0.2767302513649599,-0.08532284550609587,-0.09487949033484633,0.001078563639039449,-0.01934870530347073,-0.01619836357145359,-0.04868899080055225,0.18439557632402884,0.464430723598763,-0.3711805249365064,-0.21510014983024434,-0.2022392270914567,-0.009792328515671652,0.09610546284116353,-0.1880163551221428,0.10529239954853999,-0.07596523431204476,-0.2910684622355279,0.027272601354094865,-0.04527877503580178,-0.027103929448180252,-0.04679060411546276,0.07275377616399731,-0.06485026272402451,0.1165316982792223,-0.21621662573364264,-0.801111111111111,4.743256825526013
