,Cov_0,Cov_1,Cov_2,Cov_3,Cov_4,Cov_5,Cov_6,Cov_7,Cov_8,Cov_9,Cov_10,Cov_11,Cov_12,Cov_13,Cov_14,Cov_15,Cov_41,Cov_42,Cov_43,Cov_44,Cov_45,Cov_46,Cov_47,Cov_48,Cov_49,Cov_50,Cov_51,Cov_52,Cov_53,Cov_54,Cov_55,Cov_56,Cov_57,Cov_58,Cov_59,Cov_60,Cov_61,Cov_62,Cov_63,Cov_64,Cov_65,Cov_66,Cov_67,Cov_68,Cov_69,Cov_70,Cov_71,C_0,C_1,C_2,C_3,C_4,C_5,C_6,C_7,C_8,C_9,C_10,C_11,C_12,C_13,C_14,C_15,C_41,C_42,C_43,C_44,C_45,C_46,C_47,C_48,C_49,C_50,C_51,C_52,C_53,C_54,C_55,C_56,C_57,C_58,C_59,C_60,C_61,C_62,C_63,C_64,C_65,C_66,C_67,C_68,C_69,C_70,C_71,Mean,Std
0,7.48911877394636,5.65256609791794,3.47068152869605,6.13968745725166,3.85971766640623,0.101035807418427,-0.574334126557313,1.88773466792157,-2.49354987227995,1.41504639389543,5.03758711544588,-0.235971060761897,-2.33193380407249,-1.42120798343173,-0.411983668665681,7.45397605802475,-0.646960328600287,-0.349620960006354,-0.158491614741575,-2.80876638435108,0.884530488944755,1.20524404380827,-0.556545980541621,-0.768567022676566,1.5976322802306,0.581611075400573,0.723771085846584,5.00477242614937,5.1643278495203,1.80043626878039,0.650833908758916,1.58797715829679,1.51483113060692,2.50490568998392,1.34637803264277,1.42032506607545,0.230127730250882,0.528846366763248,-2.40298885711478,-2.86641406645399,-6.02754222896541,-3.75920394479251,0.236054729009723,2.71002795553153,2.41347778831205,2.72204546583991,-2.40350787070255,2.7353565843640357,-0.4331637880155909,0.07661915766361133,-0.3462047063335356,0.08715566615448819,0.2325112702538006,0.1033586405012706,-0.35055425539015994,0.4396258653291955,-0.14013852087231446,-0.6513935773455816,-0.16924964761743022,-0.12766826683766408,0.17137834664502793,0.19796912690849586,-0.005777036278177237,-0.05318610220284253,-0.07151690769840416,0.02105263569140759,0.20899859313953842,-0.5022918541880897,-0.3246872433909521,0.026388116756711485,-0.2059373306248119,-0.15920911516684447,-0.5147701344381634,-0.04098415783799906,-0.5005757836089484,0.25414990328048137,0.12860582721841554,0.03700149188319055,-0.06555291433755545,-0.012147233478357384,-0.06546002080625819,-0.15183660403166863,-0.21752651732752495,-0.09776755811657564,-0.013276952674511807,-0.0024074664850641725,0.15157186824539418,0.06929444275449186,0.7607985476850258,0.2885590329048291,-0.024979593765872415,-0.2958414219338125,-0.17454896396935232,0.47185703744890845,-2.6833333333333327,2.7347977574121196
1,5.65256609791794,10.0514850734355,5.65866112402103,6.65252980666223,3.85134349188251,1.18569925160641,-0.371205040103634,2.41742265755853,-0.720022673877301,1.05399922615262,3.3777759183191,-1.60770346551158,-4.43361774165639,-2.97885549775336,0.832460436214147,8.56191953244333,-0.572327787584074,-0.672443086202809,0.118569759295961,-3.88948059450397,-1.19934428115191,0.393001773267735,5.4988708721179,1.65045339711241,0.74923035523799,0.419036082226666,2.18189683001957,4.1539393826641,4.29191605887935,1.76191687223186,1.64395304814344,1.17687301796839,1.53731473535489,3.3021919032135,1.96216593138027,1.58611887739432,-0.466047566384839,-0.32721777654888,-3.87941253132555,-3.46164519059209,-0.326377864474463,-0.518868840280158,0.299951339452422,4.63398540928075,3.87949062078859,1.50953655833458,-2.26290748686056,-0.4332419555776303,1.4479592933703878,-0.3962217099503654,0.08123120987368591,-0.007799030423699976,0.12001523379567162,-0.008344521594038581,-0.042449723765807655,0.2196683104178219,-0.059649755406967625,-0.07655596496074597,0.09343464083432985,0.3461594856030403,0.014039430613236273,-0.09575647509568087,0.019896940486882113,-0.22064427771472306,-0.00787493120655659,0.20357637991562014,0.130989261057358,0.09440677029558892,-0.023249834281639126,-0.0545086828218463,-0.0010543767644586954,0.058131813095107863,0.19033003853906136,-0.342788512359868,0.21908097215144218,0.14735169847948776,-0.21583487668814663,-0.09252464290269388,0.18497866690203213,0.3497169610987631,-0.2516826873937551,-0.25315157020369145,-0.2202082686760615,-0.1091730368776417,0.07423769393737858,0.31666678583286134,0.49292212364594057,0.0283628072080701,-0.5243287602666299,0.003662221631431218,0.08996446303061463,-0.37864174538010137,-0.08238117443036864,0.3983299404673725,-1.7930555555555554,3.1688302373960497
2,3.47068152869605,5.65866112402103,24.0499702444303,25.9298855754124,4.57530361037949,0.960153951939854,1.18987622014268,3.71564721767011,1.7247299955362,3.42919151992648,-0.69240769905013,1.08174651949495,0.382905731004752,0.412101176298741,3.6880711753561,8.12915306102564,-1.25550896305713,0.362865938350989,0.113984994729035,-3.59605378349118,-2.06438293275317,-1.24211122941507,0.532558955335751,2.49797049017425,1.27372500917917,-2.04151017732148,0.138282906246759,8.51740600813661,7.65608507034066,3.37824872840051,1.86025521778936,2.65554788472427,2.30417443738089,0.197841184763791,-1.72217008719706,0.232005758218584,-2.36245074646826,-1.00184760895255,-0.587476447550108,-0.372008608103832,-2.69506632203067,2.4566550553113,1.18060913281601,19.2636048842998,5.68068551814425,-1.34698223256269,0.0871609220141023,0.07559666652134717,-0.3966146585746718,1.4444525408135875,-0.5770837916853262,-0.11204929451425782,-0.22768741964660508,-0.1325197111576604,-0.10884333229613012,0.325228284813234,-0.21904527424325668,0.7513677249214649,-0.328874818978129,-0.023369967098625086,-0.08070329822391999,-0.13378856344034115,0.0080835600735513,0.03851009037259233,-0.22871079439152464,0.04127887049912285,0.13096999040277446,0.09735816691550137,0.016398140943114935,0.051354209704909996,0.035166311613845355,-0.009985737162240294,-0.05556136524455074,-0.061205614905993744,-0.29724049900792365,-0.0404425718022626,-0.004859346211081481,-0.18031873873192164,-0.04437259344236022,0.05439223943476764,0.14955747779088077,0.2955175781997091,0.09978603973208217,-0.18094533547180677,-0.03714324358771395,0.22869209003097163,-0.04349752247843389,0.10708078106200981,-0.07012832667352725,-0.03530482850053725,-0.37990915459002383,0.03587919635405223,0.08627409271698808,-0.31579034924061544,-2.453240740740741,4.9030572344640495
3,6.13968745725166,6.65252980666223,25.9298855754124,51.1946328668228,-0.248873242700105,0.446333141171345,1.85326972319414,5.74751436181463,4.33830080260564,3.3510859173734,1.71192918927591,0.511749574760966,-0.427659380604212,2.24634876739353,2.98152152885406,1.86396313981729,-0.63669619637772,0.529303469883199,3.18655011759385,-5.2151261263179,-2.26779978228425,-3.28548358171996,-4.76020377662817,-0.736375383331585,12.9922411310231,-3.33706624629707,-2.54182043732084,2.20143809955745,2.7205517570772,-0.365645566340989,-0.83831215655529,2.83918423319888,2.01068087903598,4.30789131282404,-3.58684841503459,-3.00181665131518,-4.38506158294626,-3.36731821281874,-2.24856499868101,-1.45594803434675,2.34925953273979,3.61017185984547,2.96267124993002,7.40604203488868,0.765676761817042,-3.40595490920454,-5.06845217508645,-0.34566822048598617,0.08106494032365774,-0.5770723788479855,0.5380535610627811,0.05439200119089994,-0.020408978407616015,0.10429625809018471,-0.008148952071679563,-0.2683972067054406,0.0667448168137757,-0.31717892526367625,0.2607900048802288,-0.016904008804310214,-0.023602458478202307,0.019064098382539814,0.019220151296858376,0.19316175414415462,-0.04007840660802956,0.0049156632226550695,-0.09477339662965839,-0.1339719230374148,0.10859488032345685,-0.015092801222952848,0.031353251867966475,-0.06579115602447563,0.21723970453874406,-0.016074735881124153,0.14700995397315572,-0.04970035236071081,0.08401464338907509,0.05081805289303265,0.015874990303073523,-0.118849414404567,-0.09834698481569823,0.2362432199971845,0.009940846573658279,0.17147098814341116,-0.02516384094442241,-0.11324790727122726,-0.08028876860443088,-0.05909655828201635,-0.08517394319144471,-0.0957848021978954,0.12928886077904497,0.007317317805730037,0.038991879215765704,0.14651023381690037,-2.2495370370370367,7.154343636338889
4,3.85971766640623,3.85134349188251,4.57530361037949,-0.248873242700105,25.9647892720307,3.0655499719296,-0.213930397137949,-2.76252871926654,-1.87201115330863,9.67818924842855,15.3747828638128,4.10894921725509,-0.937017652164051,-0.52388634683224,5.81197976567581,49.1507645992587,-0.910398666031698,0.127786256109487,-1.75673950076974,-5.34477542451035,0.5829964870482,4.47332439113459,-6.66124648330556,-3.37823995287753,-6.999534282894,0.594075756336075,5.49691447474348,14.8863091970932,25.9875774718798,13.395191758104,1.9357411012826,1.87585997026029,3.17071044147224,-0.408871275543799,-0.208987027686273,0.956334478259219,0.791249832022514,3.23907558785353,-0.49969709447294,0.0010367630928304,-0.359187981349887,3.22412580329233,-3.02256743761222,2.90237106112926,5.34899304837547,2.62737524505371,1.67189710591051,0.08757469323549413,-0.007377954357618476,-0.11366300068030233,0.055583990250331464,1.3258631351550518,-0.429812257007344,-0.16893330900408554,0.17731109334101489,0.03071847055558428,-0.4060751696730161,-0.285826460047018,0.1327612145426741,-0.09423558138774722,0.019277951723941762,0.13775332932020223,-0.2466190294965422,-0.1561132076986688,0.011206263024432412,-0.14049625958309342,0.028875439787247003,0.07489898788938804,-0.4243345974576627,0.28471576102411056,0.02567061968659434,0.29369015091509953,0.33732889104292696,-0.0038907670137542628,0.2025341398100062,-0.33292898780975866,0.3455493211892188,0.024617504200169015,0.008886643650066656,-0.4810682101237181,0.002860513681509491,0.034533630725903854,-0.054192075959314426,-0.36301172404423165,0.006558898095406905,0.28566069291277435,0.11614455368594291,-0.12180480667744431,0.21552579658229812,0.16984409106440906,-0.014755924568753376,-0.47816755153848184,0.3409454670757045,-0.055972590637951666,-3.966666666666667,5.094584308069762
5,0.101035807418427,1.18569925160641,0.960153951939854,0.446333141171345,3.0655499719296,5.78398826628352,3.98622434574595,0.825641496377644,0.269413826971002,0.195755675258271,0.151677978272361,-1.90690033144601,-1.86023395878702,-0.260610539548868,-2.9771521551832,-4.6508568649539,-0.0711779207887891,0.757707469955521,1.04681819230023,-2.19877192252758,-1.94560729796626,-1.15087598012721,5.28326112190879,-1.05631986298397,-1.22011317768056,-1.04831794636252,-0.187530899149409,-1.36774733460365,-2.32345439273679,-0.598850573868118,0.526760050333159,0.883679901844734,-0.0144832689294226,-0.590725129097935,0.390964258376497,1.49331877395835,1.8737061929066,-0.833421816367593,-0.464762795879879,0.29731693571754,-0.158274636352725,-2.39003582481144,-1.15379981249934,-0.562380941950031,0.877238660910235,-0.366740394497056,-1.18694655978905,0.23160680695058602,0.11981054273493784,-0.2288178021680195,-0.019370844222721086,-0.4280790063575399,2.099510397532426,-0.7665114921068797,0.21910204683452836,0.16156363621912792,-0.058788925622423494,-0.3500418365215582,0.037881749925129965,0.11843641914571376,0.12067203264768905,-0.12918377515189627,0.16007351989032614,0.3176946206600464,0.017598329237921193,-0.409213479180835,-0.027217471524335297,0.5203615089259193,0.020109733921000142,-0.2782870408455574,0.29074144999373597,0.22006511226712255,-0.18159396705531208,0.0017506717609740432,0.019838228263614824,0.17637556804284935,-0.05831878086191732,-0.19379929453395894,-0.27852329014510757,0.003923263237148939,-0.1681910193377821,-0.02742893168926562,-0.7006315606758456,-0.1126552186459066,0.04188320822261801,-0.023876474607707473,-0.38729825219911806,-0.09760323458847457,0.03932654245542618,0.06213881560201494,0.030890330693229804,0.32419302569306674,-0.2253478598866187,0.36443431702469686,-4.3375,2.402912454976986
6,-0.574334126557313,-0.371205040103634,1.18987622014268,1.85326972319414,-0.213930397137949,3.98622434574595,8.12720945083014,6.178298572862,2.24731151482102,-0.559194233812247,-1.68621392932678,-1.14971830886269,1.52215714089607,0.751913154520744,-4.32468549131785,-6.08670954456535,-0.350530005227804,1.1965223592123,0.149567306069422,-2.87933243749279,-2.91126679825322,-4.26997685314322,3.09730145936625,-1.13076714634303,-1.05255916944513,-1.3508931287545,-1.37226402322359,-2.72842520601176,-3.20052310126835,-1.98770121127439,-1.51696582359718,0.813124679578798,-1.65067308832848,-1.33550650148957,-0.231166181277846,-0.64476307890565,0.484922483051623,-2.68960539531583,-0.333006566496455,-0.482741430143073,-2.00009681727492,-2.63052303503076,-1.27368040627995,-3.20527687573969,-0.200463284220223,-1.38684131957989,-1.89224956370759,0.10053150822688817,-0.009987664691303844,-0.1316622847232327,0.10373586762453865,-0.16906465689089273,-0.7632131278301078,2.288246823525457,-0.7154159829460378,-0.0593413900230086,0.1853564488069776,0.0320409510581827,-0.008451697972744057,-0.6436967642355651,-0.22861636607506147,0.16616373629400613,-0.04119524721032182,0.004338786294061381,-0.19395440623066634,-0.02334169524391003,0.5147861978306493,0.053156601311696965,0.48215287612607516,0.018985564378386693,0.010409401284951504,0.1743739370568454,0.5522501241094608,0.20103849293575243,-0.1392459795882228,0.17847512311554156,-0.042096474525456846,0.021403887293898645,-0.0629886480961129,0.0605539980627201,-0.018704674196989297,-0.32721626689876004,-0.05650944585754243,0.014294732095656803,0.4951378007274237,-0.10467092036130037,-0.09309509573042776,0.0457647536548153,-0.03001233031904642,0.08332811132360865,0.22460865646659947,0.05073051584443093,-0.13647765448590318,0.10104095695051478,-3.738888888888889,2.849071682290591
7,1.88773466792157,2.41742265755853,3.71564721767011,5.74751436181463,-2.76252871926654,0.825641496377644,6.178298572862,12.7521076787995,3.79942414255147,-1.83919829563259,-2.42346466638501,-2.0210355154507,1.23723344689765,-0.493443833318968,-2.45128151561887,-6.80523205283497,-1.21310984237268,0.923689403089831,0.171912530136533,-1.75732105692261,-4.11858412292675,-3.35638403012286,2.85860120923008,0.390402876667056,-1.61566947220034,0.775496478703678,-1.56335494126116,-4.71815462415693,-3.61496034094401,-2.95650265679952,-3.69991509204624,1.40539427190643,-3.2998498383219,-1.91173168570544,-1.00670991774195,-1.02106664085485,-0.0271502851147486,-1.91467903682364,-0.878311948601017,-3.88109253529377,-1.0240542535697,-3.55886758472866,-0.798463802197134,3.27765420875077,2.17250984348635,-0.691646582275825,-2.59914078206607,-0.34928716168057444,-0.042329346312078006,-0.10937679211626374,-0.00743616402896348,0.17729386355980725,0.21751776559349104,-0.7152646563388368,1.5262463175219754,-0.499501215181803,0.06573057361515726,0.18583432298991112,-0.06348221807775885,0.028590538393351093,0.2676134740538149,0.1687247128965161,-0.13172532204643808,0.24474130134471614,-0.47841878078831773,0.13435037418604673,-0.18941607801251764,0.37549317028477447,-0.06277982839615476,0.11027215283913978,-0.08786790125527218,0.10560506512432963,-0.1450570184132292,0.06404172243352647,0.13081170426037103,-0.1814671176843743,0.21891148953857734,0.3890830245843481,-0.3654359015901497,0.4234936076628356,-0.18934791282156593,-0.09677032312258589,0.20791459192592218,-0.12139087263023232,0.07224897602710453,-0.08592953253806195,0.5002867591020113,-0.17138358373650828,0.3018725912952028,0.008671856486369303,-0.15336757093760395,0.03482771356332086,-0.15683456826479783,0.03073715277511167,-2.923611111111111,3.5696088971762
8,-2.49354987227995,-0.720022673877301,1.7247299955362,4.33830080260564,-1.87201115330863,0.269413826971002,2.24731151482102,3.79942414255147,8.45766922094508,1.12949311672155,-2.04082163190669,-1.85463711278852,-0.88998565238235,2.30252820488335,2.61879881566299,-2.24997677932308,-0.501174187000583,0.938162708263741,0.339248368634039,-2.33007519101715,-3.28539933954419,-0.913929244988013,1.40353352118345,1.52858620729223,-1.17576474738781,0.981202459918625,0.348912318473686,-1.29473371751172,-0.897954811951352,1.55916465725768,0.111379403100802,-0.0486290767026665,-2.09393693977138,-1.44084722435478,-2.10130189888781,-1.89672928311718,-0.0196495044587627,-2.14527590534338,-1.29839819862524,-0.20823567971273,-1.39801667156041,-0.519849033605324,-1.03533340488981,-3.97288837422352,-1.13297862938548,-3.52409105680862,-0.470487045482768,0.43851525231484406,0.22019463212278412,0.32633880821287214,-0.26850815736520156,0.03069677774165052,0.16181337521892508,-0.059701457249118677,-0.5002647489766189,1.7234050630466844,0.08400433764395314,-0.14300294370895145,0.37313825720822474,0.38728307600787343,-0.3589261506149522,-0.3976073474316588,-0.03238351384025023,0.010102602191675612,-0.04238842838173228,0.012526447002650374,0.2691694715559659,0.21054802560424987,-0.1511232239294735,0.025269128570256937,-0.3112875689091672,0.13205875241304518,-0.08622621796352381,-0.1083864189290446,-0.05167370281236593,0.13781573678299983,-0.07507531116839955,-0.34828444509114787,-0.155503197603307,0.29033981048731267,0.00399297053354898,0.010450000489887219,0.19922129887450454,-0.2072093324934171,0.29743492894130913,0.07129612621779732,-0.12758214508468058,0.17452497804860423,-0.18635957864584285,0.2311056645027786,-0.061622270221416836,0.02845358378325605,0.5966428222586715,-0.014593712802212593,-3.261111111111111,2.9064874369150617
9,1.41504639389543,1.05399922615262,3.42919151992648,3.3510859173734,9.67818924842855,0.195755675258271,-0.559194233812247,-1.83919829563259,1.12949311672155,8.71055076628353,6.93110328204821,3.48018374149674,-0.850152693517824,1.99561840721795,2.81543196461175,21.3093356342709,0.276869857663493,1.24203023896721,-0.902482565795981,-3.59079856961472,-0.438278994571051,2.54434956282662,-0.746454366082041,0.765498486274587,0.358966287169176,-0.495450634209073,1.32422636983356,7.85780161502566,13.6251004934508,8.15537165886282,0.948867551248934,0.516226974108807,0.791192795535574,0.503233670071422,-0.8770701331227,-0.757344313799204,-0.438828151491798,0.347813682113774,0.0944881512291132,0.755840616795094,-0.596782803685325,1.71413682167082,-0.482231655932282,-2.4925056743096,0.190079554553685,-1.27579527739017,0.582206542618952,-0.14220361102682055,-0.05961212663942812,-0.2177166049087411,0.06656156178977916,-0.40723831427575996,-0.05628384696468839,0.18818832077599273,0.0651686796173618,0.08324486947329018,2.126535015000758,-0.23799826605782337,-0.9399344227936812,0.24996803077064902,0.08145496325637412,0.05395990432142917,-0.027332183438514127,-0.16888030547430746,-0.2938905912258972,-0.14432678371245464,0.18735775341796124,0.024767034853259092,-0.03806661003226901,-0.034944875085734024,-0.6416488518024271,-0.11457260064379535,0.006457169344651692,0.23735266675031427,0.11368686348926979,-0.16374983946845909,-0.4323535786263814,-0.08871048180917411,0.25207256051158516,0.2046791550769309,0.22811347936391246,0.29279519614925004,0.066142732497519,0.029745709943959277,0.17718977490686913,-0.25145057592476777,-0.07644584242465728,0.011709899074823575,0.31591487221114106,-0.034569961400399474,0.09136726905250933,0.27575124850785115,0.6718151985397064,0.28819569222983005,-3.708333333333334,2.9496696029019125
10,5.03758711544588,3.3777759183191,-0.69240769905013,1.71192918927591,15.3747828638128,0.151677978272361,-1.68621392932678,-2.42346466638501,-2.04082163190669,6.93110328204821,18.8663452967394,5.25165228842372,-1.85534618960527,2.49371230054585,4.18246182670292,43.6024164957188,-0.867421980494799,-0.157266178088802,-0.818710315457929,-6.54018005682998,0.342025464451049,3.65558180718226,-4.21644730886048,-4.80003807496818,0.66870396491704,1.88972052541685,4.17898876294062,14.0525669842515,23.4157039384692,11.2471024188562,-0.0981009627637207,0.671238269130375,1.79013381182998,2.20588139424112,0.293758125992477,-0.795684210812146,-0.855549758614696,2.00428305658356,-1.61832010983619,-1.5379830989631,1.84140096604649,4.84886738471359,-0.0948440465459233,-1.75216866114177,1.12885066969024,5.31139169787339,2.44592311090436,-0.6517562942745913,-0.07776128000504852,0.7530114954234867,-0.31762466035314363,-0.2856999079562036,-0.35090348598939386,0.031727708184809675,0.18513157582579276,-0.14294438639294618,-0.23718999572735214,1.8409732635448062,-0.4064073890714137,-0.03364044462122123,-0.1224375590658095,0.2564782030667849,-0.12443223494415366,0.12041955623420564,0.016241978329982934,-0.1328883866173539,0.2148396983364144,0.2184452925149046,-0.14540529867774574,0.03097504603205561,0.35587136383279344,-0.08906520755790388,-0.28794638892192154,0.17894020246283615,-0.13242124097135904,-0.17401445572954202,-0.07134893010484104,-0.14834414329624268,0.2871791597362286,0.4810482249323961,0.0006396549639610885,0.009212918475552329,-0.00893518458037824,-0.07759094412813711,-0.040883676123649314,0.12192455832094382,0.264679318555286,0.041179448600964334,-0.41840936438457266,-0.0019083410343689977,-0.13511957073731967,0.019133243429278548,-0.4568585335447997,-0.2395252367832927,-3.2523809523809524,4.342389353425069
11,-0.235971060761897,-1.60770346551158,1.08174651949495,0.511749574760966,4.10894921725509,-1.90690033144601,-1.14971830886269,-2.0210355154507,-1.85463711278852,3.48018374149674,5.25165228842372,7.72104986055725,3.49825126618422,2.93555893473532,3.5102975608487,20.2189532471023,0.529296088508342,0.590001561347852,0.363918324090257,0.648388469696341,1.40824600660291,2.49588709157089,-6.41446366648719,-0.99119669963202,3.1964064273666,-0.292720717767051,0.879269434653462,1.91281860248853,1.61639389664666,-0.229525549928256,-0.747613756304151,-0.197492470119632,-0.0513178877014609,1.57293478970229,0.0798261064260933,-0.89562957877808,-1.84293034033636,1.1768523255049,2.97336675176098,2.40952593665792,3.67741424833079,6.04100538998521,2.15909305260266,2.00536276952064,-0.300846891544047,0.384451112394842,2.73323187706994,-0.16804018783197502,0.09364195696838716,-0.32978294263730873,0.26145758550445786,0.1328374223085309,0.03785876072085132,-0.008079626957269768,-0.061611762367903375,0.3737165059149673,-0.9385601711974499,-0.40776826341484207,2.8246891882249137,-0.21789135837794069,-0.4176217026003247,0.10230642711322623,-0.3039766877416084,-0.05769332293497707,-0.0516070866174524,0.014733042047256603,-0.4053589167179018,0.03749693614304224,0.03174439310353838,0.07217760539449285,0.07855518405148453,-0.05532543348624672,6.0547495105217e-05,0.05874409098147643,-0.303555920447539,0.2890663980031615,0.6155109097311224,0.031205077203450667,0.16295816305028082,0.4083884889578203,-0.3549709149234703,0.08507943797505643,0.3387274433169768,0.23794246358578663,0.11331268342478011,-0.509446056740111,-0.1105804662780372,0.09186014345729504,-0.3056496374492189,-0.1835665478767223,-0.05753504963093679,0.15489149391885493,0.12840390117619677,-0.20743671431125216,-5.365873015873016,2.776877717969816
12,-2.33193380407249,-4.43361774165639,0.382905731004752,-0.427659380604212,-0.937017652164051,-1.86023395878702,1.52215714089607,1.23723344689765,-0.88998565238235,-0.850152693517824,-1.85534618960527,3.49825126618422,10.7683756874397,1.59942704968372,2.5525046331157,-3.30424969722043,0.0518315084497478,0.222557774091019,1.8203440432984,6.54509465405011,0.895827953118865,1.10595353880062,-8.61503126592916,0.0822044484627013,2.83229252167104,0.0081912602609391,-1.83834711983895,-4.68975694152821,-3.97601837455917,-3.30811932122032,-2.62457316181112,0.106657809463355,-2.58713728461478,-2.72473590433494,-1.35388048075075,-0.443286276024273,-1.6821969383985,-2.08263921060891,0.774739573755189,0.55637102949615,0.244851139360957,3.70718881600864,-0.464492522101944,1.43521205295979,-0.261443259108824,-1.84504866966861,0.97084482208729,-0.12562315962999912,0.3458814596305101,-0.02334776214358278,-0.01650655444671015,-0.09469243366846285,0.11918105570714642,-0.6440326786398368,0.02671296345003999,0.3862738041182572,0.25059600849463814,-0.03396046757357702,-0.2150555842951394,1.4798025395992052,0.09182475156124631,-0.15439323040242725,0.0531847060074176,0.24723080042375062,0.007132738068810056,0.1274365372816163,-0.15548431081470077,-0.1347325485341973,-0.20393450267723554,0.14158179164649778,-0.3670728086454192,-0.1282433965956253,-0.11551526534788668,0.18810434225439912,-0.010163579833675766,0.012468011925324771,0.049848692648166805,0.5232366279223726,-0.007023899307036376,0.13694083948388172,0.3570431203418664,-0.004579535900981612,-0.2496046201497409,0.20822380936942095,0.009871712341023044,0.11235256745633448,0.14104364108920564,0.2997295215014285,-0.7177735759593801,0.3211727646624614,0.05299111909869961,-0.06688916138188802,0.3777603463812245,-0.11084558079173724,-5.512698412698413,3.2799962938149374
13,-1.42120798343173,-2.97885549775336,0.412101176298741,2.24634876739353,-0.52388634683224,-0.260610539548868,0.751913154520744,-0.493443833318968,2.30252820488335,1.99561840721795,2.49371230054585,2.93555893473532,1.59942704968372,10.2992773477207,1.11586023676846,-0.760422571785981,0.49459604199967,1.90444913398912,0.780409459906647,2.68898057248742,-0.426867240240086,-0.116449273990867,-7.83740720890329,-0.710901537685286,3.45294820130983,0.974686725982344,-0.539040217690875,2.25845980675205,3.68849121653256,3.04161166084301,-0.892805383972135,0.0732670656489776,-1.58962529347161,-0.343225602355188,-0.158624146926623,0.535832407888185,0.0715868241275731,-1.46081099965208,1.04485062090278,1.68179336469851,2.95546310728717,1.72775024826867,0.64068575708818,-1.84098836144906,-1.85641152636073,-0.431742474153856,0.538122733973788,0.1716316213111704,0.013546728919515869,-0.08067801967126095,-0.023566042469938,0.018840076805606062,0.1211791230151806,-0.2288740116609727,0.26757202094789945,-0.3583350093603121,0.08103370310427475,-0.12308063509553248,-0.41771993210061115,0.09171826760210834,0.8112438152582935,0.021831028258257987,0.0632645081150896,-0.21507039360099164,-0.24272462621945892,0.06911487897975978,-0.09746016670954882,-0.0010747216417062906,0.028720930656896338,0.08065518131052125,0.10390657741266195,-0.013548336776578655,-0.12397384548263433,0.15168057083771688,-0.19923079878129965,0.03569999174570816,-0.1033133050007953,0.2991507052603535,-0.0023870976577205156,0.2339285175583181,-0.02589218852712206,0.02682801858745605,-0.33965773317752196,0.06463816986294314,-0.02341992767413603,0.19788626779731333,-0.03593165781633078,-0.1256099269928933,0.2617397351241095,-0.19592067468029659,0.03504628790688029,-0.13195121077932642,-0.06280459170108492,-0.06154237712096929,-3.4961904761904763,3.2076903447372684
14,-0.411983668665681,0.832460436214147,3.6880711753561,2.98152152885406,5.81197976567581,-2.9771521551832,-4.32468549131785,-2.45128151561887,2.61879881566299,2.81543196461175,4.18246182670292,3.5102975608487,2.5525046331157,1.11586023676846,16.8611436542689,28.7255245235438,-0.924208940303292,-1.28155815001855,2.35701979553768,1.70795765045371,-0.231405631387875,3.3353293868139,-11.974491050526,0.0525837267737625,4.68545536081241,0.615291146702478,3.05397074101317,6.92370740901438,10.0554099338145,6.01446219551172,0.274089487160237,0.306372688877346,0.364847263423501,1.51598044863752,-0.122833665219813,0.12737312563816,-0.503070389278814,2.75474958201787,0.689903530633029,0.332971897226082,-1.67422233936881,5.05868555335279,0.296764361030314,2.15079400224194,1.44657478745172,0.801645967643047,0.360556940645564,0.19769783704269822,-0.09513342304398081,-0.13352148143609738,0.018945596257214148,0.13794638984056448,-0.12997490679174215,0.16568982074910965,0.1687698259351761,-0.39633663950687753,0.05417934080352898,0.2562301465197722,0.10254308876271569,-0.15477600741862801,0.0220359555704278,1.1142583747683616,-0.2755752969719439,0.08609563050153471,0.40653005480114685,-0.5977153653545537,-0.07433392724882262,0.11468815455259893,-0.30817000261076843,0.17790309607159477,-0.22764106149786653,-0.058351796228510396,0.05793276519525698,0.004689278798805124,-0.1909916927598127,0.07344383469522768,-0.12470501626508555,0.25381507655489216,0.4853271884244759,0.21237379431341047,-0.12998551875743095,0.08414322049564654,-0.12593262695467242,-0.12575094753160565,-0.15763179941147576,-0.10408176435290573,0.17510379423832206,0.08293422644871062,-0.034647116302345106,0.17766152108407987,-0.06850480706525917,0.13604223781453778,-0.16492095819963173,0.29120418659705516,-4.189126984126984,4.105014452382459
15,7.45397605802475,8.56191953244333,8.12915306102564,1.86396313981729,49.1507645992587,-4.6508568649539,-6.08670954456535,-6.80523205283497,-2.24997677932308,21.3093356342709,43.6024164957188,20.2189532471023,-3.30424969722043,-0.760422571785981,28.7255245235438,188.369387639986,-3.4379020485437,-2.95985929978456,-4.09966014653405,-15.7962465053722,4.44673393289381,5.5463474913473,-8.36644354362241,-8.07948493190886,-3.48321839480369,2.03781646709471,22.1175003992535,45.6279414963489,68.7744040983728,35.6325162425376,3.62578859110361,6.80012676448302,6.10339618759122,0.580649561001534,0.0353846245150048,-1.48377602612802,-5.00819220577428,9.49610650877014,1.74002549578546,2.06770682506732,8.10557399685802,21.4967470985862,-0.171328588823207,2.27602530525555,10.6536091251088,12.7785952647806,11.4196267863239,-0.005758945371657061,0.019778460929063095,0.007940287068097658,0.019010659176117026,-0.246447219858086,0.16032483847583165,-0.04138183165790211,-0.13197193047422615,-0.032566231125479045,-0.027197157386365904,-0.1242550513008365,-0.30442725245868874,0.05309892616055096,0.06310666822201559,-0.275389282527891,0.35319365423186605,0.07204216069122744,0.061134489685195616,0.009652522206260363,0.1083536436299434,-0.19290040564245753,0.13944893014855217,-0.09099634349675269,0.07390870776513689,0.0038504563895272494,0.04632552181996015,-0.2665500905152065,0.020343359237286772,-0.046911130283443465,-0.052475351871232714,-0.055160793069415834,-0.3309547767273171,0.04197666921195709,0.04198789789881246,-0.005744090376091267,0.0009454804671589024,0.21852655091457268,-0.1521565325457165,-0.01101483947797418,-0.1233836787848568,-0.008770463014409827,-0.09237761062277053,-0.17059848252798,0.11236022096657715,-0.12405276007135396,-0.14154197737080992,-0.04500145555469656,-0.6681746031746031,13.724408462297593
41,-0.646960328600287,-0.572327787584074,-1.25550896305713,-0.63669619637772,-0.910398666031698,-0.0711779207887891,-0.350530005227804,-1.21310984237268,-0.501174187000583,0.276869857663493,-0.867421980494799,0.529296088508342,0.0518315084497478,0.49459604199967,-0.924208940303292,-3.4379020485437,1.20220945083014,-0.0975976623737019,0.232539694358335,0.472963148376155,0.599195861454343,0.655709056865261,-0.0230365961272242,0.625104091493649,2.35946418854597,-0.697587117261483,-0.692300115483669,-1.95932117956983,-2.74798943303884,-1.65491279192731,-0.284305707285717,0.130608479965292,-0.117727226434379,0.19956718611877,0.0645455447806548,0.0089947053637425,0.0181862648804619,-0.793853836172803,0.643466072288586,1.26421392330079,3.95040785600979,1.10288554852314,0.238289437777591,-0.591705494058882,-0.895697032106341,-0.56516838126337,-0.533583667050713,-0.053049190123329155,-0.2205259788368112,0.03837775597775828,0.1934072890987798,-0.16325528240596462,0.3221989922906054,0.004682864114439883,0.2433130466736625,0.011091142617896881,-0.1653260187298525,0.12019794509204862,-0.057188720226806745,0.24599222901377113,-0.21528739333354047,0.08268228004385264,0.07403741423028874,4.339025621100809,0.11789703506945508,0.2889336380641846,0.06240296250749582,-0.2034658144008023,-0.3882731537295562,-0.0035319449026210248,0.015941106217385904,-0.2247376043908785,0.6305190498416446,0.0064732702348517055,-0.021756804775075453,0.051809851128962324,0.13507875037450076,0.17253788143368054,-0.028124069486381565,-0.0028133584363060726,0.007085505909959625,0.27474322679723673,0.16213369478486958,0.013610416054367752,0.6644167834501098,-0.3367457694988721,-0.3552326624022919,-0.24765688584632461,0.0015038180908723232,0.1831279999069508,0.0035501518763078415,-0.04219705458533418,-0.03086702261886702,0.4496735451979803,-2.722222222222222,1.0918834419617052
42,-0.349620960006354,-0.672443086202809,0.362865938350989,0.529303469883199,0.127786256109487,0.757707469955521,1.1965223592123,0.923689403089831,0.938162708263741,1.24203023896721,-0.157266178088802,0.590001561347852,0.222557774091019,1.90444913398912,-1.28155815001855,-2.95985929978456,-0.0975976623737019,2.11751117496807,0.159903344299752,0.62901507426597,-0.144196565509239,0.322804890716151,-1.15903917764399,0.0429204227054501,-0.860549254441697,0.0612060200441068,-0.683946398037884,-0.177361497127604,0.0204922062234574,1.44010497848592,0.211464362971228,-0.0758837090906128,-0.102481414136498,1.04181663901716,0.902605565152349,0.171641550318375,-0.0800071271743329,0.0941925874814673,1.19980354556967,0.636633688382396,-0.270205220372034,-0.118814966020773,-0.0969601231873934,-0.682645663245935,-0.529224157994384,-1.48477529393858,0.0222556589834601,-0.07100419502680612,-0.007716237876628635,-0.227777603460788,-0.04060640314800437,0.01120403122033388,0.01589853730243526,-0.1974371403843215,-0.4779086042342047,-0.04298152133029931,-0.29230129195309645,0.01886887957618518,-0.051500624517258155,0.007197955005137541,-0.24230807186439518,0.40460628386560876,0.061805534335933006,0.11951531301693163,3.0425525316571402,-0.630427774924603,-0.025499704882956636,-0.10230292525515285,-0.37454355716004606,0.029086430588752835,0.009853793249641217,0.03966765684740538,-0.023847480365653123,-0.050839900625391364,0.2485520758090399,0.1853229890730516,-0.8063881070548908,-0.0472289901303369,0.38998963324073405,-0.004725425872567433,-0.06587793425074319,-0.7402890821359009,-0.009038484032642234,0.05322931299266392,-0.0939397856005643,-0.4279532383192396,-0.24832445791006255,0.045362292043235636,0.019774943358108657,0.06164655570264652,0.18416136034466365,-0.06542474635983447,0.10495057246915977,-0.5344224975062876,-1.5305555555555552,1.4517269629541472
43,-0.158491614741575,0.118569759295961,0.113984994729035,3.18655011759385,-1.75673950076974,1.04681819230023,0.149567306069422,0.171912530136533,0.339248368634039,-0.902482565795981,-0.818710315457929,0.363918324090257,1.8203440432984,0.780409459906647,2.35701979553768,-4.09966014653405,0.232539694358335,0.159903344299752,6.77184546615581,3.34438106518051,-0.707698344620135,0.120440905952492,-1.23140938826505,-0.753611132835482,8.01671594551674,0.0991130166355219,-0.660514215514407,-6.98090446433121,-8.69830452924061,-3.89007000786726,-0.543801141898296,1.20317341544693,-1.20253081215304,-1.33197387598501,-0.7595236874524,0.243759713300786,-1.9705838888426,-4.27300175602894,-2.70213366396488,-1.31690150803508,0.960809677920992,-0.288166821846876,0.808540539521385,0.328837182509078,0.877425578493294,-0.578930719131255,-0.835722629575419,0.020858307947052762,0.2035815229025319,0.0426354653433784,0.0037705865127278136,-0.13866378500177,-0.4059951755595138,-0.023637782271829267,0.13571018730144843,0.012173574864751019,-0.1436829109370807,-0.13135140810757284,0.014728308392478531,0.1286379783836339,0.06870367167838291,-0.5967882089765899,0.009770893358952856,0.2894545683792986,-0.6299512281025004,2.1635705202058513,-0.2388711142100248,-0.19971161391611222,0.23464895680946907,-0.04529445158321761,0.3355290003448135,-0.5463507751019496,-0.036181950207368835,0.016731117666725488,0.26262064187291917,0.31021279055758183,-0.20740992239853648,-0.10497483944912045,0.13750998185050453,-0.1983926500801339,0.05118811407422997,-0.09585660585784897,0.10825757407517853,0.19522602324477148,0.44229910655545274,0.1281287379697287,0.6744741797508058,-0.1270682108931108,0.26069902152439356,0.1742595241701077,-0.20303958058820898,-0.008264707255103898,0.0226781098385628,-0.221584908949353,-1.5944444444444446,2.6003548731193997
44,-2.80876638435108,-3.88948059450397,-3.59605378349118,-5.2151261263179,-5.34477542451035,-2.19877192252758,-2.87933243749279,-1.75732105692261,-2.33007519101715,-3.59079856961472,-6.54018005682998,0.648388469696341,6.54509465405011,2.68898057248742,1.70795765045371,-15.7962465053722,0.472963148376155,0.62901507426597,3.34438106518051,16.5424393358876,4.1014884497483,0.832757514063218,-8.77792998523628,2.08221059174946,0.70076341203518,0.644501877400469,-1.28949848029289,-6.88917047919615,-7.73665490890846,-2.79304706807648,0.717272858946233,0.590020539787081,-2.47051332168866,-2.71007442277866,0.645058506274363,3.29706920705441,-0.932160813222585,-2.41922451148409,0.612608599348538,0.582549730120547,2.46331355526033,0.747532823564084,-1.04538894149369,0.851718387754664,0.605193276991671,-0.769297425708372,-0.016660690881056,0.20828529116297148,0.1305607763361475,0.13145714320487395,-0.0945547569901697,0.029319060605923507,-0.02625229753800444,0.5142150949820734,-0.19037595333095658,0.2691263197282976,0.18739361570816937,0.21479111654746122,-0.4055279119018191,-0.15524058802460125,-0.09738128202301469,-0.07413324074673698,0.10803720473814553,0.06298853986559359,-0.025720177995199486,-0.23932968779590338,0.9375429054060765,-0.05852613094265721,-0.013596832393432626,0.07386917988199011,-0.02356421188372694,0.15330016808496383,0.1610355629260182,-0.0817539275194864,0.10659720895693808,-0.19445419060877683,0.02850769866080541,-0.27782124144967973,-0.22882689159491282,0.3192010470765957,-0.1166716656066943,-0.03663417429393405,-0.4378936092739527,0.04816737897832304,0.21693956322630162,-0.11798907736683623,0.1078906371047257,-0.005562690649113209,-0.029689493454604247,0.12794689444450305,0.1786754962268645,-0.4048886322502859,-0.004063549196663826,-0.03731388874497049,-3.961111111111111,4.066010247882759
45,0.884530488944755,-1.19934428115191,-2.06438293275317,-2.26779978228425,0.5829964870482,-1.94560729796626,-2.91126679825322,-4.11858412292675,-3.28539933954419,-0.438278994571051,0.342025464451049,1.40824600660291,0.895827953118865,-0.426867240240086,-0.231405631387875,4.44673393289381,0.599195861454343,-0.144196565509239,-0.707698344620135,4.1014884497483,8.98586206896552,1.55551334689475,-5.98396618257658,0.0508038721763055,-5.12400345754805,0.683517194044013,0.833851505198499,0.604483446517628,-0.197013169483544,0.473256001871873,2.44430972377369,0.100633827961105,0.479153305114267,0.0356726858143923,1.09230153463677,1.90254998763179,-0.21383383381865,0.180499875869558,0.888164182641081,1.36747046650042,4.13712394528982,2.10039003064221,-0.337701951970296,1.38655202141668,-2.71011641479993,1.42954390430231,0.754965239405204,-0.5033421206549222,0.09429014913215789,0.09649724307591488,-0.1330014427707603,0.07376245113380216,0.5188199448669333,0.05342106880397255,0.37641317956359105,0.21030430457301347,0.02499242994310473,0.2179532165680561,0.03644363827177281,-0.13442362373547706,-0.0005692702800136467,0.11474652743428637,-0.19320112700861086,-0.20388820537812238,-0.10043481977255334,-0.1988375328285671,-0.059031999547238714,1.5288297554618955,-0.05898669356188247,0.0615208929662827,0.16112377063809458,0.4269487946796351,0.246332322588526,0.05064585933170508,0.036344629444065635,0.08844287047004405,-0.010129536395030758,-0.2000000439565407,-0.19732873232006334,0.037195193525492054,0.13113994920617097,-0.36771954587751715,-0.3659814782887745,-0.12071284938502302,0.19680521149058608,0.09414067488059003,0.08767897389331408,-0.10820646807973422,0.05808378580000503,0.27047602244697017,-0.17284730016063973,0.8447191767147169,0.05979250184787594,0.043404824897761936,-3.2,2.995974310464881
