,Cov_0,Cov_1,Cov_2,Cov_3,Cov_4,Cov_5,Cov_6,Cov_7,Cov_8,Cov_9,Cov_10,Cov_11,Cov_12,Cov_13,Cov_14,Cov_40,Cov_41,Cov_42,Cov_43,Cov_44,Cov_45,Cov_46,Cov_47,Cov_48,Cov_49,Cov_50,Cov_51,Cov_52,Cov_53,Cov_54,Cov_55,Cov_56,Cov_57,Cov_58,Cov_59,Cov_60,Cov_61,Cov_62,Cov_63,Cov_64,Cov_65,Cov_66,Cov_67,Cov_68,Cov_69,Cov_70,Cov_71,C_0,C_1,C_2,C_3,C_4,C_5,C_6,C_7,C_8,C_9,C_10,C_11,C_12,C_13,C_14,C_40,C_41,C_42,C_43,C_44,C_45,C_46,C_47,C_48,C_49,C_50,C_51,C_52,C_53,C_54,C_55,C_56,C_57,C_58,C_59,C_60,C_61,C_62,C_63,C_64,C_65,C_66,C_67,C_68,C_69,C_70,C_71,Mean,Std
0,144.495615332766,12.9659842822168,21.8484986679197,-15.4353775744723,63.1606196345507,5.501126276079,5.62790227434745,7.14595764475009,9.41583950797908,10.6251249258042,8.70793407952358,6.63419696446864,8.89427541628267,-19.9459176592851,89.8167738125329,44.6955034071833,-0.936097241141392,-2.3395298178607,35.9421410184236,-6.74117315948862,3.25531783755257,8.31699841485782,2.62652993925158,0.360919452992766,1.94045875873499,2.02139946044602,-0.213376264989575,-3.07578676655669,-3.20027967241277,-1.20110649382118,15.5757917799852,10.8226187320209,4.94683880612923,0.382818184016665,-0.0276486828586788,9.0079034819526,2.87945485468674,-5.99848621569021,-1.64412648482339,12.5537479242625,9.73966410867517,6.57516717931012,5.96011952251411,4.59055605432597,3.46177665807094,8.86060874904533,0.250612060987647,0.8007912934127777,-0.4185327711914656,-0.14404898353066134,0.07173685289491132,-0.32617606622638456,0.24791772070927676,-0.013985329945385361,-0.05424797591072774,-0.33025988878030405,0.1259439418356375,0.10387048672625429,-0.07632291401046579,0.03984264350019019,0.256680696975384,-0.606682302486862,0.06610456099919937,0.1461281880105876,0.22803207154097818,-0.2015682200759645,0.2374103212150305,-0.15240193732140883,-0.2816739424317201,-0.02599564142577859,-0.05258896026518116,-0.004680296820378187,-0.21377143323511874,0.22070185792489452,-0.03434783809104163,-0.06006298877793435,0.17093518209934555,-0.031768747669751574,-0.19533180779859008,-0.02361746079409171,0.13868184862863722,0.07974754896660682,-0.13757713454159134,-0.0057485053999049235,0.15674826556361263,-0.07606297977745914,0.020177937721584226,0.023589744333336472,0.1376819528884864,-0.1727435065198046,-0.005322655910049065,0.021302199345453535,-0.18868897770708862,-0.05439678975276946,3.6268518518518515,12.020216942000909
1,12.9659842822168,18.2017163331914,6.07940348591916,-0.774361685025278,-0.13648178775853,2.3057635348697,1.07149922143602,4.45000658734568,7.53149722680796,5.43180322629623,1.73188247182945,-1.19839744054193,-1.43108785274405,-8.17550906640189,-6.51905402867997,-0.938710004306876,5.20195833930829,8.4198925597044,0.864118822651526,-0.203365163019514,2.58983038665754,3.17340550479582,1.01742962801905,0.572996978313244,1.89404486221777,2.86250631590492,1.47452971548004,-0.568802434541605,-0.573601300803693,-1.25619291185548,3.56010717353031,1.99632432288069,0.0554798908089045,-1.42067035366486,0.176134619375764,1.83481446114744,0.945948989854616,-5.22784851860076,-4.72497724252909,2.50428663814013,3.78307505118496,4.77501395215943,2.39214976594563,0.136308786717728,0.501898155972427,3.90976826164665,1.40977235790714,-0.4191177113731864,1.2944217713690391,-0.17843957410978026,-0.11478524651312426,0.11257025519432544,0.007504316671047878,0.10309520462580676,-0.23434227433775215,-0.07246119641849028,0.2093913651310127,-0.1716723586346027,0.4058158668210297,0.219447186688699,-0.0037059960302824116,0.4388700533966447,-0.23261008764032504,-0.19297736202768864,-0.24229526744637309,0.298699311420755,-0.05444722327881783,-0.13327436951431576,0.08161693991196771,-0.07834459388296762,0.2059312445641562,-0.2630305326131438,-0.31883348853278465,-0.4278812623558694,0.03573508691251262,-0.0484805937207465,-0.04125206827412759,0.2438295114693066,0.03923561794341514,-0.0621518336649144,0.3774066070740607,0.05316772838022739,-0.03423260068735598,-0.23636356386336546,0.1057944774156515,0.2704298761684938,-0.06960565372577328,-0.20865846620345194,-0.4965653970903505,0.04462329778892188,0.06215376428386186,-0.13507267245286786,0.045036357273150855,-0.22232179162990418,1.2092592592592595,4.265174830319554
2,21.8484986679197,6.07940348591916,16.4927586206897,2.45595664054221,7.54159573640306,1.71221808396041,2.67103209855736,2.2989252662755,3.47562962004167,2.40081166787282,1.1442405257834,0.437853748069274,1.555101217342,-6.74411283012259,4.83750709946734,1.41706918545295,-1.34959192299577,4.88682590546441,4.56551984267093,-0.811859104430185,3.34331862194649,-0.662385465822766,0.265842569979309,2.34964947020039,1.98676705202551,1.65322091569312,0.0563367630902327,-1.5139418218745,-1.90951709990881,0.980286370721815,17.2207981238789,11.5115641631836,5.66924952511624,-0.762976308411066,2.36101155420172,6.79114883884404,2.33660865247895,-1.35643429052337,-5.61611465486289,-2.5107444693652,-0.911005298246539,0.761414893797768,2.03277427223222,-1.63706422712899,-0.40830657815745,-1.44484137231922,-4.81745996824087,-0.1438098004466506,-0.17823344942795472,1.3870820420678782,-0.08610392349492901,0.17594527564457066,-0.36286478181029597,-0.35242539002000284,-0.14656288237694717,-0.030732338297957965,0.1116773902566998,-0.39560494302738725,-0.08650015511318218,0.09654040487257409,0.33683760334196866,-0.0364700392676139,-0.07319797761996845,-0.05265336577563031,-0.10376149571124033,-0.07495291948679275,-0.30601803169199426,0.1046392059518285,0.41402229775063515,-0.2430333530055832,-0.029610106536277988,0.16731494899747118,0.09026750251508794,-0.17554217261968408,0.06495851476675207,0.19960366548336747,-0.14797745700035836,-0.5305437213107692,-0.2900024480904695,0.02491676322282317,0.057404630003234446,0.11115431962994408,0.09191273117257769,0.09012001383237975,-0.22607809762404096,0.18104741196827445,0.2706903758692394,0.37307101933482084,0.39666233262375444,-0.006490651013181672,-0.004089454037124522,-0.020523422581449933,-0.11108490097288837,-0.17157816619355443,1.8333333333333333,4.059896380536042
3,-15.4353775744723,-0.774361685025278,2.45595664054221,603.553408542642,371.497514124712,130.578393999006,88.0064445525834,49.565645948595,15.5242205965708,28.2712716732898,39.0511576204511,40.5120447011864,-3.62610943380322,316.69002549229,34.4368237273294,10.5224163645319,-14.6735122916329,-12.8702830065639,-5.95655837974969,10.8904976850946,0.330979261221346,-3.86267206621664,-5.30157055331857,-4.10540066603304,0.153532816862157,3.30652836350321,8.88709824634152,20.5933470668561,0.382252250077689,13.2097388019102,11.1700001861287,5.48306892408072,-1.54833058778042,-5.68745437608318,4.90498194214588,-17.0840180042365,-4.81641516043151,-12.321741153657,-17.6048810769156,-1.49443709388194,-6.44850837469357,-11.216001657266,-1.38899530714052,-21.6844753032539,-13.2540205906458,0.40987180330075,11.5224040052112,0.07321852571653109,-0.11632043795633684,-0.0850550115377571,0.6510452681557112,-0.5295056259841107,0.12480940221433527,-0.1528812491992502,-0.038907736269818916,0.022835978373672683,0.051741695406050746,-0.013750813961504132,0.03693296613897467,-0.03438719337796005,-0.5532037314342793,0.2059314030027782,0.13166511639787531,-0.20117409091806013,0.111380411538916,0.06325382646112694,-0.23895634039071367,0.17049680197495495,-0.2891194694749933,-0.05843435106333363,0.07521024964035578,-0.10409078879872892,-0.2805328919837209,-0.07159052164008578,0.02573016171249003,0.2681665837216324,-0.004938316421543455,-0.1221094773458822,-0.08889382827875994,-0.1286179082322125,-0.16304307534148862,-0.02510327049726377,0.12921094455297275,0.12570442903823825,0.12249517070532778,-0.10303149136245057,0.011476779870327266,0.10768867246385731,0.22647146064529108,-0.052057913225772766,0.19518937995728391,0.023657148135447805,-0.16014457416071665,0.042134846015731656,6.181481481481481,24.567120477228148
4,63.1606196345507,-0.13648178775853,7.54159573640306,371.497514124712,297.940740918121,103.093688695526,60.2808205798025,31.6920535595255,10.6537192304611,21.6691871067573,28.6435765504523,24.8611946014184,0.799997260871211,180.344512083241,72.287870037209,31.8901506150561,-10.2308460757802,-2.88331332607765,16.1862688892477,1.70033227742384,-2.91561793097892,-1.94170521485658,-4.8455256206992,-4.80025437201893,-2.53171228918752,-2.20085110248787,-0.666442477185624,15.7903992214168,-3.61984099590246,5.29502521056938,1.48158821992034,-1.53080678191195,-6.32507443948103,-5.21538012059523,-4.01975811990575,-17.1734540985469,-2.60725489531904,-9.49005670935873,-8.97434584723566,8.65832212006255,3.0767426734321,-2.65175658104797,1.78640398777003,-9.83794995400187,-5.80140787066476,4.34738447056626,4.90094559520352,-0.32735282941747623,0.11272673831610862,0.17625818846290509,-0.5309798718127449,0.8796644082901747,-0.7099771503456034,0.10198567020023563,0.09296855473555249,0.19291539803840832,-0.09941696733149542,0.06588611354047026,-0.054683217795160693,-0.12094306205920305,0.25280819608979616,-0.13930327790718056,-0.006563454165182588,0.13913360197634253,-0.09483709649667027,-0.10410954360211636,0.021748282746795914,0.02299915639586426,0.3544690254128941,0.16104884606888695,-0.10014916180132319,-0.04349654483121201,0.22010902236547963,0.06324079316182395,-0.10826436096810299,-0.16665528331181592,-0.20561078370492106,0.06313019722956496,0.002241949101565466,0.24387414305994717,0.07928426408944533,0.0398775379242248,0.005868900612344306,-0.07605223918619342,0.044548463501507436,0.06744543685014404,-0.03010858831630282,0.0053688891047799225,-0.15235576863321973,0.09438259719672391,-0.2190110891927091,-0.04281302062252046,0.13197517147565763,0.023329388927395413,5.776851851851853,17.260670349616237
5,5.501126276079,2.3057635348697,1.71221808396041,130.578393999006,103.093688695526,44.6955044699872,24.9828057035061,13.3053407603909,6.70941870281119,10.9995194340966,11.963489904383,7.63324490480521,0.241808851525918,60.7148900360054,9.96554107015289,4.72284832898185,-1.70218441026916,1.74785811351907,-1.39313578082507,0.430776374445568,-1.89521602817399,-0.214017004975833,-0.762542141620002,-0.909982288138324,-0.923353554137125,-2.03397670645221,-2.33547506224655,5.89598433007228,-2.01362619422389,0.0051657785504738,-1.93055782533028,-3.03385653697584,-5.68096297712242,-4.74004529124776,-2.42664321233074,-6.31734188275857,2.75659663534443,0.111789843896809,-0.561606246001568,5.37306296645028,3.59141964843416,1.1099467969661,1.05712370139974,-3.14801573813158,-1.04414792036353,2.0668636084665,-0.522490191279733,0.2462607056735809,0.008197400317795287,-0.362569687815533,0.12571885938128968,-0.7092335114512249,1.797008355869634,-0.5163730845783733,-0.07977721466707037,0.024137462456142303,-0.24531986388092797,0.0369283735116279,0.06782053108192523,0.3419727153211717,0.024905633614451504,0.08063829279450839,-0.005849734557469731,-0.060612619379354755,-0.04955839485163308,0.26137066895140515,0.3415002003798174,-0.15967191400794453,-0.2656437739777473,-0.007106463763806918,0.29435441293500125,0.31776232838646906,0.12791877416105538,0.2504796626871684,-0.26191081196952487,0.016982641476120584,0.29547960195383666,-0.11894333723217412,0.1109446199951074,0.19779558829432237,0.14258482937098566,0.024347643173624117,0.09557388986151229,-0.05340617880345141,-0.28228257282656444,0.029117076410578212,-0.10992848792205291,-0.29747969657573486,-0.2152570976900177,-0.056581248756711285,0.21701225715819417,-0.07766435404749238,0.11503412134299525,-0.1138539431170629,1.9722222222222223,6.684721719711842
6,5.62790227434745,1.07149922143602,2.67103209855736,88.0064445525834,60.2808205798025,24.9828057035061,22.0433333333333,15.2520422389589,10.1962918584396,11.5547888225419,12.4199288997676,11.5585172886401,6.0650894749992,48.0132006197495,7.03070452648185,2.30864561340638,-3.8338879266121,-1.93932446467117,2.51774670389119,1.45145144886386,1.38989652821088,1.14449053721883,0.769884879360936,0.308374714657302,0.432282760512289,-0.0222001916743453,0.365746212241442,1.95253446107932,-0.201886948578533,-0.287193287307283,-1.04894611967716,-1.32102841640084,-2.68685937560349,-2.90599836477051,0.491479299859281,-0.584157687393644,6.6075031943776,1.60913503517347,-2.33969170282249,3.34208488446603,2.20556186307928,0.0255115000592004,0.996941379897524,-1.57354717153625,-0.0352219680346108,3.38759823425798,-0.702102480859021,-0.014693608409609862,0.10163448138229206,-0.35294774726763967,-0.15567580190518243,0.1063897868318028,-0.5175914427105737,2.659697708109284,-1.0178245770252885,-0.29981956063261966,0.18633546445264654,-0.022344328094955363,-0.07279227554254716,-0.13711448396639256,-0.20556321653398252,0.062076021233527345,-0.018513236871322534,0.15379017694116995,0.16697916504013044,-0.31193087898694505,0.014847819804459228,0.22803663354075507,0.08282805702945785,-0.1608468122603515,-0.16358212065471164,0.08380351073171076,0.2850103636363066,0.40798521564763035,0.1019304266432002,0.007821092520859564,0.27869279533768704,0.22550319122248438,0.13210931013068744,0.06821975826079085,-0.045146911160538865,-0.11515351632276004,-0.1237149187294067,-0.5924754705050936,-0.03317879206997585,0.13301977702869738,-0.2523541374133688,-0.1854737622571783,0.06476420097730369,-0.36021732085457797,0.4197319963093332,0.19301821838040906,0.1901958732793757,0.2133750077281107,0.8000000000000002,4.693967760150611
7,7.14595764475009,4.45000658734568,2.2989252662755,49.565645948595,31.6920535595255,13.3053407603909,15.2520422389589,14.1233780332056,11.0926067164391,11.5525745623862,10.6917025417194,10.305207206561,6.61303229232869,28.8699672493791,3.95270685755825,2.32119126175027,-0.0412757903085609,2.13051142945481,4.61699312612792,0.217680554903621,0.723564157523913,1.96286984104431,0.519879235059383,-0.0217999957593771,0.862672920297887,1.11544165845213,1.72320114779396,0.0563006891847953,-0.253982931057864,-1.40603324858917,-2.03573155865659,-1.5797207028188,-1.84002122225215,-1.45705499290696,0.926553244208469,0.851643767465498,6.30282324796013,0.414618388926159,-0.572629652250362,3.68918372645248,3.12254408130699,1.47595247762849,1.53483414783773,1.57322341053418,1.80677561612825,6.10516494592377,1.14965337887079,-0.05443041746939617,-0.232171115596916,-0.14586448962258125,-0.0394245893995062,0.09184550539263459,-0.08044965733556739,-1.016696128675121,2.7248720022688384,-0.5412205700131527,-0.15759236606967708,0.05199920491519864,-0.4450730807416862,-0.21826335500814428,-0.15216601074428726,0.21115776235546732,-0.021649589681102165,-0.15163307741223328,0.11730809153975935,-0.38029339026091286,0.3936972477839269,0.088343922809671,0.1758540727455466,0.016354896197601543,0.13323614947237872,0.06664545981280862,0.01096656994579102,-0.41399194815891843,0.47920272130540825,-0.0645990259123662,0.7643241186639864,0.06227914269733822,-0.04674780696666985,0.027817852471914154,-0.024684169236056794,-0.024071712425601546,0.042618402171102514,-0.015806176001238237,0.2152169259596164,-0.13352124491507508,0.043973681287658765,-0.05342947652890902,-0.030302344417672166,0.5031099352213195,-0.0818273821864852,-0.05761395914801085,-0.039375903879827326,-0.005571413682974882,0.4888888888888889,3.7567776129557657
8,9.41583950797908,7.53149722680796,3.47562962004167,15.5242205965708,10.6537192304611,6.70941870281119,10.1962918584396,11.0926067164391,16.2244316730524,15.5315689051824,11.967750735539,7.678337600041,7.65287674812145,9.45299981813232,0.809385411573583,1.93924190722089,1.48682220679142,0.170538578121763,0.563850334170168,2.53010688937856,4.20246073657912,3.35021664165023,0.629354261287887,0.539043697738838,1.61196672104853,1.00985825574676,1.28029444058994,-0.256491781335054,-0.517594236664486,0.238657841404389,0.344064919542093,0.137056247216793,-1.60654792875911,-1.74390629535905,1.45112771036349,3.93125253347875,7.47529977309173,-0.26529303381527,-3.14774479453876,6.70319067170845,5.12570543023821,2.42151029418747,0.242375915033191,2.60207311286374,3.4904820881344,4.71772266047259,-3.3637648196653,-0.33367520479991336,-0.06905227048889352,-0.02922492900563574,0.02048622421036645,0.19368263909494068,0.02424584564444936,-0.30187603954898246,-0.5436567519884619,1.8934972539059618,-0.5654148079391575,-0.09349567194773804,-0.10883252425374602,0.013843860204951926,-0.13274004247072368,0.26681582496402095,0.05469951845415625,-0.13953674384810408,0.03138080282469307,0.18718642860301693,-0.06324359319940309,-0.05620252682179193,0.21924706012758977,0.52998039364373,-0.4298336154707196,-0.16310483678113571,0.2385037642876465,-0.020626673528988136,-0.27924872364993547,0.17606325586667965,-0.41973673519150856,0.04230239924536389,-0.030586795044957767,0.15398159781502344,-0.21528522748533965,0.03113558924977065,0.09693545570986899,-0.02636819947980216,0.015388124169002223,0.2831368161832077,-0.4646223288207069,-0.2028187457199767,0.04336089980972467,0.32794761429478647,-0.10846816721545142,0.14366223009506163,-0.31783916996351586,0.2612912359804973,0.17777777777777787,4.0267147494020925
9,10.6251249258042,5.43180322629623,2.40081166787282,28.2712716732898,21.6691871067573,10.9995194340966,11.5547888225419,11.5525745623862,15.5315689051824,22.2521455938697,15.873168853876,8.62687924458156,8.0966747991991,17.5157303104481,8.68831096679052,7.25261550744038,4.41926497474865,4.39558205170456,2.44427885970501,3.64339221027094,3.46973827974244,5.10579512956268,1.02192907179542,0.793907737435779,2.87242986633719,2.06172695051935,2.00547726658425,0.578006470228855,-1.51438733993303,-0.629415094553568,-1.49352287316256,-1.49464829953225,-2.76814608587826,-2.44528098307113,1.18182113966845,3.60824695075877,11.2933329829658,3.57104507825653,3.89755230638165,8.43999312660507,5.27629732921744,0.860296456793084,1.13628072917797,4.16348693069919,4.22452797129967,6.11590453135344,-1.66759963388816,0.12640310743810562,0.20835659258053207,0.11184669170847865,0.053583652171749645,-0.09947205161628238,-0.24527865420527029,0.18776414715105988,-0.15803713732607008,-0.5649929622777995,1.473798689494317,-0.7429120065376131,0.21144189689272647,0.04094682855969584,0.06472801739851425,-0.03539902120853453,-0.19903085315863095,-0.11324272395502534,-0.09857834269237543,0.0047562415446461715,-0.0498282543304235,-0.28733882936886235,-0.29362885775174474,0.0766452847560147,-0.002292226332036327,-0.35329394959737376,-0.5894687291161153,-0.3598030604838968,0.12487547493331744,0.005707019053753834,0.06678600270651847,-0.13263048765646648,0.05147118505655711,0.3401799895752921,0.021563210427174392,-0.2755157006801025,-0.10513055400262959,-0.19665973399380013,0.15111750905991106,-0.05515601388887692,0.009704124064344299,0.09192649935799126,0.15970335330205895,-0.15333391605289115,-0.2261398149786897,0.1623950332936597,-0.07576879323443167,0.13304719512270927,-0.8666666666666667,4.716157927155296
10,8.70793407952358,1.73188247182945,1.1442405257834,39.0511576204511,28.6435765504523,11.963489904383,12.4199288997676,10.6917025417194,11.967750735539,15.873168853876,15.4897694975904,10.6239169648303,7.96076602091963,23.9525168570955,9.58275666551421,5.0711580680967,-0.640223939172496,-0.498179132192978,0.857877289080062,3.85571619633371,2.67458246379024,3.87632044659813,1.71679729374707,0.382969928853185,0.792680604280691,0.0264818782164629,0.845567417576503,0.758896630472017,-0.98492839638554,-0.203899173123763,-2.84144085628952,-2.58917353886194,-2.84488215069962,-1.9083265237495,0.34028627057609,0.979172062858454,7.61909684174282,0.503492552580585,1.29345285814744,5.89081496900686,4.11161354946365,1.1810722118494,0.196966496453514,2.50821049105598,3.94544058730747,5.37776621728338,-1.37576362619562,0.10489067353408509,-0.1723846696844956,-0.3979059603777096,-0.01453047157532738,0.06651704217099902,0.03573938962068943,-0.02211874442781928,0.053641674010974374,-0.09402956232797069,-0.7430294699123478,2.032245009107946,-0.5219052943148872,-0.28164112321814916,-0.1368447658159324,-0.1978494190885388,-0.009000969646566215,0.550108458788783,-0.018541174013119534,0.1805676704371214,-0.336621503318006,0.22210498111160998,0.03211022471933062,-0.12194732516799353,0.08769741802922121,0.01166783655891393,-0.021096560124134564,-0.06878071129866233,-0.12841155662917722,0.13886054963209887,-0.08554939555755574,0.03172675549141151,0.2223517661230115,-0.025268855294530945,0.3611119690056725,0.25624800696763056,0.0739334265316646,-0.001790111646665865,0.42583348063563686,-0.33603764605888825,-0.22928338826160619,-0.19291530899465686,-0.05343041535549036,-0.21857711534653082,-0.14246333033104136,-0.2445136099455452,0.14766567067483433,0.21078722014638873,-1.9573015873015873,3.934433821732216
11,6.63419696446864,-1.19839744054193,0.437853748069274,40.5120447011864,24.8611946014184,7.63324490480521,11.5585172886401,10.305207206561,7.678337600041,8.62687924458156,10.6239169648303,14.259839235821,9.23796963805969,28.5487876824484,8.88388144039361,3.11879241828151,-1.95523022601388,-3.25531904053793,2.35612720042892,1.80040322883031,1.90515839243731,1.9818449568797,1.39932478588206,0.755910389513927,0.715717002429005,0.623798828729555,1.85898315650253,0.275173078593536,0.403015127271793,0.367474330382592,-1.6149785784654,-0.998222961421559,-1.12427150878908,-0.795501181836692,1.61042570485944,2.42287355278741,5.73926984851903,2.27262491699497,-0.298794856618649,0.879224768881503,1.92523361671722,2.08257908392433,1.07690887735164,1.61167996184988,1.77819365580732,5.31719753126742,2.42337122423645,-0.07540774156535465,0.4065313318517432,-0.08754972894265978,0.038123863120308785,-0.05741802613557955,0.06696928603693841,-0.07337569768862208,-0.44259181364429895,-0.1094254684527374,0.21206212167708763,-0.5236014578024007,1.7534663331043323,-0.5601940386449252,-0.14441816158486595,-0.09397351927478531,0.3709236523976956,-0.31998380175188257,0.04907912215413489,0.01246623242703606,0.025675574351604467,0.015110413555098729,-0.22563324795093748,-0.3184103617974351,-0.2940447910728229,0.008303876296289254,-0.003236872527185091,-0.184744082648755,-0.253791504979892,-0.06405978467738362,-0.3946775152051642,0.20696215934111145,-0.18033911159658658,-0.00724179942868194,-0.20052264130762637,0.07197395282555673,-0.030992298578293227,-0.14220390301345517,0.051839401977542235,0.12065107967725253,0.46205046463760546,-0.03812950880225646,-0.5291814992270386,0.004226621339747889,-0.33742989496798886,-0.0874457276051022,0.1853545656632841,-0.437665201947537,-1.422936507936508,3.7748959238396216
12,8.89427541628267,-1.43108785274405,1.555101217342,-3.62610943380322,0.799997260871211,0.241808851525918,6.0650894749992,6.61303229232869,7.65287674812145,8.0966747991991,7.96076602091963,9.23796963805969,14.5617150986546,5.42005798922454,9.32981951371953,5.64543085220909,1.81752715387053,0.644852726646778,3.87923258987919,1.0795643144481,4.28357830049461,0.703523074398639,-0.4404126216558,-1.65873991976882,-0.519556828185819,0.374324758200941,-0.950028333694756,-3.89354129767914,-1.42607500614039,1.1425173258521,0.523676882838724,0.497546929331887,0.238021123930601,-1.42855522671845,1.42677028212254,5.09301123687237,6.95166164379111,6.5848250890161,1.03704822591191,5.07412729553952,4.54481203733129,2.87781666033187,2.29618357425949,3.4672985043593,3.26376314084615,5.59437643082509,-0.208251823204597,0.037027036458160405,0.22061864738140483,0.09750703603755415,-0.03291631593881482,-0.11960594801806698,0.343024097234043,-0.13738789487140574,-0.21936215621435617,0.013970261012616078,0.04213354450888592,-0.2819632284891762,-0.5605680668427085,1.2934689877013728,0.23814224186158342,-0.06064512347702463,0.031706680687098976,-0.01877699477131065,-0.1164601713019878,0.1137044211912068,-0.03714378902318796,-0.3802479505076726,0.2922648479760324,-0.03588213777606302,0.5561737940950141,0.17621510262890408,-0.26842687979196056,0.033559516311712126,0.19827165965129037,-0.10753759218797054,0.16467027622116953,-0.020044637514292724,-0.011190899273917903,-0.025423074044692143,0.07731766205005357,-0.0005133517585695195,-0.15333009059527278,0.09100502642664152,-0.4104781545497807,0.11704105188829746,-0.15305282399515213,-0.18293286291913702,-0.04505739817459599,-0.059919549774614736,0.10421678533547914,0.134702513647297,-0.25415207283048025,0.18466685628371862,-1.555238095238095,3.814671034133171
13,-19.9459176592851,-8.17550906640189,-6.74411283012259,316.69002549229,180.344512083241,60.7148900360054,48.0132006197495,28.8699672493791,9.45299981813232,17.5157303104481,23.9525168570955,28.5487876824484,5.42005798922454,196.116456142377,34.4976915519576,15.6055680331221,-6.06633297295123,-1.74800047680935,-1.06350170690237,4.44683671494866,1.18525151780151,-3.46299063103738,-3.25420053043101,-2.38550945640774,0.472089002383674,2.07101986609168,7.57807890466265,7.54782781459227,2.25405344545537,9.47293393599575,0.968979793818811,-0.174972056655167,0.743876318829173,-2.76984367776368,3.66229753430695,-8.05359395741078,3.18838800814182,5.39157499342806,-4.33095361128561,1.67472101989479,-2.37145271795634,-6.66997308951206,-2.22388885756724,-9.0921355881435,-7.50943971837379,5.03509659280147,12.504371773613,0.2551041760454574,-0.0029375676809334835,0.33466572489948304,-0.5536630139109893,0.2529224754987203,0.02559120049195829,-0.20585174832254102,-0.1530660526505877,-0.13148531832572602,0.06508092444559742,-0.13512420012267087,-0.1448173154401499,0.23831543726976587,0.9553040574957312,-0.41415974827147517,-0.25798389522541326,0.2555721768533629,-0.1113915318193216,-0.0061653215494526575,0.23362142332916436,-0.30960051109302184,0.18458159645488206,0.016403684677153155,-0.05348625448193783,0.12234227412996342,0.16029624631217596,-0.015803552186826518,0.02192445166068704,-0.2971153226620519,-0.061088813730084526,0.030855185340929972,-0.010548689244872008,-0.11738981338277296,0.3583006227547744,-0.0969929192245664,-0.14545695518447974,0.05019236896870605,-0.21581863206424284,0.13375857425077584,0.10393374898880305,0.023817447506750293,-0.03374796104747933,-0.01491274820847679,-0.15835047334346744,-0.00165507740806204,-0.042204627654083865,-0.16146226307519213,0.779404761904762,14.003801488966369
14,89.8167738125329,-6.51905402867997,4.83750709946734,34.4368237273294,72.287870037209,9.96554107015289,7.03070452648185,3.95270685755825,0.809385411573583,8.68831096679052,9.58275666551421,8.88388144039361,9.32981951371953,34.4976915519576,100.16817529118,55.3993868592185,8.34222801550643,2.73446671867758,26.8582091748873,-2.51795039287985,-0.992433192534823,-0.439319938411789,-1.94672925386859,-2.35335595857314,-0.452161751628873,0.189880790932358,1.63217154266005,-0.506751002976163,-3.00224349607954,0.926507524559767,-2.97600526004715,-0.934730798436064,2.37971077589644,2.28201937869157,-4.93767462922471,-7.23308784521852,2.5078942054507,8.86604509635911,9.34462592983853,11.9919200833044,5.58842952252112,-0.581387490014134,2.56188945583754,4.49426181511358,-0.533069010071079,8.03548368034209,7.78523768135664,-0.6092472375325393,0.4384268294878632,-0.03212891689607406,0.20843760950652254,-0.14007928265651814,0.08153640881128742,0.06029743586248294,0.2052308847716298,0.2677157683124285,-0.03641207638394708,-0.20003986916514305,-0.0933194224879142,-0.06287374475579187,-0.4158615379755381,1.5130168364808214,-1.2960687317153272,0.20587224726444478,-0.1388591536571054,0.1974148670025449,-0.019078079552770244,0.06839798973548916,-0.039870739764600774,-0.059559675002603986,-0.022284401557996415,0.01817644259079487,-0.01523227563760765,-0.1948597771654673,0.10325068711243317,0.339842324690221,0.008542290340636104,0.012099828436926462,0.15593997810832522,-0.11306884311668762,-0.3142820783029475,0.03356313244082576,0.15170756224007087,-0.03349212403880303,-0.12249312624509136,0.08819035087117502,-0.04866199603343067,0.00033173691515396304,0.04856852148443107,0.28275990688508723,0.16946271114707387,0.05759515241456922,0.05333214981466342,-0.07977404270122115,0.4668253968253964,10.007905639602113
40,44.6955034071833,-0.938710004306876,1.41706918545295,10.5224163645319,31.8901506150561,4.72284832898185,2.30864561340638,2.32119126175027,1.93924190722089,7.25261550744038,5.0711580680967,3.11879241828151,5.64543085220909,15.6055680331221,55.3993868592185,36.5233163965509,15.4586956137483,4.91761544777552,14.1356718809481,-0.145273013878911,-1.17106221270108,-1.18635105854024,-2.1336040374954,-2.12376963876058,-0.442594469006306,0.166810758716678,0.775367577355295,-0.804484817335018,-2.31334947828259,-0.244368212940337,-4.19681049678373,-1.55401449302313,0.855535333315082,1.24176205168255,-3.80652148470327,-5.78943922202141,2.08018239592908,7.85927056579482,11.1949256904414,10.6465535288737,5.8125952142391,1.03274251677065,3.41994388104791,4.98853685252466,0.395308484031963,6.51762050975773,5.88650531200758,0.06871553281810996,-0.23380620410393738,-0.07801076185409017,0.132637251623151,-0.008397216888543798,-0.006487026873947351,-0.01931226175091229,-0.014229382465759048,0.0563984236152593,-0.19907827290205166,-0.008201506871205636,0.3726742112955401,0.03153747116181545,-0.2600996674735139,-1.2946532664850643,2.596983490787513,-0.9946545585654866,0.18273677822718412,-0.2043316213168175,-0.2729465409393133,0.2510049709205484,0.21839738736678208,0.02810500802367869,0.21889105629851904,0.017347739261433404,0.25995579281254383,-0.08688862083772562,-0.03594131327223737,-0.1908393099117982,0.04769569493917557,-0.05576595336992863,0.014506396520517368,-0.013101459219581087,-0.030078857522592425,0.0110892863189563,-0.0010121771331397334,-0.012409934157572165,-0.03335493731429524,-0.05585633217883776,-0.09032763622338356,-0.11358854506774937,-0.22198670112565874,-0.14073987886268494,-0.04134240730626658,0.03550082624992859,-0.0001120933932796952,0.23824287533545271,1.1209126984126985,6.042624959117591
41,-0.936097241141392,5.20195833930829,-1.34959192299577,-14.6735122916329,-10.2308460757802,-1.70218441026916,-3.8338879266121,-0.0412757903085609,1.48682220679142,4.41926497474865,-0.640223939172496,-1.95523022601388,1.81752715387053,-6.06633297295123,8.34222801550643,15.4586956137483,23.1984715493493,9.90674421115069,1.76973990693588,1.74703330224403,-1.56788550015974,-1.18900452084801,-1.86616043721062,-1.60734329319417,-0.359066157437772,0.716340787547025,-0.129646627350103,-1.99571917875287,-2.00692982449926,-1.12911227428298,-5.43259249235113,-2.15479450089059,-0.605902439441307,0.295830913470406,-3.1396979378634,-5.04751856005476,1.64141972631021,6.60374273926811,13.3997980368482,7.68505542894197,5.20426500504799,2.65950591192098,4.66507263251599,5.66764802344503,1.05861414337973,5.71988452093288,5.69767731820245,0.14524035902827995,-0.19300905745672767,-0.053845593843716975,-0.20206935080778732,0.14046651058500326,-0.06048575296742989,0.1552962940073943,-0.15270381358509744,-0.13985293811137445,-0.11311085776736968,0.5526730227291495,-0.32045997788584574,-0.01900970275847994,0.25594413825681467,0.20533139067977876,-0.9941619949765625,1.1457124116649138,-0.13207531313992157,0.08741650092024439,-0.1008476553800615,-0.09486076000748637,-0.08497325243089836,-0.05598258829443368,0.06467360823887433,0.16203579514840627,-0.10323262588835952,0.1037772747379864,-0.05133548201441651,0.02002539165316647,-0.13530945146350856,0.2048422761750553,-0.2768511629027666,0.08086227821457369,-0.003981363933292023,0.11618996463205558,0.016359388042829062,0.08177078246676925,-0.017548779691755872,-0.2565934969504127,-0.017511421370187703,-0.029814678433258242,-0.05238937342531916,-0.16406220530254964,-0.26214113015268664,0.07955294763049459,0.09112142424016985,0.054933980720815484,2.066666666666667,4.815440950665815
42,-2.3395298178607,8.4198925597044,4.88682590546441,-12.8702830065639,-2.88331332607765,1.74785811351907,-1.93932446467117,2.13051142945481,0.170538578121763,4.39558205170456,-0.498179132192978,-3.25531904053793,0.644852726646778,-1.74800047680935,2.73446671867758,4.91761544777552,9.90674421115069,55.0132806012054,21.5039195150206,-4.0409571863876,0.0069200054978745,-0.733028970673838,-2.27452250495843,-1.04943780319234,-0.65477865401865,-0.0770312822801095,-1.74344827715051,-2.43342764914716,-3.03474113547713,-1.51990250396021,1.08873655335878,-2.03058777387655,3.57023532748731,1.38756935825637,-2.69641809328882,-5.13167731370176,4.96352852086568,0.059136508417194,4.93660736754999,5.43456447200803,3.83905658801674,2.05151336554667,3.87129973391472,5.24156642828151,3.67220182133581,13.239875130575,8.89394567507309,0.23020721285678294,-0.2425382103102507,-0.10393688542894262,0.10989423639339996,-0.09538010261702917,-0.049519915969461266,0.16823443353308196,0.11958127733307383,0.031428635680235455,-0.09949132141004612,-0.01853495534436996,0.049730540462354096,-0.11638254320700038,-0.11128141157211371,-0.1395206595382041,0.18246305048823655,-0.13191569961779376,0.45773941062500245,-0.2930827244020094,0.21895020774598303,0.043952355093553726,0.006718667411882776,-0.0629333661012549,-0.13263985588542132,-0.024426998037768554,-0.03985104835453369,0.23243666654518186,-0.09857220694355488,0.13676607884392752,0.11998214322092211,-0.19674332036671152,0.08444433319606102,-0.11191905359571612,-0.0401440092522957,0.13457114778820822,0.05946900738208012,-0.17720081407848606,0.15229791273309984,0.064464422632748,-0.06371566020266645,-0.0034194377675940833,0.11926399374408948,0.07046940671015019,-0.011889607733445363,0.04885225280147859,-0.1845503099293232,-0.11106037066287813,4.567777777777778,7.416419661885739
43,35.9421410184236,0.864118822651526,4.56551984267093,-5.95655837974969,16.1862688892477,-1.39313578082507,2.51774670389119,4.61699312612792,0.563850334170168,2.44427885970501,0.857877289080062,2.35612720042892,3.87923258987919,-1.06350170690237,26.8582091748873,14.1356718809481,1.76973990693588,21.5039195150206,31.8480484283799,0.988343884757782,3.48755363270481,1.38101982818831,-0.991715888558537,-1.6087178213941,-0.403021381774598,0.0778832767628143,0.0353295295593381,0.856712853581101,-0.973974308535575,-2.93208811020226,-3.0071951901234,-2.46255948282289,2.22437885461128,2.90684723428904,-1.18474312346548,-2.43558838655596,0.959640107479433,-2.37512594786411,1.88884245174462,5.25084358003051,2.10620694530497,-1.06003306992439,2.33399187706449,3.0740330390468,2.82068748479798,7.85102640768353,7.28270738235538,-0.20324171214419662,0.2997405383625413,-0.07417206673157341,0.06364281832215819,-0.10334967595855649,0.2620630677439539,-0.31282596148693254,-0.3825731750965825,0.18731659689018787,0.005080736303623712,0.1800381054483556,0.012308266840150173,0.11443684120163446,-0.005620313757535396,0.19693827318914203,-0.20463705117919373,0.08772078297227104,-0.29326820728847297,0.6840614058761901,-0.12014553814889746,-0.22403547598863285,-0.10876194075176245,0.07030519876934246,0.11921473640504388,-0.1594849093524638,-0.00243601526635015,-0.1733850484818834,-0.09038878532369884,0.04704841735999909,-0.1812911892552708,0.1484122626859008,0.1492029291955051,-0.20711593911243756,0.09353174841686555,-0.005433896384140584,-0.0573298627718475,0.1922900426974618,0.00590062035315101,-0.06237606322186241,-0.05547982681226215,0.0018658953023774998,-0.006472485356146943,-0.11282329641886397,-0.08698261073877596,-0.030814160558620057,0.05347364948465384,-0.0033589179555793187,2.9505555555555554,5.642521460161222
44,-6.74117315948862,-0.203365163019514,-0.811859104430185,10.8904976850946,1.70033227742384,0.430776374445568,1.45145144886386,0.217680554903621,2.53010688937856,3.64339221027094,3.85571619633371,1.80040322883031,1.0795643144481,4.44683671494866,-2.51795039287985,-0.145273013878911,1.74703330224403,-4.0409571863876,0.988343884757782,14.1811485940914,8.85002612304488,1.03852303319739,0.768522508908488,1.03897138881969,0.38157981512199,-1.29991893252223,0.0078663234983275,5.20933055705137,0.370428893881811,-2.89328546645975,-7.00616766351298,-4.67844595652025,-2.6672022671322,0.861155997225502,-0.980465207019178,-4.02754122063042,0.213110740429152,-1.44552252817953,-0.253156462843553,0.420464703364474,-0.778596436031013,-1.93840763194944,-1.91221574141215,-2.38296387277206,1.14536073152425,0.326074137815657,2.39812774229675,0.23747784285950063,-0.05270660225859108,-0.30745681436433187,-0.2416899613927709,0.02147691670403107,0.34087067781321523,0.017849973088575187,0.3939926090082694,-0.0625913119388904,-0.049822337125254135,-0.33729076281795417,0.025791193165776116,-0.03744211333180604,0.23441233560221267,-0.02000015745531843,-0.2722907444932783,-0.10095168688251754,0.21854064774148646,-0.12012510235303021,1.609438675099453,-0.9372329390275494,0.014882681163785386,0.04026741009904919,-0.24872851447532948,-0.18058619048457805,0.5291069809977893,0.3308688625889364,-0.20741543039109814,0.07048125391643115,0.3307818638223375,0.05586482306941573,0.21940020078177472,0.2461804691808657,-0.1854113121662081,-0.02322565115258367,-0.059718185333005804,-0.11585295130039437,0.10679344525762378,0.047941359682343226,-0.051263605983335514,0.03062889796151029,0.10902924005508216,-0.00852710437926806,0.050178769945619206,-0.12275242932048117,0.06072684387994959,-0.3124257610823697,0.6583333333333333,3.764458605708314
45,3.25531783755257,2.58983038665754,3.34331862194649,0.330979261221346,-2.91561793097892,-1.89521602817399,1.38989652821088,0.723564157523913,4.20246073657912,3.46973827974244,2.67458246379024,1.90515839243731,4.28357830049461,1.18525151780151,-0.992433192534823,-1.17106221270108,-1.56788550015974,0.0069200054978745,3.48755363270481,8.85002612304488,11.5819109195402,2.3968987100034,1.309709903923,0.733820009814661,0.706064064002636,-0.186555411851878,-0.557659434640191,0.971447757722577,0.858102844244521,1.00729423130527,3.4204540284234,2.1524060667804,1.50412674389537,-0.862411180607271,1.06931526122472,2.43224838256506,2.22277978692347,-0.671280874024742,-5.85377591482426,0.961496642432836,0.360449794155182,-0.414691471850454,-1.90939267475476,-2.91036154016688,1.14475075219713,-0.613179375161227,-1.48011707605347,-0.15173301079247167,-0.13846794725703826,0.10819615783400319,0.17148450464430381,0.02318143787396447,-0.1593086892792889,0.225228745469598,0.08737277494914329,-0.056679338035978896,-0.2893076199480173,0.2208758703319657,0.014359306169346817,-0.37924479848741477,-0.3096452844729678,0.06861479736061346,0.2524913012497616,-0.09556768708875857,0.04429617351821713,-0.22473586750974267,-0.9384159113383066,1.6347317707144589,-0.17821574378610716,0.09416049523390094,0.02666894688889042,0.18564604072537733,-0.08973603968817967,0.28909108231813146,-0.005996313795201279,-0.13847201536237447,-0.04116167616704349,-0.08504284355551962,-0.2553416048011609,-0.25708063309781537,0.36308824833716197,0.05211421324095821,0.21464143016048587,-0.1187151527113562,-0.04845505043290786,0.17857642494974768,0.04516799329857991,-0.010760451001088862,-0.02161032254124514,0.18048625940887947,0.5677365337946729,-0.1398609536510377,0.050969758210601276,-0.057524755325179554,1.1416666666666666,3.4017511548524872
