,Cov_0,Cov_1,Cov_2,Cov_3,Cov_4,Cov_5,Cov_6,Cov_7,Cov_8,Cov_9,Cov_10,Cov_11,Cov_12,Cov_13,Cov_14,Cov_15,Cov_35,Cov_36,Cov_37,Cov_41,Cov_42,Cov_43,Cov_44,Cov_45,Cov_46,Cov_47,Cov_48,Cov_49,Cov_50,Cov_51,Cov_52,Cov_53,Cov_54,Cov_55,Cov_56,Cov_57,Cov_58,Cov_59,Cov_60,Cov_63,Cov_64,Cov_65,Cov_66,Cov_67,Cov_68,Cov_69,Cov_70,Cov_71,C_0,C_1,C_2,C_3,C_4,C_5,C_6,C_7,C_8,C_9,C_10,C_11,C_12,C_13,C_14,C_15,C_35,C_36,C_37,C_41,C_42,C_43,C_44,C_45,C_46,C_47,C_48,C_49,C_50,C_51,C_52,C_53,C_54,C_55,C_56,C_57,C_58,C_59,C_60,C_63,C_64,C_65,C_66,C_67,C_68,C_69,C_70,C_71,Mean,Std
0,304.512918563954,312.282706111131,301.827271759737,275.215213777034,271.127292705253,197.526721524202,122.821211293878,107.65318458304,95.2029249061206,66.8532496460126,27.2416910558949,50.3726913889077,36.2006027454464,58.5077617476757,37.3147085989952,4.82771719002662,-17.7296298698352,-17.6265109343967,-32.6044694415987,-40.7991437597683,-28.7278188158051,-32.2541575633607,-24.1798241303494,-16.2103577585706,-12.2546409120649,-8.64256761760748,-28.7050424436052,-50.3745232722643,-45.4438549514253,-33.909278365099,-25.7585857828709,-19.1053588121531,-16.9067637561214,-6.27864715743473,7.12237747314324,13.2342191048581,-6.11629762096797,27.0242707960572,59.6607217572795,101.115165792232,13.6493111035146,44.3614733783318,53.7409208789079,75.5655679050776,59.7599657417327,82.6893289533823,111.133055364085,105.429405179495,1.7780529919225154,-1.4336522580881355,0.04959218100168992,0.02114063273718059,0.02932797767711091,-0.11313235943062898,-0.0032182591779390058,-0.16013520558988725,-0.11542695374761272,0.2556041801711149,-0.02631146288298936,-0.18783139847773436,-0.0020302281793598033,0.14292133546711402,-0.08897627295391136,0.19932277154347347,-0.1155635587928388,-0.019225291097109406,-0.1497144268057284,0.06586187886556207,0.25131870685872815,0.1363119822703875,0.14212010822988574,0.12759787608281006,0.2448574914103816,-0.1867587032983584,0.003871026631250344,-0.013422464393716459,0.2881138378584733,0.058730584706616774,-0.014883099607684054,-0.2916425084000794,0.029540859620538845,0.22387793058600405,0.016705935071260874,-0.01003626534990082,0.09319477764430832,-0.05593078941165383,0.07824131536659985,-0.11477114560129394,0.17555889603492314,0.2554356164059034,-0.25435721411257034,-0.4867694494077161,0.2935718278569492,-0.05218898447468764,0.05231791115397251,-0.14516200289553238,5.420194003527336,17.450011993232373
1,312.282706111131,334.483539345255,327.642871387783,305.820382581187,303.845497554196,221.235465340091,135.567015196442,119.136615582057,106.021117254441,98.7396001699635,49.7657842779963,74.1120203033596,66.7300721204294,90.214389103003,61.6463729258067,26.9729281117358,-8.66199407597594,-17.6428463677759,-33.7925876696391,-39.1683697633334,-25.6106798282822,-30.142906255042,-21.056947368423,-12.070125697219,-7.30282295706084,-19.1029815381486,-38.5383466197727,-53.1151936770808,-45.7461666115817,-34.0676293486097,-27.1434837815328,-21.3054610648711,-18.0702335027041,-6.04191429344283,7.90794449381162,12.5671491798063,-7.16392370495657,26.7115948403959,57.8412189646537,95.7884677193606,4.00510931277553,32.8746534816254,36.7215203351427,56.5117485057316,44.2487710450566,71.0544325030781,104.739762321785,105.325747208638,-1.444848736120401,1.5558944045715815,-0.48185956787665013,0.11481176235112378,-0.00792439281454518,0.039120003068314514,0.066983911202772,0.060050776578690956,0.16921632473500883,-0.35643282840749785,-0.058258723440942704,0.24455457329914557,0.20560855260223962,-0.18621560915212323,0.019146628249638357,-0.009667029759677754,-0.11615064208746957,0.027257465136463547,0.0310522033816418,-0.019831374983779765,-0.16218927700542457,-0.16272201900411196,-0.07736336535355996,-0.053866763426858026,-0.2434471417765115,0.1671848756918905,0.011795692257886323,-0.05452762822235092,-0.24416498701541492,-0.06532712093984848,0.08077261006546448,0.30032295447501756,-0.03470824113189083,-0.11125224667353423,-0.10719012539993483,-0.07413455953394825,0.038375708683936145,-0.02994938280176167,-0.1353398581048076,0.11071731932350237,-0.21681998249151171,0.03686981632784601,0.13360191441649613,0.29587382681863494,-0.1569961835090557,-0.016359181831430356,0.0826052919902849,-0.029979586582747016,5.913787477954144,18.288617753817682
2,301.827271759737,327.642871387783,378.311946224765,373.57987368262,375.269566211536,267.090411217564,151.744125551127,136.231824232549,122.409518416808,117.881589692315,95.8558453544709,135.421559674011,143.028860811349,167.533449961981,123.385199514272,77.0125675708551,15.5030603961154,-12.1289954273392,-34.7132392362109,-38.6774259432107,-20.2158937177436,-25.5763945636578,-14.047681527083,-5.39711381490319,-0.905775135609973,-15.2385047930767,-39.183079183338,-53.5955019794166,-49.4826323964366,-39.2103801072808,-32.976926974777,-27.3723600328341,-24.9023845852992,-13.8324277714878,-1.87082392411486,7.47070533927998,-3.13801900895099,34.5087575315458,68.4594211862952,108.380555185222,-1.06101549027276,37.6986510852006,33.3032470067209,55.6452340639279,50.2593514075042,81.7771345298084,112.518359127778,110.806539339942,0.06009074394577848,-0.48666701404448304,1.1338695564069288,-0.6955096593996558,0.06703696478719617,-0.04529475787009433,-0.08985762047924438,0.1576449927087414,-0.2472538574660329,0.20766827244819802,0.24471889678561173,0.03463946763539218,-0.40019506149237266,0.09492969190244441,-0.029253900817399307,-0.14544098741058872,0.25884413757223734,-0.09284011364087535,0.5081746204005483,0.13029409539289247,-0.15846501563654988,0.005513662574813119,-0.03299503146726771,0.027121994933041734,0.09665690068920847,0.26309040509912435,-0.22872070957029336,0.26961343967830137,-0.010085653286102858,0.00993689222472339,-0.0029092108433445853,-0.0028073102012233543,-0.1305674802484982,-0.11843748207160076,0.16641507652035842,0.0946838045202074,-0.07225112975504472,0.0931477172506324,0.049582227201890525,0.0864083203282939,0.028788029059474335,-0.3543263570323405,-0.05337347604248024,0.10689393921873144,-0.04139200743592967,0.005621142081513346,-0.12745625053807144,0.22923456044357307,5.589973544973545,19.44998576412756
3,275.215213777034,305.820382581187,373.57987368262,403.658456466837,412.352903283995,282.125482355285,151.48088204475,133.450715417228,122.305215194031,132.773535877294,128.077798027283,169.9995876845,169.676187515829,181.748067982388,138.522390157202,94.6300802453124,31.0111654766793,-3.65073228628606,-28.0018851573425,-28.6546349226883,-8.68324393839538,-17.9178521844528,-7.41272820357918,1.45555394326823,6.18136054124888,-18.1294390942045,-41.9279847794043,-48.8955459340672,-42.7571238900975,-31.4489976559343,-27.5934326278695,-24.0311899611157,-19.1979818150776,-5.74293725093658,8.70567640361539,14.6700340634589,7.40317783292789,46.2925115405085,80.1127473573395,118.338598000808,0.351302062272815,36.1825654814129,21.6600816876125,44.1377399338941,49.1255959805127,90.9374025518454,128.631822937194,134.848133072493,0.01167122761096797,0.12376528475314055,-0.702575395652278,1.10030745955525,-0.5719848855913748,0.30368577768910743,-0.17608819814323579,-0.06228715058896773,0.2183318062431989,-0.05783735444923788,-0.2143857590643958,-0.19357770406240427,0.12416078902992045,-0.028285918361066593,0.1418943465959367,0.032100394159931364,-0.014549902475848238,0.04717384823365312,-0.40113666640105744,-0.056044690292046326,0.08780093072809748,0.22045714165553293,0.029604886378673173,-0.14691052253445347,-0.3027853687646007,-0.3108066151088481,0.376655504037981,-0.04297701884426346,-0.1252410072747901,-0.02477871775710815,-0.09296911447832225,-0.1892772793516976,0.12603345294948148,0.23733425238537903,-0.03882042624916915,-0.1202552880301308,0.09516024925146073,0.015134692883206789,0.07886314585801085,-0.09269804971179513,0.110449097482425,0.24111974789612742,-0.12859960026702438,-0.03817874370097299,0.08552148782274452,0.008076799649247766,-0.2865819212963696,0.04860137975415136,5.97449294532628,20.091004366801492
4,271.127292705253,303.845497554196,375.269566211536,412.352903283995,453.425930356495,321.905759963634,166.656949728247,142.397427168191,136.895425940027,149.012514092177,142.433621204174,187.521299230912,185.748749341027,195.086204289524,155.860582501477,114.586834245575,42.2204387213643,-0.691884078221493,-28.2966827940532,-26.764755900961,-4.03558319259727,-14.158017652032,-7.93490023629163,-1.44858443892397,1.37856487199152,-18.1576434806458,-33.3988309795505,-34.6101114467638,-29.2409205506038,-18.7468370655665,-19.840645530648,-20.8558258121057,-16.3219772727286,-4.15333311780518,8.75929543770894,17.4466586151274,17.0107980507661,57.9316151299045,93.8709559399167,134.46197362461,2.5752920628317,36.9326798709893,14.8964657655556,40.8629866775939,49.6483903767323,95.7988185353359,132.833906690827,139.376738408959,0.027443193778950586,-0.01635985458706756,0.06814666050792728,-0.581805408182339,0.9967641192100928,-0.7246632235671242,0.2771221985079667,-0.07509491866330947,-0.12743660686687536,-0.058190952914240215,-0.00832371370444342,0.06387447254595556,0.04812928649466155,-0.07960413594015407,-0.0344405130147357,0.15413835578911403,-0.1705142950567576,-0.2191557777771774,0.14521629650226886,0.022779479402530257,-0.19785589967176884,-0.23254553852938228,-0.019402628121340137,0.13505033382107146,0.35877966478852424,-0.30101193093677675,0.2951590021191259,-0.05554034474772678,-0.03310459827769094,-0.033709180666695676,0.05165031103519337,0.2580302886352892,0.01984570111071985,-0.07235579276506773,-0.21753670441954556,0.01809818956210821,0.02527927196678675,0.07096614163380013,-0.08105488575299692,-0.01713666117609763,0.06972382371342119,-0.39300011831745196,0.40940909189382274,-0.09918825675471188,-0.12662160500859435,-0.008598323173270072,0.2749785751592601,-0.1999845508870624,4.647901234567901,21.293565468387282
5,197.526721524202,221.235465340091,267.090411217564,282.125482355285,321.905759963634,293.863389287995,189.519292032296,105.108553047477,104.117041424906,104.143651629117,88.2488502060959,114.062038047693,121.730845484603,135.925009459615,118.315306868414,96.9862121930492,29.466135179668,-10.4022684040076,-27.1590504125575,-31.1324393598593,-3.30777398962936,-18.2409912636491,-7.65675457144184,0.336195668712618,5.49056917368796,-25.7354221456712,-25.6531633474831,-16.4059955622049,-10.4421587773674,-6.48088210099769,-4.5100582532302,-2.02580422225595,-2.56311440862234,2.89733382339004,8.61197186792289,18.5043760091772,39.7217794871812,69.7492454783397,99.1035673566238,131.662269954793,-27.1960185973108,-3.63550389376688,-14.5929889406605,-12.3301976138378,-28.4532602317821,14.795757089473,69.3505125146166,73.1212906772951,-0.10105844963675488,0.036668746643509435,-0.034056456039476234,0.3139017383026284,-0.7324905820914537,1.1383557475818025,-0.6825793265700154,-0.09484682728510391,0.15531461853890186,0.06532951204900247,-0.1461902297630182,-0.08637228891951076,0.015151663323924966,0.09446641243378885,-0.09175928827564732,-0.015696438707585022,0.04314794904144718,0.05592102624982628,0.18929078699390622,-0.06660840733409007,0.027763866734628977,0.3333630900219009,0.17256997770244634,-0.014230078143664284,-0.31507288816935003,0.29204851740808885,-0.4519569904693,0.15586555910552374,-0.022653727037079137,-0.19790745829251513,-0.09373502851481376,-0.04802516037597699,-0.027623121826276128,0.0032303239496317866,0.2861914495071329,0.11117755318895398,-0.21610581825987438,0.0009409857109695362,0.10825109626865916,-0.032615786175950755,0.11555932191000776,0.07502871520634238,0.11474670145285587,-0.08450190884479797,-0.05238745809057836,0.09190881218606686,-0.11677642747581818,0.0981352646850884,2.364722222222223,17.142152411176227
6,122.821211293878,135.567015196442,151.744125551127,151.48088204475,166.656949728247,189.519292032296,162.29536075635,58.2907691093908,48.467830782013,49.9087775360952,35.6430919560144,43.6977410254008,53.1122110985787,60.5163696181847,63.7976421574168,59.0722500480495,9.17835115889554,-17.3377770888452,-21.7126003224944,-29.1984095455988,-0.957562487393398,0.504897778013029,8.84644423469109,12.2785105493559,14.1005517254545,-24.6801092049029,-24.5236963314806,-13.8170870443094,-6.22971243068715,-1.80368005836962,9.29472233064136,20.7880284445259,21.5738721762225,25.8514977469785,29.4712180084307,29.3351799877217,53.3434557519608,78.6253137000702,104.082087534269,132.844235807674,-16.4314175476496,1.7915145142488,6.67777651796678,4.92468062669862,-14.0146622549776,3.87712632031483,45.0166516479939,51.6084998616692,-0.007695628644297359,0.07636894245719801,-0.09466837828296848,-0.18393899645677894,0.2783483042337495,-0.6820304079976288,0.800678866420552,0.10020365627518199,-0.09942623061984328,-0.05455091237620752,0.1574567385444143,0.10273749179757792,0.062408872697062294,-0.06478376677630995,0.09498363338455489,-0.18845545105989364,0.1209842987854294,0.12432534212539254,-0.4171619244888104,0.022398512421352584,0.17424629065986005,-0.2822535238146609,-0.16761500275752603,-0.026730386813072653,0.11952092070132925,0.10967139245214198,0.053448777856269565,-0.27364645264253185,0.14698064567215108,0.258018687282604,0.1093199953576149,-0.03900763629769143,-0.033720395070503985,-0.024744709974866358,-0.17773672237518895,0.04040950184184475,0.050316976030361754,-0.06446316971535368,-0.11210243244247088,-0.003988221945220922,-0.17124383126725917,0.30503540515409633,-0.3855453351435017,0.12388195130550067,0.13342026127000137,-0.09649284471022437,0.20834743422805987,-0.1444006927996521,-1.3446296296296296,12.739127158339782
7,107.65318458304,119.136615582057,136.231824232549,133.450715417228,142.397427168191,105.108553047477,58.2907691093908,106.346067440045,95.624961444259,96.2448636488902,52.4521474450363,80.8657256741358,92.9352914766363,107.383217082523,97.3066592632826,71.2165536821211,19.4650180783341,-5.73426349987514,-21.3405822620079,-30.3218809499266,-17.8125916424765,-4.87783503207891,2.41518058030191,6.08226516111781,6.49036895850272,1.75498626155105,-2.39259001762079,-11.5785685184288,-6.7357480905375,2.05909175025645,12.5176020962633,22.6458535581877,20.443722109726,24.9537441659607,28.9460403720582,34.3449173349598,15.6902653890016,37.7707066279138,55.9564993419089,84.5375843634827,-3.40039646363967,12.0940546378406,6.79053830708759,7.31807790422679,6.34110475370547,31.6090085788903,48.4560585163135,33.5173545599831,-0.18301052136743465,0.06328854406689888,0.16890523845937033,-0.04959376500487638,-0.0897732639279761,-0.10001905013629077,0.1121879954880242,0.5201390814666347,-0.3234810069529307,0.009222924797934849,0.24801787117812957,0.08166958778075534,-0.16292617688252248,-0.050257744408844125,0.030604202593137956,-0.10762119716837212,0.11017049516731908,0.20059844383306463,0.03326171697826283,-0.015506782429209142,-0.12035390359383058,-0.038308989751998916,-0.048756684219981555,-0.13458745758155322,-0.22210493021891137,0.09158129064457006,0.16674141891587302,-0.0064995014827747225,-0.09814857745501988,-0.016377472729621218,0.023142322562556383,0.02737106032903209,0.020456010099802607,0.021464891033020756,-0.2206151938534456,0.04401022008318951,0.09149409077423655,0.05315501466191354,0.002333630276164014,0.03174623363735039,-0.1367039685561925,-0.05040510420573244,-0.1474259485598603,0.020689260855420867,0.24279151856198816,-0.21443013377984627,-0.19834733221535206,0.2805488680332682,-1.049814814814815,10.311938102997196
8,95.2029249061206,106.021117254441,122.409518416808,122.305215194031,136.895425940027,104.117041424906,48.467830782013,95.624961444259,160.903552123244,152.168504365552,91.7366000319991,111.907002437092,108.257909217263,102.971925973861,98.7602170598159,80.6401201965068,35.3122909143675,13.7509162237553,-3.86735655109475,-14.5422547123372,-19.5059566558919,-11.2584744474866,-1.79653082517583,4.18274228819059,5.48566149317007,6.95886249868244,14.7636675862345,-14.3750210672482,-17.212162008199,-12.2278891769114,-6.33854521441611,-0.367447391034039,-8.6000485543372,-7.27557172605869,-7.29983855080943,30.3430021254094,20.0765177094821,23.5359511684048,17.4816575248322,21.5283681738517,-15.3747751084955,-6.24751640950802,-13.1573862854205,-14.9812413995471,-9.13861063383797,21.9799530278313,29.1059675767373,12.6073652778278,-0.11072473467759221,0.16376597017179084,-0.2480769724259566,0.2049100940990324,-0.11882386224713787,0.15536046119373453,-0.11063257654919023,-0.3212017877108148,0.6724197617934254,-0.16618519823489153,-0.2849015494410753,0.03489605921305538,0.0785993751702358,0.042057537262693415,0.07587604215094866,-0.025899382771084258,0.012877441170849638,-0.2762466060547634,-0.10346980145003278,0.14376423501924446,0.23879233573798522,0.030177618820396313,-0.022242168712771057,0.08346546668957332,0.14390855476259812,0.023475192548726695,-0.18728060140569847,0.003666230714017818,0.0005576467838742142,0.10602455914271232,0.026413306711809054,-0.16679303046122793,-0.0743185601783582,-0.03821468957095626,0.5599663413611128,-0.45800002789416283,0.10326550518057263,-0.20657181353151333,-0.06131723059408785,0.10309851401163797,0.0986533831371978,0.01905490004355895,0.10366698940929343,0.11359815104545737,-0.13775755222195324,0.0904699537403755,-0.026581126605906398,-0.10454623521304503,2.3630555555555555,12.684382212912222
9,66.8532496460126,98.7396001699635,117.881589692315,132.773535877294,149.012514092177,104.143651629117,49.9087775360952,96.2448636488902,152.168504365552,241.684369412516,148.576136424049,181.438857655146,181.561548638663,177.212803471961,163.939128140942,130.892954717617,45.5236287056789,3.90370587238518,-10.6454175510374,-16.2992902841741,-13.0416227794391,0.745408475904886,4.30015230592464,6.54296846630948,4.60388923962738,-10.9046303309261,-6.40053922822421,-21.9701138387926,-20.918530786077,-6.55201389304272,5.3641114941042,18.002029377957,14.4245058102397,19.4541687694805,23.205927089789,43.1724413450314,25.6474520714602,36.8312130127982,35.2359083600789,49.4124177979824,-19.4674402953969,-19.303745687108,-31.7652826031088,-38.0470890407164,-36.7726009273668,-6.6538270360194,-3.32781931146167,-13.8524039070967,0.25817914636672795,-0.35734133337320867,0.213330405355542,-0.05431137021326478,-0.06417531401952214,0.07074578402240776,-0.05712750110993607,0.005085327598270224,-0.16535803861806123,0.2842450946881056,0.05706327629909295,-0.15001932390343234,-0.09190863208266192,0.04397555120309505,0.054221871682565335,-0.10982742536673075,0.11291403498190791,0.1134275846323502,0.04022436831240274,-0.13060164278257844,0.09168887271832593,-0.0036266055648338405,0.014707065817517444,-0.0029921685609230315,0.025946653226889972,-0.020015122810040673,-0.08939006031219111,0.027023385188990702,0.16345885810857633,-0.009469824890152917,-0.04177510641722782,-0.07526627788852815,-0.0001834190982143767,0.03432007969804844,-0.05104737025274074,0.13670686154005063,-0.09362314129099006,0.03526465373192319,0.10744088343288044,-0.07361104450124333,0.04130277450730942,-0.07677598508615925,0.03889005072524921,-0.02599822860101666,-0.013781525771236607,0.08079136545736638,-0.019417526783970136,0.024348315460608363,-0.18055555555555572,15.545879499485256
10,27.2416910558949,49.7657842779963,95.8558453544709,128.077798027283,142.433621204174,88.2488502060959,35.6430919560144,52.4521474450363,91.7366000319991,148.576136424049,183.262423184312,185.604453529012,182.336756931143,157.980273567134,169.06573854303,156.280384462989,67.4345904163869,7.28684920166166,-2.90809249527471,-1.40963367505432,4.47397571999495,15.9420225934805,15.5408649232568,15.6790300092545,12.8605769979591,-14.1093332356118,-15.3931757997372,-18.211073552984,-11.535282394856,2.29944005446511,10.6854677926221,20.4494769252185,22.3650414748525,30.2499199996768,36.3516728412489,44.7853222959385,47.0269740143225,58.1395157556295,54.7276779421114,60.5659223759227,32.0679288075857,27.1047538850357,11.077042685724,13.8945461220679,27.8683986131726,45.3914446502959,31.7307722511544,40.8901826149953,-0.039389556168579754,-0.05814952633443741,0.257111908454185,-0.20849121710308344,-0.013586026361142093,-0.15375292961230944,0.1702077895817421,0.24661650308220806,-0.2895438128680587,0.06257484735321962,0.47033084526804075,-0.05582497109279175,-0.21179902158055425,0.05101401528475204,0.013304828812797414,-0.10968206596941243,0.04402859870434915,0.3221842202811455,-0.028604329784011583,-0.11766059959726137,0.020105668412631034,-0.15074197119924604,-0.10488968320635798,-0.09666121514803416,-0.0016442328326963138,0.08449262749489811,0.01415200549227105,0.06428069485618787,0.026702539700102296,0.035642219917667285,-0.03792496107810585,0.032185716812130394,0.039932828475969635,-0.12882380719849748,-0.08944790438600643,0.13190633750913525,-0.05359746232371471,0.07476955590929932,0.029956121219705832,0.005157496981316149,-0.25578762194891896,0.059739704311652625,-0.18219957237078668,0.05430395380876247,0.1469355967557093,-0.04036142749281178,-0.08631609097874557,0.1599332785378909,-5.425992063492063,13.537075872739727
11,50.3726913889077,74.1120203033596,135.421559674011,169.9995876845,187.521299230912,114.062038047693,43.6977410254008,80.8657256741358,111.907002437092,181.438857655146,185.604453529012,268.714602669612,253.951023531962,243.647491991401,218.795841000562,180.529821272094,77.5010496292568,8.41170405513863,-14.5185945162233,-21.3119988480241,6.37434250140823,2.74208003877783,7.24667301312237,11.633562226405,11.5798430675989,-9.84107532899439,-9.29894675200761,-21.2733606851238,-27.8774476911032,-19.3803716609263,-17.2586866765681,-14.1117733974144,-4.91834484912637,13.3286936707065,31.954693948103,57.9660973842508,61.9187376447814,105.548171679423,133.283332488647,153.123837922443,33.1224794434863,28.6398297683546,3.33869233663963,2.15418890605938,21.4652147729933,54.9213420277329,50.7626685875743,43.5965955792606,-0.1976100284899573,0.25217048634355615,0.020240674403691795,-0.19378788166869979,0.0681981701021329,-0.0924283321855336,0.10771636274863947,0.08015238323748705,0.03892046075147273,-0.15177194282402584,-0.055545204274190976,0.4330329693703582,-0.01246844220285045,-0.058361678888387225,-0.11393032200152943,0.04382899617323682,-0.04646267935556331,-0.07753634608641889,0.13057252543913836,0.12307388647582361,-0.06833870958369176,-0.11022503783138567,0.025605644256254896,0.059798914567817094,-0.07861987336638064,0.24489864403073927,-0.0805358503873462,-0.14231248366664803,-0.00043779746929687753,0.02970667359620334,0.1761340809604068,0.060597359659010155,-0.11545176535492882,0.03088800957819161,0.025978469710581927,-0.21799167001931485,0.16316569086764152,-0.13935983122024606,-0.09405011198183914,0.10945170720889491,-0.09274681011903689,-0.03875208726341734,0.011355553982108009,-0.01368658086666513,0.14219706595208845,-0.2212494375048481,0.06713285819841656,0.04574690301332493,0.6430555555555556,16.392211646681847
12,36.2006027454464,66.7300721204294,143.028860811349,169.676187515829,185.748749341027,121.730845484603,53.1122110985787,92.9352914766363,108.257909217263,181.561548638663,182.336756931143,253.951023531962,313.479703527771,312.837545937598,268.157226976088,215.200354208497,98.5924291845322,19.9368347345798,-5.25287213288673,-15.688401485616,4.21782565794508,-3.33645661472428,5.30180741083,11.9667336944058,12.9014886224165,-11.7994791990316,-11.4207047166066,-19.008639922876,-25.6127671070991,-15.0293827539889,-8.17808267389358,-0.589243095343858,6.0046487564727,24.3535471868509,38.6701811695466,49.2658072841487,49.4186675220448,83.9500218122848,103.202043229341,119.035774337743,-5.12689757157752,-7.05491317141745,-31.9582110822275,-41.4804765910759,-33.2581306701272,11.5326126224093,27.9088484937801,27.7700680460667,-0.0019789423830593182,0.21820355278229359,-0.41470552369189273,0.11356561302247473,0.06692095706592635,0.016130541877201525,0.05666146551499559,-0.16157441080599888,0.09100537102588027,-0.10082998562517184,-0.21823800844498756,-0.013509864637337485,0.5742898771835098,-0.18214576997725068,-0.11381419812471426,0.08454822339882234,-0.1198078936255697,-0.07559727885825392,-0.08340381797186275,-0.08830550842022662,-0.012447056547313838,0.12197385173347683,0.0414674985138784,-0.018740268777476848,0.026210449416755658,-0.04155979104454332,-0.14233470091654213,-0.26796135201174387,0.23852452631138796,0.021746261934253167,0.013072347690994034,0.032799462539368586,0.12274263131184812,-0.06843091647586827,-0.21605757680817841,0.16453091503437844,0.002388894260189874,-0.13386981588206676,-0.05746771101665876,-0.02695557977123973,0.020441809766210937,0.2186357598337773,0.09879830142740383,-0.035263528316054206,-0.15772383118886463,0.05324447532675546,0.32120262388476933,-0.2852315415994095,6.31126984126984,17.705075643096563
13,58.5077617476757,90.214389103003,167.533449961981,181.748067982388,195.086204289524,135.925009459615,60.5163696181847,107.383217082523,102.971925973861,177.212803471961,157.980273567134,243.647491991401,312.837545937598,361.406241095864,290.721922298186,211.066066439523,87.1442636155155,13.1019823578717,-13.1198270073268,-25.009064464756,-6.14966095161124,-7.81153856581314,0.418691552821418,6.00592626874919,5.52923444894388,-9.22326364067871,-14.293160435692,-22.0718996320232,-28.4579309630929,-18.5402648973582,-11.2289518385292,-3.37751348872171,-3.67073651002948,8.51141136627444,18.99237528031,29.5720627365876,27.7524489518387,64.5539852904345,87.8431654169239,115.605693231445,-27.4489368781938,-23.6584534045202,-45.0495203028004,-55.5586346999725,-57.0652011907578,-9.51433145284039,10.7723300342046,-1.9779944685299,0.14272888191968638,-0.1966972047195273,0.09740023851863248,-0.03472490524657166,-0.07971123835442855,0.09221066670792581,-0.07027572128750435,-0.05870480265375266,0.04574027704725199,0.04746958236331778,0.05052614163082076,-0.056917250852804004,-0.1849713046627386,0.562539761007317,-0.6959773697492626,0.29601152380198276,0.09192096250535355,0.006129256064579124,-0.15809590070629567,-0.008869772830381343,0.10471128879266309,0.10203490376931362,-0.024512314867207848,-0.010427238381182584,-0.0009467464263115618,0.15032946647042933,0.04103120585841246,-0.20383575688971262,0.006329641134503967,0.19515692188388212,0.042444527614027776,-0.010493671284635414,-0.051878007519254726,-0.1919943071013751,0.21068300265528328,0.061181668635430425,0.010677238883798974,0.019013853654168064,-0.07297505873078337,0.04002342781806173,0.07768562467999678,-0.0861438547607477,0.002557827241126601,0.042828004776057776,-0.027816556078015,0.0007478097903063588,-0.10418668635678946,0.11733486278869136,8.662261904761902,19.010424537496885
14,37.3147085989952,61.6463729258067,123.385199514272,138.522390157202,155.860582501477,118.315306868414,63.7976421574168,97.3066592632826,98.7602170598159,163.939128140942,169.06573854303,218.795841000562,268.157226976088,290.721922298186,317.00262738812,302.508353371303,141.182719026721,20.2426279756574,-2.93154272530651,-15.4907453831071,-1.77456667877765,-0.090833366851714,5.29915001831816,7.65011741186543,4.75965383560395,-16.9254440903679,-21.7382805911136,-26.3842167726971,-12.8403646490993,8.67982170493495,29.2471465388965,50.3001510241677,49.330008178787,59.1514416600066,68.6712029593406,63.1823370788775,53.3691608131522,74.1671906517116,84.4303968526122,115.495336453205,-4.92207931737691,1.00898349800204,-14.0507254375204,-24.5888384763933,-26.4898399133954,23.3749184005333,40.9348193802012,35.637470484999,-0.06462169921926607,0.019471333131061083,-0.02158650377818929,0.16099886543723171,-0.04488448424897922,-0.0876218902487302,0.10429389706241485,0.04864384612995476,0.04362808993047478,0.05456205605460993,0.0136579872799167,-0.11154457375114049,-0.10798909692151196,-0.705406218209844,1.7194149468419113,-0.9696111832643011,0.18515019630920493,-0.04839442372599799,0.1198369767443939,0.01593932907030635,0.13696382029221985,-0.296289018097262,-0.0236237996413653,0.0033478198837702607,0.09681286168117682,-0.39974682318269994,-0.03884100467291909,0.550233175995596,0.03099160759510161,-0.33002095168407936,-0.17393997455467736,-0.19378909313774806,0.05732407172446413,0.3681445589821059,0.04445558962217334,-0.3069455916074164,-0.10732032160641673,0.025997450267963587,0.2755560002541285,-0.17694509646643883,-0.1135242744836292,0.056353531320478774,-0.00027277217897366945,-0.04876741050510253,0.16668674739756992,0.06015061697030229,0.030309701995549925,-0.14048493350862967,7.329365079365082,17.804286769992217
15,4.82771719002662,26.9729281117358,77.0125675708551,94.6300802453124,114.586834245575,96.9862121930492,59.0722500480495,71.2165536821211,80.6401201965068,130.892954717617,156.280384462989,180.529821272094,215.200354208497,211.066066439523,302.508353371303,385.753928496494,212.714079881431,42.4679163128171,25.7814966878311,16.5572365035524,10.4723674982276,-9.72863182996231,-4.83375691173178,-2.72128618371453,-4.56153871832997,-29.2682299431953,-23.9380052390035,-19.4712191684348,-9.27917335645453,-0.718014592305467,7.75160972768172,16.7025115963761,16.8786370089914,25.1445161044345,34.1487103908076,21.2762391847594,9.16061411231619,13.7441625654412,11.2569485902916,13.4947413723373,-10.8030227298092,-6.13273817661257,-17.8239949138175,-29.175436330942,-26.224604019196,23.328211875388,40.348188223375,43.8757943584191,0.20317141971338046,-0.008015103154062453,-0.1754415915198167,0.02406217463862263,0.17738195906376697,-0.00832476927830081,-0.1970386501967148,-0.13211436905210397,0.0031780614694088766,-0.11470754493251144,-0.10827167796003265,0.044186152939604206,0.09010495728518637,0.3070602142152738,-0.9989813756221309,1.1965865368581525,-0.9852738560299865,0.22866234122821,0.1778571226172522,0.031164298296587897,-0.18880172517145336,0.018653076014137054,0.10112940992297746,0.11086347646793358,0.019035252882313673,0.023346689309700977,0.20757661430967703,-0.05663013578180808,-0.20048512005177127,-0.03437029169513963,0.06482462219065412,0.27229224829608545,-0.009700890601277122,-0.11236819109391925,-0.0668574180551969,0.03288089144640764,0.12232202940682357,0.03347571527410448,-0.15088057305240507,0.119416901860315,0.07067729636248148,0.10857258557750905,-0.09729026895911841,-0.15702840761757345,-0.04909206149419703,0.08709370508441182,-0.1710375120403254,0.07118024277394942,4.290912698412698,19.640364775036495
35,-17.7296298698352,-8.66199407597594,15.5030603961154,31.0111654766793,42.2204387213643,29.466135179668,9.17835115889554,19.4650180783341,35.3122909143675,45.5236287056789,67.4345904163869,77.5010496292568,98.5924291845322,87.1442636155155,141.182719026721,212.714079881431,141.550083072693,46.3046809108691,36.1739905905474,31.4368264340491,11.9999390721751,-16.1580182891709,-11.8389648989099,-8.64531273802559,-6.87292416642211,-12.0630957082296,-2.63435520938908,-3.6240672586177,-5.42425875332309,-9.28404485531475,-14.1066397383986,-18.2879874473152,-18.0000420996432,-14.8082516598935,-10.8044975349925,-17.0379814185378,-23.6543658446519,-34.2064554088028,-47.1496903910976,-67.6685490188895,-16.4339901258191,-15.6873174711911,-25.7489316026916,-34.8195823304573,-29.9119987600907,5.00838011889249,17.9080774918568,24.5072210755826,-0.1405333998898805,-0.12605634314006847,0.27198687447124215,-0.013082190049340522,-0.2044546264933619,0.038459738300711165,0.13917809228625502,0.12286942145686357,-0.023167351689046822,0.13342844246613003,0.039641850498973265,-0.06515265300919902,-0.10742120574464058,0.0926692201340123,0.20367789196519304,-1.009768806103081,1.6945793491130339,-0.7111183849108635,-0.49763983890466323,0.07425565603241437,0.040829353286146744,0.4593995429644219,-0.12209537965604281,-0.18109728554499227,-0.12456245277665205,0.16646376836840718,0.033156608211796675,-0.29638206284244006,0.013223272510528369,0.3237393470711668,-0.015361424273592815,-0.338627535810904,-0.021964366647122993,0.031080885339830347,0.002514096318226198,0.20783988091143799,-0.028817225423324686,0.017067160620854577,-0.034621655603337236,-0.04680330223543035,0.22794507662981076,-0.3323583164636511,0.06225724912487404,0.3078955219836353,-0.09365208763165114,-0.2993772742795378,0.20831404376294185,0.017552629090858772,-2.5725396825396825,11.897061951284135
36,-17.6265109343967,-17.6428463677759,-12.1289954273392,-3.65073228628606,-0.691884078221493,-10.4022684040076,-17.3377770888452,-5.73426349987514,13.7509162237553,3.90370587238518,7.28684920166166,8.41170405513863,19.9368347345798,13.1019823578717,20.2426279756574,42.4679163128171,46.3046809108691,32.9244369412516,28.5732954990091,26.7475160800562,7.41139978612723,-11.6562756462145,-9.70824709128579,-7.3594149831086,-4.74383906712468,2.79764338347911,10.3507094007071,0.509335632199308,-4.81933934330231,-9.19781800037174,-15.0907212489457,-20.3449822039725,-20.4364871482926,-21.0271856983873,-21.6508341187238,-18.6612568377032,-23.3707787315635,-40.1256406199807,-56.7353878585194,-78.8484338998783,-16.76035062715,-17.9688680742055,-22.75114193147,-27.0769075778714,-26.6506934377739,-11.0018866681944,-4.49255017159873,-1.47643437586468,-0.02409097119011662,-0.0044554100292201896,-0.06755233337108972,0.056875940474676055,-0.2145786859401565,0.029944565948452448,0.13454260356845388,0.1918736652573086,-0.27181864429099845,0.12263281649176232,0.34242242645519516,-0.09824869684527622,-0.07291625493776119,0.011500558747419959,-0.043320835523593414,0.21494256768936162,-0.7245356223166054,2.403724367221528,-1.2759262008877588,-0.341188890146627,0.3352032957195257,-0.3309723066269247,-0.06748786921039787,-0.05106706370182937,-0.008866863507986612,-0.004659945498036822,-0.5685331391989157,0.440781615897843,0.06951173554821863,-0.011081202992476493,0.06945812722170859,0.014350196704651631,0.046995341064117666,-0.042167704442925516,-0.33474317271174603,0.23496048507591566,-0.008294658078445401,-0.1963973755654227,0.012082914213531184,0.08193425633031551,-0.22278594467549973,-0.23623683057400638,0.33969499108001916,-0.027129692027118214,0.1269729897487324,0.22130216798601715,-0.3278843808357679,0.19754933966602523,-6.686944444444445,5.737110504535503
37,-32.6044694415987,-33.7925876696391,-34.7132392362109,-28.0018851573425,-28.2966827940532,-27.1590504125575,-21.7126003224944,-21.3405822620079,-3.86735655109475,-10.6454175510374,-2.90809249527471,-14.5185945162233,-5.25287213288673,-13.1198270073268,-2.93154272530651,25.7814966878311,36.1739905905474,28.5732954990091,31.3813601532567,33.0346374446517,10.671027041788,-8.56211226126781,-8.64081211415057,-7.70941340554279,-5.65519472596893,-0.309564502737859,7.19109677994014,1.72113318969127,-3.78729727441926,-9.61547350547369,-16.4018923790142,-22.5727861517049,-22.8192079930534,-25.3182492013471,-28.0558077512672,-26.1982562558555,-31.1820545960985,-55.0502030363144,-77.2906966969636,-105.666239060293,-18.5075237416353,-21.4722689060503,-21.1759192831612,-24.2446578717149,-27.0562718577823,-21.4976440057135,-20.5677695797278,-12.4667075002529,-0.12563828641221747,0.02994282632634308,0.5195176758631015,-0.37437056701402655,0.14337497658454207,0.21927384609286846,-0.4544244740239781,0.028639517455642974,-0.08360847935561458,0.03469284004948884,-0.04077164945365877,0.13195230118750478,-0.10939949288162844,-0.1597835124747368,0.13767323795718142,0.19073029390480867,-0.4953814211312998,-1.2760544694333735,3.494397089282259,-1.2762834940131744,-0.14229775201493586,-0.03067008465892318,0.067824993868496,-0.006108074842295231,0.010920739821026518,0.05796762072377494,-0.12203508599193252,0.05354097766915874,0.03393833988017689,-0.01622749773583402,-0.0009125160524813028,-0.011345891401273234,0.15943142724805093,0.09082882383065796,-0.10365549786781963,-0.19120667374579126,0.0281702601911276,-0.0133272435485989,0.14694797686922625,0.053839401169831894,-0.06706861554232624,0.19532558069124797,-0.049332833676045254,-0.33586148662037657,0.06895466885698971,0.08363518983109298,-0.075916179044895,0.12401470316567804,-8.15,5.601014207557119
41,-40.7991437597683,-39.1683697633334,-38.6774259432107,-28.6546349226883,-26.764755900961,-31.1324393598593,-29.1984095455988,-30.3218809499266,-14.5422547123372,-16.2992902841741,-1.40963367505432,-21.3119988480241,-15.688401485616,-25.009064464756,-15.4907453831071,16.5572365035524,31.4368264340491,26.7475160800562,33.0346374446517,41.9527362707535,16.5923466689491,-5.26950840988425,-8.78726827153005,-9.72174059176067,-7.96692983805473,-2.92996952541107,5.05774097288321,4.79331871733372,-0.561617208105007,-7.26452080816767,-17.7790777482499,-27.0040067068298,-26.8848142900639,-32.360860403773,-38.2123783997429,-38.1566627345681,-41.8892393985463,-70.3436913799714,-96.7986206665754,-129.746850146291,-15.0583453163034,-20.5967499786452,-21.9237153522115,-23.5256983554381,-21.7445505542202,-17.6007954473055,-20.8424118860123,-6.11068770063547,0.11726685457554238,-0.0127148197395405,0.09287784166504758,-0.06823053960746897,0.018597973662600555,-0.0516369336613475,0.011604909012546944,-0.02686491391261167,0.1700710347297177,-0.13651415319605834,-0.11228585195765702,0.14322737461672763,-0.10305562225638412,-0.0064455744636547204,0.00777862695362395,0.05327349304577253,0.1341031113392779,-0.34342635756265166,-1.2971719627799743,3.0457824852501165,-1.3498964291785642,-0.11738052906236791,0.139922959010256,0.10190308981082237,0.009810410150953535,0.29816089984926486,-0.029028834333833613,0.21265369119018168,-0.020423721778186816,-0.3714476010857082,-0.03213197690018608,-0.022978460240950148,-0.16692382543739676,0.12094951958427205,0.40249552411063766,-0.055147281223582784,0.004089808720265748,0.01487742170464105,0.24559026071578613,0.1709935564311273,-0.29031295732176116,0.31078759978962284,0.020328265797375702,-0.14473292178257008,-0.030211047123645147,0.04648011896029303,-0.25835086857783174,-0.03986425108482233,-9.338888888888887,6.476321198856146
42,-28.7278188158051,-25.6106798282822,-20.2158937177436,-8.68324393839538,-4.03558319259727,-3.30777398962936,-0.957562487393398,-17.8125916424765,-19.5059566558919,-13.0416227794391,4.47397571999495,6.37434250140823,4.21782565794508,-6.14966095161124,-1.77456667877765,10.4723674982276,11.9999390721751,7.41139978612723,10.671027041788,16.5923466689491,25.896566091954,1.46168927608737,-0.581348709104423,-2.08782043634439,0.46556420973119,-8.95321732133153,-4.80154930579982,-1.21461760102135,-1.34649222251762,-2.65763523192285,-5.13317533480729,-5.66243568305028,2.28676209477377,1.73545399371007,1.00152738020657,2.56391886982158,4.22335994898932,6.0025597979549,11.1942901342769,8.00219605624754,-3.65936375091145,-7.70157049981284,-11.3367036409423,-17.280534929883,-19.0057348102292,-17.5614736120649,-9.18936223937948,-3.63453331812021,0.228570771760718,-0.16354021983773767,-0.11597370369992596,0.0754713237029135,-0.22100562048155892,0.036286849700382186,0.17825249402489493,-0.11368785300482137,0.23048888012448576,0.0962014397558603,0.01598230274932407,-0.06619494486129977,-0.01358266881422076,0.11018098431407092,0.14871598782065787,-0.22890082882293739,0.035370120250431375,0.3291188820516307,-0.14303147345410433,-1.3465347638531528,1.8117855706280768,-0.38000680108912616,-0.09923831751165609,0.33592333410974085,0.013110033896870524,0.05933003433006903,-0.16861877357780164,-0.13395913477563037,0.15674556756721644,0.25998148806311233,0.25607879289579727,0.1353347191901332,-0.5756928255884741,-0.022683144156242604,0.5189439895986573,-0.4836604684103436,-0.08986640612331748,0.13209884506846808,-0.2573045295572912,-0.15799483433391395,0.14353129162647088,-0.08921984318553514,-0.2997098308604921,0.28657600056142507,0.11109397275274896,0.07617555019678436,0.22401418845067878,-0.18903466352246942,-9.191666666666666,5.087884245141002
