,Cov_0,Cov_1,Cov_2,Cov_3,Cov_4,Cov_5,Cov_6,Cov_7,Cov_8,Cov_9,Cov_10,Cov_11,Cov_12,Cov_13,Cov_14,Cov_15,Cov_17,Cov_35,Cov_36,Cov_37,Cov_38,Cov_42,Cov_43,Cov_45,Cov_46,Cov_47,Cov_48,Cov_49,Cov_50,Cov_51,Cov_52,Cov_53,Cov_55,Cov_56,Cov_57,Cov_58,Cov_59,Cov_60,Cov_61,Cov_63,Cov_64,Cov_65,Cov_66,Cov_67,Cov_68,Cov_69,Cov_70,Cov_71,C_0,C_1,C_2,C_3,C_4,C_5,C_6,C_7,C_8,C_9,C_10,C_11,C_12,C_13,C_14,C_15,C_17,C_35,C_36,C_37,C_38,C_42,C_43,C_45,C_46,C_47,C_48,C_49,C_50,C_51,C_52,C_53,C_55,C_56,C_57,C_58,C_59,C_60,C_61,C_63,C_64,C_65,C_66,C_67,C_68,C_69,C_70,C_71,Mean,Std
0,520.732063032503,490.160653263765,459.834089454126,450.819765382287,399.488827798858,332.052111021526,234.240897870051,147.764628211128,44.2532782884722,88.1275209027223,36.2382073782145,106.478286542716,121.572596397133,95.9325913431229,67.0107928570586,61.143077847014,44.1886509047079,29.570261061423,26.7548756381425,24.3662697249495,20.4424345366027,16.6362673917221,1.69305006096904,-0.611914200388351,-20.1969914291523,-8.1323610965514,-5.87894309090921,8.51091344222489,20.6720494794818,47.4890749527044,75.1148695271103,73.7276739997162,92.363751302456,98.6149863327386,102.268136462638,101.454433684041,102.958654983222,63.9762258949414,84.6752864261541,60.8897285187376,41.9966380161872,39.487281833753,14.0009140291869,-13.8429928657973,-49.4230504351068,-58.6957747956932,-55.4622486230747,-46.5137901436854,1.0254675462616143,-1.1159705707224512,0.11207293561907648,-0.008381197453175575,-0.11821989519088541,0.17737794719314842,-0.1512494746627027,0.0927039532768212,-0.22507634522257275,-0.07553541461534494,0.07641577278414748,-0.007813659139526094,0.024921529434056698,-0.11476717668191283,0.11695160769304903,0.16258901466669512,0.01929534432099787,-0.11399905894481312,-0.008979996717007938,0.11030366987987397,0.103752987344976,0.060677473004723155,-0.04117264869618005,-0.11503987715161991,0.15766650907782825,-0.17355326766892504,-0.11740935547906335,0.055664867140160404,0.11120529188689755,0.026074062877457484,-0.059055956039986514,0.011220233200352826,-0.011647690671242526,-0.05272816127342812,-0.1559510663037203,0.23465719794902837,0.02941880939074057,-0.2554529865826684,0.1857481590882552,-0.003747087313837873,-0.08857943239933959,0.141309932519532,-0.12837455930990388,0.1721650945315919,0.0006764709939542599,-0.04564378824811534,-0.2771306393517556,0.3046064964265111,10.883425925925929,22.81933528901539
1,490.160653263765,468.086828035088,444.647789525529,438.817452962935,388.697692141338,326.34104869001,228.31955006398,148.757238409699,44.2728191833689,82.8414881359458,36.2832078266783,102.925786554206,117.735056538969,97.3316019302138,73.7416729438274,68.6000379174362,47.1724852243463,28.1573504307386,25.8827287689379,23.9643061913001,20.4256246577719,17.0309148268976,2.59959092698738,0.583381119471688,-17.1369864731767,-7.88454647119878,-8.52125859687112,4.97035053911251,15.7322386463449,39.914801068857,64.9853886406348,63.693904793937,82.4363406859353,87.9403748480561,91.1862493348652,90.6439247836996,95.0832761425072,58.4929749482224,84.881345732929,70.5504451252561,51.2279930290013,43.9944013225154,20.7783019112263,-5.84159581016712,-40.0514865659037,-49.5404165145848,-48.1254890780891,-38.9778875965799,-1.1426794808864158,2.5933918777546023,-1.4503086291673375,0.0830938138786604,-0.1858099079414731,0.03340294916672671,0.1218471133760393,-0.05898607587544777,0.009995835455644636,0.029964908217710442,0.0009831702081010128,-0.024681962381883766,-0.062098239440340576,-0.05868429240670144,-0.006185582664870386,0.008942444444485702,0.01202825764784749,0.01341388308093968,-0.07371276211154773,-0.17364302421418978,0.010093820522436646,0.2467557762996977,0.09039497470504927,0.1368794235279705,-0.11589342548696421,0.02384279972560719,0.22392471116745277,0.10721703081803585,-0.03120972906621054,-0.083966836366699,-0.0417835292072853,-0.10862431915222144,-0.008522076941545574,0.1254830468692695,0.1838932526782221,-0.1565744480982462,0.07138181049804784,0.03418928535331181,-0.025591393946595847,-0.06423376715255191,0.18773936967759491,-0.31513208691068667,0.2154874261097866,0.005413972914374188,0.15369193118055027,-0.012270546557820535,0.00886616177466151,-0.1194708555410717,10.78243386243386,21.63508326850368
2,459.834089454126,444.647789525529,430.399554201129,429.516439589361,382.700197647457,326.283510173763,223.522022607031,147.958768197199,41.9120321968572,74.4772428348511,29.8837464010136,90.7626358373711,105.084742781358,91.3904873751039,74.2681650209139,71.0285355767219,46.0382831991597,23.4877957436664,22.9691450606018,22.1412432839845,20.0496603725271,18.1173434653813,4.30641704663889,2.46584052759378,-13.0311595530985,-3.16316710099011,-7.90189192930172,1.73227084318195,10.0982969915465,32.0309357373501,54.5624913441053,53.4016682863298,73.1622848783487,79.3271424220631,82.0365771896287,81.7134324722983,87.6193899874236,52.3069099908855,84.1512937431454,79.268864196197,61.6469574061177,50.3215200464322,35.2554000198888,11.5201369989834,-19.7327188518311,-29.6781746377376,-30.3716893458046,-22.9199215712218,0.10950347800511752,-1.4437949888515507,1.7783073276247583,-0.2811836393441425,0.04041384109842699,-0.19824424615519642,0.17329945159710147,-0.17502083614293643,0.2573992978245914,0.020989738395880607,0.013208832607228695,-0.07876142930528118,0.2790833169051851,-0.04899803453775721,-0.10679381219230338,-0.0755498368864284,-0.010428696270388104,0.13835960049103105,0.006130156901779552,-0.04008965906324331,-0.12716179866547003,-0.24466379367452387,0.29476224045179517,0.031187322954162218,-0.20080895132771806,0.24029508629120636,-0.07149640761341412,-0.07818860910053203,-0.16509022968107745,-0.008105453689787635,0.024246937433935443,0.07875875638470706,-0.07683733283044684,-0.1399503129175373,0.2398763371539694,-0.10853933326107987,-0.07944943306956374,0.10815817788677845,-0.14635617841232731,0.11570204554096801,-0.18968835553092275,0.26258353162917675,-0.1538792080532783,-0.16574674664377506,-0.005777701377029835,-0.07152533123852532,0.3525099641512651,-0.278529974458285,10.539034391534393,20.74583221278744
3,450.819765382287,438.817452962935,429.516439589361,472.472080726927,410.827742818594,353.879611075743,241.44197148352,155.433486643427,54.9363070149358,91.140513848124,54.6210346908506,112.798662258266,126.64476802195,116.938977701084,98.5389280396863,90.1475447660192,49.9988069725477,14.6251852379711,18.0840989245409,20.9998286378555,23.2406670544065,25.7505142344385,14.884025762741,13.6522105094653,-14.8598938614897,-3.22601521414635,-11.4374961405125,-0.680339641079942,1.99738195728445,24.2694382312262,46.292932971413,47.0796522993083,66.3656416693141,73.5448906958158,77.6033191033993,74.8469966071631,72.1586883910665,28.65208601684,61.1924946235685,63.7919989020072,43.4543622641249,26.9178935135751,10.0421584436001,-14.1459445651987,-44.9586641728653,-60.0676115028716,-57.2181845475974,-42.5031430527082,-0.0008630092284727252,0.0877672059194378,-0.2968255746448762,0.6957098601171532,-0.5243352150217332,0.08392449051130918,-0.017009111098533806,-0.0534130788111485,0.11531267671621434,-0.0998486529887847,-0.012264966963172043,0.3118817156583828,-0.2716992780773278,0.016905623040486956,-0.0864728067513678,0.03651556896104361,0.06338937074686829,0.08577951384669952,0.08311926953333702,0.0157053124554895,-0.00024311031216096092,-0.031114221525622657,-0.10165457380119862,-0.26113342131530287,0.03602998612131634,0.09807846513972,0.018018882107109786,-0.1141479085450129,0.10861951005045643,-0.06705866038530073,0.030592205904179996,0.274335986946437,0.006184137169845996,-0.13019846408165092,-0.29939690586415346,0.21704560714515303,-0.042214147311955434,0.11305961488585287,-0.04916140817772155,-0.08326659418445723,0.1398336528535665,-0.11380752410248884,-0.21761786238800263,0.32052445035876337,-0.0045495749877015,0.21163521798641513,0.04024162802824181,-0.2596203137133852,7.734523809523809,21.736192875637784
4,399.488827798858,388.697692141338,382.700197647457,410.827742818594,402.854918553415,370.216784862386,264.233073547576,156.490811535209,53.8419634319687,84.8874344759059,48.15799862801,136.142570390297,139.639377569392,124.463478582845,109.776420244504,101.014919959079,65.2573927969393,31.8626936168908,30.9079132459099,28.976706426804,27.0411890733566,25.9689837755488,11.1780671420149,4.8220079865906,-12.1345424291423,6.37363884640742,-2.91962915347388,1.67333356482794,4.17274779961974,24.351874068405,45.103876257497,47.190730213587,64.3934234930777,70.0255042184391,75.7085954449646,74.3315310143684,70.1765462859977,31.7817036292457,77.1597755703053,99.7812715792642,73.295324137945,39.5220548866303,30.1104926118895,9.50857106046379,-27.9343890991798,-50.9223247507467,-62.6750920861849,-64.3923794054111,-0.11151090249895743,-0.18372826684852542,0.04940483298946594,-0.5441016180297619,1.6376016628728263,-0.7624003828476535,-0.06359274697838722,-0.010954228970309007,-0.05474762538020316,-0.11777161850326556,0.1698817900830392,-0.05120588764367367,-0.051528307049724054,0.09980718815950794,0.02049100727904255,-0.17319879150986525,0.001979912592878178,0.11359525704015806,0.0447693540057263,0.024890740321255194,-0.11447887942516395,-0.16421697713339323,-0.375907238245523,0.21572755341052816,0.14228269825074405,0.0010295658246816765,-0.21918643692648193,-0.18502316421848208,0.04282216373624201,0.17833691800069498,0.17537270929336254,-0.2686594256030587,0.06327660498106837,0.0965901494194795,-0.10637348157686062,-0.11660953625178283,0.13452026280669996,0.03793426742831292,-0.07003804694933327,0.12733159266787214,-0.027190551035950968,-0.34454009785670486,0.4888067998155825,-0.2772924829953659,-0.2547538192150087,-0.12765497274009585,-0.08630026753731783,0.43822025696405353,6.188227513227515,20.070996949663844
5,332.052111021526,326.34104869001,326.283510173763,353.879611075743,370.216784862386,371.005641566972,280.788285805169,160.175783197266,64.473821141202,86.8657996448264,59.3377633762216,136.55503425999,131.02961999031,111.746128071408,103.343608012306,96.8315832490562,68.2183228745038,39.5759509363085,35.8264288882885,30.6203223190837,26.1357805170716,23.0565850112359,6.95423621613793,-1.75431818215593,-14.0197410326438,5.72926354780644,-2.77731855964021,-0.968060594657064,0.378706466814529,17.6390389701802,36.3762078464882,39.0486692484425,53.5077302324947,56.9207337747208,63.5451989650183,65.5677737150443,62.2089525914307,28.7164906723245,85.9517858614363,128.029793407737,95.682050861359,44.9632205172962,42.2905587820041,24.2611000959393,-8.56701985232923,-25.6828979452942,-33.2104251423272,-32.4708384658429,0.17532840982745265,0.024462151437205065,-0.20530276601396144,0.09967432307355452,-0.7740576189747054,0.8613177781147359,-0.2697097218286804,0.22981309542431944,-0.09807299684553471,0.09534355308216928,-0.25976595308521855,-0.13659579470782382,0.03481611595332601,0.19013109561176247,0.06516385295178424,0.041913324375878164,-0.12032770903745682,-0.1516337868931306,-0.005675636863860647,0.046457013918710384,0.08286792121419435,0.09843058900113236,-0.1187757518115023,-0.017074951144226077,0.05013469648929376,-0.3209326003269372,0.14203724768951353,0.41783427882939944,-0.20455642560531292,0.03515286820268513,0.10176335457511594,0.09430893024333908,-0.11873884302119153,-0.1783722548056847,0.16790382027822062,-0.016302578141328614,-0.129403890879586,0.040197979864950016,0.0023218844482757023,-0.014826822647638177,-0.08919053360336879,0.28596674503098163,-0.22358409124282702,-0.057502064206898844,0.08597340032518075,0.10947742539998447,-0.0014638111987197923,-0.06674894240306231,4.7666666666666675,19.261247144641796
6,234.240897870051,228.31955006398,223.522022607031,241.44197148352,264.233073547576,280.788285805169,299.437115723589,172.111722467885,84.8924907453909,62.6203221946215,53.4239718501329,134.390395968461,129.447126427101,110.099091926743,105.485242521875,99.3593861059272,71.7510352586179,43.0527027713725,34.9752939738725,26.5919921058511,18.1937065530258,11.858504812478,-3.86161594649091,-8.75106946294813,-13.4533873841936,-5.05268643380001,-7.8021512476707,9.27453838063828,9.2602444022097,20.7421951651985,33.5524766770611,32.6933599814033,34.0609662148444,26.6043032303047,31.0854650573189,32.6386499466178,45.4353592266008,29.798609221082,106.980739753339,163.618095554795,113.965668350429,46.5249579347099,39.7345294175689,20.5791417355001,-3.22325061915422,-10.0117498853728,-9.39134298435481,-2.68786227963234,-0.15649107009440189,0.12650377825172976,0.1741257813708078,-0.018265584464467872,-0.053754623725868075,-0.27284891988730187,0.4069358094818981,-0.28296484790274445,0.12160412246172676,0.05712525443463356,0.10356261427878698,-0.09862466341302402,0.1608509960714404,-0.20337054746937458,-0.06777025135666319,0.06012658791007528,0.040228985011451446,0.03355090321805618,-0.06838483209824178,-0.0638340699135285,-0.000807466104780352,-0.015279293022957151,0.42946177277549313,-0.007988925178714445,-0.004332417051585159,0.11148501195782598,0.04792485521487547,-0.22115289300662697,0.10856341638613762,-0.13403590613827135,-0.1692499918150354,-0.14413554892190478,0.09429227945108752,0.22365119061502986,0.040562384570028386,0.017504936285658475,-0.08148724612046437,0.015039979982697859,0.08846293586910668,-0.03454332821897504,0.02883964756830744,-0.029453999294702108,0.013595102701000257,0.1294689069490681,-0.02878952712303722,-0.03272331887761911,-0.003306728854045051,-0.10466574042222274,0.900649350649351,17.30396242840319
7,147.764628211128,148.757238409699,147.958768197199,155.433486643427,156.490811535209,160.175783197266,172.111722467885,147.108597882521,89.3705109871624,29.4616486444649,33.2346860926659,87.1841969875761,88.3933318784595,78.2791285969104,78.2009620573746,75.2662845593168,58.4983935474406,40.3876833947903,33.3306761598779,26.4004744311907,19.1458323412063,12.9716402030528,5.31238036780467,4.34447460908916,-3.79562980923248,-5.12636307382859,-7.43513477702484,3.39400472773531,1.42066684195382,8.47511007954601,15.8018738332291,12.1039807918415,15.9633358522721,13.4628809053879,18.6889581777742,21.0172127125591,40.8668361352601,36.3480110450735,103.481599994634,137.886602187366,91.3795533835592,43.2836541006993,38.8377562658672,23.3764999707752,5.93679508799185,4.23143181773992,8.4680469313617,16.824954033553,0.08921725693319502,-0.0672038979969053,-0.17475819472659732,-0.05564596130208072,-0.024705532424897456,0.2406662836153421,-0.286260056643531,0.5922815127411886,-0.21145754723938862,0.11613449371945851,-0.1363004436870228,0.018926052043734456,-0.11425119921591576,0.24538660587925226,0.13781856580455332,-0.22507041258153151,-0.04088144458459063,-0.1915810250806204,-0.03070368222761609,0.12236098664145742,0.07417767905314508,0.05352767110342005,-0.2747657452516537,-0.019984606079506348,-0.045800443163125606,-0.04970925765706676,0.17270037474024627,0.03291890503550063,0.006784582676748692,0.13250649826587174,-0.06219870265320193,0.1585827945761141,0.03330321483730442,0.023997166429504127,-0.0693131430259944,-0.22608886060798317,0.18161314379057625,0.00884595026041185,-0.19409916547379258,0.06726423289060024,-0.08671118542293879,0.2207656864008377,-0.01838214269717961,-0.30629623126817324,0.07585706435954107,0.10441617109453549,-0.015336251128803638,0.03724089374304652,0.9790764790764788,12.128421079535492
8,44.2532782884722,44.2728191833689,41.9120321968572,54.9363070149358,53.8419634319687,64.473821141202,84.8924907453909,89.3705109871624,127.082376238351,71.4305679966393,91.0236593741644,113.084134624,109.879024935521,107.906383183857,100.633911370433,89.5342621098239,60.1994157908473,28.9536547471618,22.7335390218942,17.3513824229687,12.5129167481124,7.86712951969054,7.32050858559152,15.844757889931,9.99184315787244,7.02143403312343,16.7816657162459,29.7734514184727,27.4670678968162,28.112448967238,26.4783861507265,16.2146909196128,18.6477867843562,18.5835390704608,19.8956126170555,19.1261686630892,32.5332024446243,36.81431156316,83.655657676188,104.333158605719,60.2910252910685,35.4503603754091,36.4487146060017,31.5999197140445,32.4262774377529,44.5319933304749,60.7018155550578,75.4519832587396,-0.21727768585319598,0.015518308836799147,0.24982945026358158,0.1187378692338575,-0.05552901808914631,-0.10606121962442926,0.12037468989049532,-0.20779127115451176,0.481128844775418,0.010315855291459128,-0.03797889747347554,-0.07633604136853378,0.10179636735971935,-0.031372764825582405,-0.04185548327406724,-0.07417636918649818,-0.11302238708899075,0.09910403271638367,0.04183356818330047,-0.023260405279015794,-0.04617249573129541,0.01069938147823852,-0.008529695209458002,-0.16358440822237091,0.1621229348125547,0.11607279540084697,0.03493597383166011,-0.31585378475245357,-0.027558082879401456,-0.024837614592401084,0.10009256530762607,0.06039894264261185,0.184744724781948,-0.12104553890609446,-0.06349013339314567,-0.011997483301391354,-0.16514926542771768,0.3130197907358287,-0.13642099707300442,-0.05810013351961893,0.13692368025871846,-0.14202157588903944,-0.09294009157657727,0.06372358471434626,0.015736754552974068,0.07786639406610182,0.1537560427181715,-0.3005725761364792,-0.9205387205387208,11.272638388520729
9,88.1275209027223,82.8414881359458,74.4772428348511,91.140513848124,84.8874344759059,86.8657996448264,62.6203221946215,29.4616486444649,71.4305679966393,156.136798114761,123.604322726978,123.920044818236,105.569979836404,104.036419912647,94.0778772551657,78.1218808840719,47.7019399927169,15.6891748454494,10.3540934362771,5.89821846607776,2.58771207306034,-1.08967800419899,-7.6942601431043,-5.93675454839715,-3.44164830594287,-1.54790051110798,11.7772326900572,23.1199767003466,16.7407176134329,12.4092171017362,8.03987127270381,-0.516817764170656,8.51968627184632,12.2507693845496,12.069407627092,8.79548889121028,-1.12001969659188,-8.71762638888965,-7.67163929695313,-11.3893392807174,-34.3016353469909,-26.9807084509962,-11.3179225894606,-7.38042142058365,-6.14978042806248,4.10568051904023,17.5738008287273,28.4588853834648,-0.07881491068757955,0.019284029228150066,0.029579830805656144,-0.10864744596632372,-0.12427967198043216,0.10388154721727141,0.05623855433353838,0.11797998494312313,0.017627231268448455,0.6382167293094898,-0.38348440471317524,-0.2614585694542995,-0.005710821682696695,0.29416183262610324,0.007148109141734932,-0.15550339223676063,-0.0665304281753871,-0.14391692322330796,0.01093359945039085,0.16246587417286448,0.026588579972772017,-0.09797389563326306,0.37502913481230915,0.07103391008411089,-0.0026280238628134792,0.032458643720688705,0.06659107756916086,-0.2571704600565535,0.0635966427430543,0.013496700987311091,-0.06712993331791457,-0.08238595723893459,0.20434418420727896,0.2205528917197246,0.056777819741345235,-0.14333909928752497,-0.38183995043358215,0.18726052794651543,0.1335913692634648,-0.19538307709424974,0.22435944539992758,0.3121943190564554,-0.06314171861730525,-0.30842858168895426,0.1050338781254033,0.05821508373836301,-0.171972491186615,0.034808700262439506,1.7798460798460796,12.495070952770197
10,36.2382073782145,36.2832078266783,29.8837464010136,54.6210346908506,48.15799862801,59.3377633762216,53.4239718501329,33.2346860926659,91.0236593741644,123.604322726978,176.418283865743,169.673421047564,166.258574609526,161.746924330807,129.029150138736,103.567278345864,66.1207422184005,27.4748968438115,20.6730073743174,16.0301042307624,12.8381802462955,9.83577130757016,11.8228027165595,12.3642950407889,3.9467339483881,0.852816532904606,23.7284371943735,48.8760858444075,51.4697364439018,53.6049612238541,56.6770992042983,45.6474053654229,52.5185273556976,51.6831451614382,49.8631758661031,43.8778751857563,29.2632992291033,31.6116716227615,19.7408779531046,22.7167967500268,15.4297526626045,-1.37033061488543,-19.100932482527,-22.0441086834649,-20.8605931213637,-13.7061555185945,0.518878692233904,22.5025402630714,0.05981134812350882,0.013856605852525013,0.011268126749015278,-0.004536861304383263,0.1749234209784084,-0.2730713384371162,0.11130504369595627,-0.14351891854293625,-0.03629233871959913,-0.3815060188924188,0.6316838642500179,-0.07660269915931245,0.2788107050215608,-0.441741223792716,-0.03361411597321114,0.16125173088942657,0.04820148001536058,0.061316314403882674,-0.09817766539575828,-0.10784099351933886,0.012576977770040668,0.16507693685392344,-0.03441038885317269,-0.14251823170416447,0.11783925992930928,0.05273114443475529,0.07222041041097871,-0.17260284931968536,-0.01994402617404675,0.062435556058187396,-0.007558636147710978,0.03671011944815462,-0.21185872924147894,-0.04941635026960658,-0.08020290145363126,0.022691017834523555,0.46663616984215556,-0.27899657529581706,0.057917060612428274,0.08904458491618623,-0.12208199604972773,-0.31651360197516226,0.16431398556803617,0.17728977071695884,-0.03054098623092287,0.04554742433586524,0.048948694385054406,-0.14230540554118232,4.7438419913419905,13.281878024802932
11,106.478286542716,102.925786554206,90.7626358373711,112.798662258266,136.142570390297,136.55503425999,134.390395968461,87.1841969875761,113.084134624,123.920044818236,169.673421047564,299.484103209996,315.399039234183,290.91480292334,234.673061379549,187.912970576395,128.357761989724,67.7309082569046,53.4654760449177,43.4520200434605,34.9987537969113,27.418232163347,26.4773080529155,24.7439880481943,15.3315577362419,22.0201087712941,38.1504909107905,63.4306135142285,76.3733126103766,88.9492582967185,102.931818385288,92.8294744258319,99.3591333361036,96.588424562831,96.4462957258414,87.5062334893264,87.8448047906929,89.2506477384188,120.139661155857,152.858549038842,83.6825842679063,18.084812665064,-8.03048230910102,-13.3340337140003,-35.2947552869519,-51.5675046477349,-57.1222505058496,-55.8377077865867,-0.004647089145617579,-0.01943352244001389,-0.07279246306340986,0.3361977139741572,-0.05113020191625225,-0.1427921172973898,-0.1002097687547554,0.015755331443105487,-0.06627306801647545,-0.26058415102199306,-0.07853402713816926,1.1251651497776396,-0.9306863857666997,0.1260373732894216,-0.08614136366974084,-0.03175242507122183,0.260318184409609,0.09737602433459153,0.02568436917512194,-0.02814893087418913,-0.08775864831316398,-0.34620316760302805,-0.06291344915219353,-4.341111146794646e-05,-0.2849786639291163,0.18434622586572527,-0.1676165960709465,0.09220097718896217,0.07131189120507035,-0.040894119494006786,0.007199865835082167,0.14973188520053177,0.06295936533520403,-0.01383041718953804,-0.20519229713724715,0.007202180250739863,0.3139492248363914,-0.11612129422712117,-0.19839522782846186,0.06598697096101208,0.005019588938405389,-0.07556312342407216,-0.08029951459852566,0.3448102541144826,0.08382151082160993,-0.4100277876593373,0.13851273116939478,0.1522977027631569,6.540113035113035,17.30532008400872
12,121.572596397133,117.735056538969,105.084742781358,126.64476802195,139.639377569392,131.02961999031,129.447126427101,88.3933318784595,109.879024935521,105.569979836404,166.258574609526,315.399039234183,359.321595048969,332.185866835348,259.352315911975,208.48629972672,143.107096438232,76.6124327235275,60.395413338114,49.7408866791789,40.5100705559435,31.9817491741888,34.3371796490032,34.6549550087611,23.1383332865544,34.7671601190407,46.951206560216,74.2269425691658,97.0387099715928,120.324649241189,144.887840379471,135.307489394727,143.854481947648,142.376718127017,142.281119373445,132.876150465456,137.82624056381,134.29488964136,153.765197060626,181.963680810903,108.664024785479,42.8524577787306,8.63728127368756,2.4326214937241,-24.7093829147369,-45.0634924995295,-51.4294265537584,-49.031291171302,0.009920766245987625,-0.06327290291705241,0.27560937512205214,-0.2809049899424554,-0.04406939880472875,0.039184480776014205,0.16449208848088862,-0.11503275500146605,0.08881653252065681,-0.0045195491300077575,0.27562481973722813,-0.9328661097317015,1.3390359219800794,-0.5707432085380055,-0.0020351625646351135,0.1316657788976112,-0.15323045508152044,-0.27231990946763274,-0.042086527996859406,0.030508795657432048,0.12064661664537596,0.3558741621444933,-0.07016509338434931,0.029746904783754066,0.1479114945747819,-0.03500297725173449,0.10645687320075069,0.030941750087682424,-0.09707039909152297,-0.01966878153486548,-0.21791493615213453,-0.13039063408717738,-0.13064283894479398,0.04407959686559929,0.13392856389840843,0.048479096550065166,-0.016543860137353993,-0.03329490452202484,0.11586634997117175,-0.031246336762428616,-0.04715778343368681,-0.043313114915922955,0.10910378136732383,-0.16590887837426524,-0.1474094269335213,0.338558850822382,0.11505144186774914,-0.34246391712977203,7.228593073593074,18.955516216895
13,95.9325913431229,97.3316019302138,91.3904873751039,116.938977701084,124.463478582845,111.746128071408,110.099091926743,78.2791285969104,107.906383183857,104.036419912647,161.746924330807,290.91480292334,332.185866835348,345.653751520021,282.915881930727,229.028003475903,146.074828195056,61.7861561241048,49.4020571932237,40.829771814514,33.5143666345521,26.75149969104,31.8004624309813,40.5682398759887,34.9756653357691,47.173454627272,43.9316061553778,61.2376272772158,72.369146874531,86.3344259401135,101.213103265981,93.1109255765167,103.793881479102,104.137286560877,104.995923614872,96.8701759120103,104.974524814337,101.772301710719,112.716261048668,136.58107563583,77.3438793960866,30.4534541369543,12.2424825337402,9.21838059224239,-19.0516348985769,-40.0721780080682,-51.2791275445212,-52.6026274603904,-0.14065535272469298,-0.04423577479070363,-0.036487088810629106,-0.009726359969461206,0.08598906936113299,0.21386496648760706,-0.2131064106668467,0.2488184842134807,-0.025564678510022542,0.2820267202364707,-0.440534949677924,0.12413809423383756,-0.5812748908594665,1.5906475488060754,-1.406990882615378,0.32686213246647133,0.025622492377382504,0.11142860483288057,0.05776708747987405,0.028291212299092997,0.012468351923583174,0.004496698490146292,-0.20573947290869216,-0.02303860774679584,0.015312113391691468,-0.09483905555885923,0.019455317999333317,-0.059380769911698744,0.016831814895041822,0.3180679500639666,0.0748046176683945,-0.016808850308325535,-0.20358757781645398,0.02557519937209115,0.06680482608970584,-0.19344654405320927,-0.26529810906592705,0.2156191237753301,-0.14413897615748233,0.06327628799338444,0.008911481159590237,0.25857187498150525,0.030424628014210826,-0.336663509218333,-0.037274471165112906,0.04708841276577125,-0.03335244338111705,0.14895063409126352,7.309612794612797,18.591496753086364
14,67.0107928570586,73.7416729438274,74.2681650209139,98.5389280396863,109.776420244504,103.343608012306,105.485242521875,78.2009620573746,100.633911370433,94.0778772551657,129.029150138736,234.673061379549,259.352315911975,282.915881930727,249.214130793011,211.772788194817,132.715851470856,51.5748458501182,41.3261212555614,33.5770968849277,26.6451226758042,20.2741525546183,21.448911496954,31.9019398037573,30.8417202360032,41.2484459430219,34.809226879491,43.6434477268978,45.7971705070023,50.6990044254882,55.0218362516291,47.3574829709567,55.4997179538227,54.8327229098237,55.3312272953969,48.2360030097513,62.4523948652349,64.1956478223261,84.6068349008616,112.779414358213,60.0775028138234,19.7217737992995,13.4373652248603,9.51512606879066,-15.4656215143584,-32.2187155705875,-43.0118099659159,-45.4207837003394,0.16466265423446338,-0.008758901092100124,-0.1592809310164298,-0.06762999689710801,0.04219543720652979,0.05968466008406245,-0.07371580781088063,0.09974634321206055,-0.04598629804995,0.005479598298373924,-0.03508528908165819,-0.09915946906698694,-0.017091044884682285,-1.4324175348865045,2.9679078050724894,-1.3388913217473615,-0.4172950294154236,0.09739345070945452,0.03831417624590608,-0.0073094989175343525,-0.010255548877423757,-0.020092459261955613,-0.03544840256456905,0.051798138541882435,-0.15620409336792823,-0.025777412775218493,0.06313067668781537,0.04048579778755999,-0.08299729342870149,-0.20386439435113998,0.2645384165133754,0.21390608316291956,0.25053059563766206,0.03366038236174411,-0.029874861109546506,-0.1330740376658671,-0.031201401337080128,0.13189602867627445,0.032242507141578024,-0.15562921912889824,0.042053922461883886,0.06332999583661852,-0.20886288656040317,0.13765380364728666,0.07902184534461644,-0.08045261003531917,-0.1902668295075209,0.22076911992835607,4.804706589706589,15.786200644645653
15,61.143077847014,68.6000379174362,71.0285355767219,90.1475447660192,101.014919959079,96.8315832490562,99.3593861059272,75.2662845593168,89.5342621098239,78.1218808840719,103.567278345864,187.912970576395,208.48629972672,229.028003475903,211.772788194817,194.342611166985,123.534382203314,49.9604781334276,40.3863440053792,32.9205698280946,25.8373101447015,19.3114990139515,17.9286366319501,27.8362166412489,25.9640308477911,38.3935227906505,34.0009046076208,39.8911427206708,42.2866884133237,47.5677002556885,50.8799558316461,43.2864447668663,48.8546838497686,47.0330020823975,46.8496249385115,40.3290875522146,59.9380556296231,65.3765019947562,72.9038635270152,84.1339218118007,46.5190998925215,20.9928693594933,14.6211027623329,7.14355945643059,-17.1386964639405,-28.6866927469509,-34.6668460951812,-33.5329659410644,0.17111479764497028,0.009862154016431802,-0.05987170289832958,-0.002823288423276912,-0.1819929118297661,0.06402826644464428,0.05776318947670484,-0.19306056010184525,-0.07075317449911213,-0.15044550174288762,0.16426000097000712,-0.055027544567612316,0.16602762505159058,0.2753246649519614,-1.3489681840211296,1.790356022592427,-1.2842646960295878,0.4403211032577246,0.32689599751215037,0.048792187510391924,-0.01563253771664822,-0.1172492486262021,0.10004279699805096,0.018038713272159158,0.07443184061301333,-0.14409284523411314,-0.09442516851824374,0.24979994263580954,0.08758060200328134,-0.07701598261889153,-0.31341203651236244,-0.048153539394534144,-0.14839691387561538,-0.030398416383005118,0.03572830815876143,0.31551865032837845,0.06582968974378235,-0.3059641153861799,0.2192127273360437,0.007270087712461604,-0.001253647412499867,-0.1800949972039772,0.12031040806096492,0.08185453708346416,0.09204808662540868,-0.08820805935957333,-0.012208800738820372,-0.00661959829006078,2.550197210197211,13.940323208842214
17,44.1886509047079,47.1724852243463,46.0382831991597,49.9988069725477,65.2573927969393,68.2183228745038,71.7510352586179,58.4983935474406,60.1994157908473,47.7019399927169,66.1207422184005,128.357761989724,143.107096438232,146.074828195056,132.715851470856,123.534382203314,89.7475121277545,52.0534261088335,41.4957676140087,32.9487784325799,24.2144593000835,16.0890992601627,13.1307414292676,18.1527994150306,15.5583504217423,21.8712823911323,23.1678142587887,28.1344469403375,33.2050092997903,39.7292245579086,44.6587987233835,39.5260882419325,42.6310741479174,40.9361150061882,42.3466007048561,39.3678186160145,54.8022678404348,58.1374901686973,60.1132902206359,62.5247330086766,37.4580643575468,19.2485898395783,10.6522230705062,2.04890102335441,-19.1384302672895,-27.5176565066211,-31.1615440072152,-30.9846430017946,0.01044727559258633,0.014628276113199473,-0.009132037383867475,0.12052797221432468,-0.006325747908353655,-0.14814694018062421,0.056415384894043165,-0.05122305332776456,-0.12810782735578136,-0.05392927653975082,0.06615584792983728,0.27260560179772503,-0.13924297840509534,0.029583659552454497,-0.2825083455591041,-1.3242994737441574,3.445373372844142,-1.1716089551664297,-0.7081433088843727,-0.14656297174677088,-0.039343184425176356,0.07291290669663031,0.2816848979590551,0.07237268330150397,0.008483753364535296,0.10743264069632041,-0.23202154096464309,0.010773617988305572,-0.1539762706147513,0.036776357976873994,0.3299978483793484,-0.25560800025592767,-0.012910716871045868,-0.2097853766531933,0.0006901900735059313,0.282039862396509,-0.014902723825956315,-0.26295570830175674,0.12360133787273661,0.021585114764812483,-0.07733068488488036,0.05853956584815907,-0.0770572646712838,0.024423691320815868,0.0018604722138877323,0.06391444674695822,0.07272873982997512,-0.0738518345535996,-1.4126455026455027,9.472988553131186
35,29.570261061423,28.1573504307386,23.4877957436664,14.6251852379711,31.8626936168908,39.5759509363085,43.0527027713725,40.3876833947903,28.9536547471618,15.6891748454494,27.4748968438115,67.7309082569046,76.6124327235275,61.7861561241048,51.5748458501182,49.9604781334276,52.0534261088335,50.4944247197389,39.9250459389584,31.3046414553609,21.9238985367864,13.1995105147909,9.72565470146417,10.6312217814654,6.522399279841,5.80804618515745,11.8738263474977,16.425301347417,24.4364441611651,32.2638826403808,38.7792739235838,36.1389921316088,36.4188323109812,34.7076272059226,37.6627798570601,38.2631812484706,47.5898832210537,47.3952114761371,42.7358150053995,34.6051090406581,25.0227408483788,17.3446645704488,6.2476059755745,-3.33248373845692,-21.1943602107212,-26.4629262123599,-27.8389032354622,-28.7906566834384,-0.11286858022591123,0.019761695725992803,0.13561025109064484,0.08981511915472958,0.10819735711328606,-0.16476028722470504,0.03537079133065536,-0.21653834371682926,0.1290913648527816,-0.17067144191282183,0.07086585107538651,0.10947405167202082,-0.29708178103638305,0.016267956867405294,0.08574962824717776,0.47281532211942173,-1.1708483408380665,2.393783568527188,-1.3931881272658413,-0.3111468405182299,-0.04668874641422418,0.4071675626187061,0.11162233843858424,-0.15735685158525312,-0.2729083908777192,0.34597788982312955,-0.15539925168576024,0.06948180800285188,-0.1363853209976338,0.15200356154618075,0.11778114041848811,0.09381252162292071,-0.09366144583893853,-0.19690968445847934,-0.030871946704918222,0.15866738088229967,-0.18369980284086596,0.11171144794253436,-0.0971738383144695,0.14572370301683968,-0.1604209275113346,-0.017062132051529164,-0.009793150403012305,-0.026298733044567937,0.11107100053044489,0.08154485493066839,-0.16211462522129005,0.11379829002499377,-5.578518518518519,7.105239244370234
36,26.7548756381425,25.8827287689379,22.9691450606018,18.0840989245409,30.9079132459099,35.8264288882885,34.9752939738725,33.3306761598779,22.7335390218942,10.3540934362771,20.6730073743174,53.4654760449177,60.395413338114,49.4020571932237,41.3261212555614,40.3863440053792,41.4957676140087,39.9250459389584,32.7417122623102,26.7247990749387,19.7450207627014,13.3248578903323,10.6452968644912,10.6871555916937,4.98768640041681,5.29405698821381,9.49295733776896,13.0281230624499,19.4259010946718,26.3289768913388,31.824240903656,29.3162934439777,29.922264737862,28.4470385919065,30.9486006110688,31.5934040696469,39.2460569859346,38.8910790607676,34.1037497114995,25.7056403427671,18.230311228698,12.6567405870837,3.85243580742936,-4.10700755589488,-18.8262398731184,-23.9158522024844,-25.0329898640687,-26.1301505840811,-0.024863281734208417,-0.030076861496903876,0.00817448038854182,0.09245973845798071,0.04165067865926672,-0.02329787675135709,-0.04863675729787228,-0.05715222815524802,0.059541655400960264,0.0003161237990621702,-0.09886531864725204,0.026898534156111886,-0.042196254790796306,0.00571829548801903,0.05006786850618285,0.3506215929068072,-0.7095521879907278,-1.4359248399448101,4.041572432296598,-1.6397195743602095,-0.533860326996434,-0.09544871415815369,-0.030335935555505865,0.05083886607045129,-0.04494516426274033,-0.07409419075172735,-0.08122051861810473,-0.004384927475276302,0.07473973365186005,-0.0318584962850622,0.07262516211801573,0.08655142936851878,-0.009188050158672294,0.011292877805235899,-0.11805471430941905,-0.0007304515426760619,0.0031709895756467823,-0.000845987296781909,-0.0011716621246185331,-0.07057442338836488,0.1037287597649738,-0.036059237082833595,-0.06477268970023659,-0.022526826862585017,0.021414145931759516,0.024456418454592874,0.02446562807988748,-0.019972650815688428,-5.85435185185185,5.721163540951281
37,24.3662697249495,23.9643061913001,22.1412432839845,20.9998286378555,28.976706426804,30.6203223190837,26.5919921058511,26.4004744311907,17.3513824229687,5.89821846607776,16.0301042307624,43.4520200434605,49.7408866791789,40.829771814514,33.5770968849277,32.9205698280946,32.9487784325799,31.3046414553609,26.7247990749387,23.0743415992621,18.1824056068997,13.7486285497559,11.9410587145381,11.0708317123915,3.37899948434346,3.85645308494288,7.35495084285088,11.1780716010074,17.1937517038008,23.6256797016516,28.5948690483758,25.994034887441,26.7999223894419,25.3999522951249,27.2158575207702,27.5879774446546,33.5451524676271,32.7872816828895,26.8745136050959,17.878460803506,12.2574595358506,8.37061869111429,0.190595889773806,-6.57029278653441,-18.5148639645463,-23.6718690917041,-24.4564460815084,-25.4351240968432,0.07579133422503424,-0.16166807494399954,-0.04816467733049166,0.012178767991516412,0.029309837616271064,0.03221136433515904,-0.06408838102189322,0.14208010571976726,-0.033970359181239924,0.15135690308374591,-0.10746944194791043,-0.021938193741729256,0.0712321096333291,0.03718485783164998,0.0023896679858762294,0.04204775204426474,-0.14100974725291388,-0.31449520953576326,-1.6666208647032021,3.953233139029708,-1.7080636586163602,-0.38138899104297325,-0.18759795904757476,0.1947812709078131,0.059271318857011576,-0.10444788288788107,0.04254376727145171,-0.006051731724070259,0.35132612728442597,-0.3745364676847071,-0.3255744070483799,0.3377444947139958,-0.03501332126487149,0.2297960048885752,-0.011900625490165592,-0.031808196116014716,0.0015253283117826594,0.06886989573429113,0.07591670071094957,-0.2224379524847661,0.35406951539801157,-0.21792025372290438,0.03666797393120705,-0.02645388834232331,0.01924255542995324,-0.0034874083045809134,0.07223417952891949,-0.05169365239429765,-5.974629629629631,4.8025349139035
38,20.4424345366027,20.4256246577719,20.0496603725271,23.2406670544065,27.0411890733566,26.1357805170716,18.1937065530258,19.1458323412063,12.5129167481124,2.58771207306034,12.8381802462955,34.9987537969113,40.5100705559435,33.5143666345521,26.6451226758042,25.8373101447015,24.2144593000835,21.9238985367864,19.7450207627014,18.1824056068997,15.9403014048531,13.9745918036956,13.5228335237325,12.0988831952946,2.96437629004979,3.37932351999258,5.85463916950389,9.92718407986901,15.311953124281,20.899600440021,25.2372879045579,23.5639304291085,23.8597777626094,23.0011715839204,24.0746413270034,24.1521472833536,28.3563512256983,27.3606533910544,20.2899273447772,11.3081393756766,7.90962900959458,4.26573277641732,-2.97015713326084,-7.91149580562468,-16.5053208923869,-21.4129079288964,-21.5959426018725,-22.2467114297351,0.1452786299977768,0.009703699106117455,-0.18519048134592037,-0.01743142909280634,-0.093994558058715,0.105308426520068,0.003467127872122983,0.09158101585365643,-0.06253012015653783,0.02309350389726589,0.04603460672017554,-0.08218136130142382,0.1514004412285482,0.016530724740020597,-0.018351844252158297,-0.0942402773954756,-0.04445782759352739,-0.0440732741598893,-0.5306760203527551,-1.7312279867298546,4.775675069023975,-1.7056598228276372,-0.45920714652358846,-0.073733225890157,0.0852390115596411,0.09227511724957131,-0.0033292992385075726,-0.0838414619030073,0.15005912682044278,-0.08652260502972337,-0.18089488344902752,0.022970814797167564,-0.02682076609016896,0.07668551471699474,0.0046285027914166705,-0.016093022676413528,-0.02104926128627822,-0.019656458143570664,0.04559841273303465,-0.08142145444311007,0.08491458713408577,0.030485033361494926,0.01072963908463882,-0.00623546405579622,-0.04968412106960963,-0.027182585439125117,0.023407654157919615,0.012582439066353226,-6.18111111111111,3.9912781668098662
