,Cov_0,Cov_1,Cov_2,Cov_3,Cov_4,Cov_5,Cov_6,Cov_7,Cov_8,Cov_9,Cov_10,Cov_11,Cov_12,Cov_13,Cov_14,Cov_15,Cov_37,Cov_38,Cov_40,Cov_42,Cov_44,Cov_45,Cov_46,Cov_48,Cov_49,Cov_50,Cov_51,Cov_52,Cov_53,Cov_54,Cov_55,Cov_56,Cov_57,Cov_58,Cov_59,Cov_60,Cov_61,Cov_62,Cov_63,Cov_64,Cov_65,Cov_66,Cov_67,Cov_68,Cov_69,Cov_70,Cov_71,C_0,C_1,C_2,C_3,C_4,C_5,C_6,C_7,C_8,C_9,C_10,C_11,C_12,C_13,C_14,C_15,C_37,C_38,C_40,C_42,C_44,C_45,C_46,C_48,C_49,C_50,C_51,C_52,C_53,C_54,C_55,C_56,C_57,C_58,C_59,C_60,C_61,C_62,C_63,C_64,C_65,C_66,C_67,C_68,C_69,C_70,C_71,Mean,Std
0,149.294108977342,140.786309855796,131.193440141576,123.017194536509,117.083947628701,109.250298234686,107.640874627266,106.017047934114,93.5570253183192,49.1917424143186,43.4047369649541,36.2965217567235,62.3540518749039,112.925406464809,116.865895720284,79.6888792457998,41.6280841802141,4.06338177278265,-3.58074777216888,-1.01052903330871,-0.213567184803816,-1.24044995503862,0.152643752960398,6.17987597308636,16.5917601953538,4.42868731790088,8.47060192568149,12.9434315453204,9.74920888162235,6.24971996790747,2.30458802521748,-1.46692328402808,-1.89159809173365,-2.76378468643633,-0.235722553971531,1.97207646276775,11.2310049971521,21.0866414846785,31.2944189645071,35.8864056199465,27.8508281503257,30.6660493889216,29.0334641625578,24.7804605877395,24.1783007358755,21.0052202690919,22.977221838565,1.199995748406418,-1.5886639938826537,0.5131272443799627,0.1761733159709115,-0.0912368033064944,0.06196010153143665,0.03697483951250701,-0.20678712550735415,0.09827104267308158,-0.06570085409025582,-0.053279487069762835,-0.0040565322719585736,0.021447294022594526,0.10232142709777543,-0.2920336628285467,0.115276541114416,0.016004348786255684,-0.11851295060525878,-0.016743313573389356,0.009593190946413543,0.11151444593502818,0.17763740358324875,-0.1902151266805465,-0.1325936429637612,0.007562102410122291,0.2739691522413718,-0.18010559155601938,0.028436587236867775,-0.02993585385399478,-0.12434512899888706,7.79600295358006e-05,0.059435250398948876,0.11538044835774032,0.002013108569130902,-0.004963932721725997,0.13273777522282218,-0.036397851508259534,0.014448072096638384,-0.030953921877917057,-0.26313042357545136,0.07203059754444625,0.11709685041802644,0.03728941397300151,-0.1909663768607737,-0.0011213304460041334,0.2068785046856861,-0.010651820210030341,3.78699074074074,12.218187630632539
1,140.786309855796,148.597119885289,153.175479843734,143.688619011269,135.336005693548,125.377197653446,116.277297866819,106.321818214875,100.066798592791,46.006849394878,38.06708180543,34.3873826960136,62.8957494970799,112.570438500499,111.201158753559,75.0039824436729,36.6076574546889,0.514990203169216,-0.69664082121868,0.583139215392717,1.06173461722604,-1.59824721772649,-1.45396587297549,5.44917350614642,21.2749089137749,10.8815934658748,13.1011049733301,18.9914802160133,12.9954127214869,6.46493073027446,1.26526223038695,-2.55974210761115,-0.808663405758544,-1.13935282324648,0.973488460330068,3.06795295540173,11.8535589970098,18.2246075303027,28.1395877556868,32.5961522974804,25.500161498728,32.3680896985861,30.9160523237363,28.4201400805787,28.9340958343468,27.3541426792363,28.3415001448633,-1.5886639938833063,3.083301049003719,-1.3440346330921096,-0.19494517937008424,0.0006856171245733757,0.08156380034168531,-0.09676128710887065,0.04035397006561245,0.0024876026843322903,0.03130884019121124,0.043304216184983375,-0.09619132736822204,0.020679962031094463,0.03288296204011439,-0.040835662396601,-0.0508703225731866,0.1549532302826907,0.09014307894215624,0.0001986423546631251,-0.3422887350605589,0.0002908596132711019,0.017673679499791185,-0.062267972994191165,0.035789715883684826,0.03666536533185061,-0.3098377400887301,-0.041632273626417075,0.08527830349317524,0.06574154247743787,0.04315930555311176,0.06812653103340745,0.08783991235192055,-0.34764957994986606,-0.10679438565663908,-0.0060055333375875885,0.057997117722575424,-0.16690659761936102,0.08307649258077539,-0.022394890123617808,0.16582748729323354,0.018593381608110904,-0.15928365245077103,-0.02532405029099589,-0.016892484518781888,0.0607023805791456,0.026285243275969827,-0.05595012357680826,4.17941798941799,12.18963165502917
2,131.193440141576,153.175479843734,176.16217666753,169.21998536136,159.004409223734,147.106225569624,128.477769227887,110.388982939987,112.111785938282,44.5335615903479,35.197859352415,35.7909605489361,69.7749642405314,119.58665301574,114.261419027387,79.5391423148821,39.2291098809412,-1.26084058629472,0.261802839505727,-1.6254871065661,0.0808597765781231,-2.41087721759991,-5.73394443337646,0.975908281810878,19.0321439618893,9.58605833655825,17.1703646000911,24.8358290286032,15.7970449511364,6.04198111200002,-0.777135030965406,-8.09625675455837,-7.09109925418033,-8.29847698815345,-4.60692792508134,-0.59111516592624,10.4525469161649,22.4916045457719,33.1689143382175,38.7607926911343,33.6248491417054,34.99955266212,29.8768798608469,27.987092475886,31.7898676726582,33.7354155002222,35.0725830070406,0.5131272443810383,-1.344034633093739,1.5636702295385914,-0.8854714941976578,0.16811310292953477,-0.046676953444531176,0.07764529765039818,0.12328639452198438,-0.18470055023444432,0.13805559337181786,-0.007671378164542517,0.0027293457713595598,0.05396664324517857,0.04581045235181451,-0.17378807963546003,0.14881478545137677,0.025722755019769755,-0.0007050540105411247,0.07738258230197402,-0.03782523519990096,0.04552190124755576,-0.2245918740194378,0.0953874199333801,0.16331155912832213,-0.04085376454008381,-0.019329669535420323,-0.034250619368030956,-0.22525317482330076,0.028462814933176123,0.24753880925920466,0.017472604558529933,-0.260330047282097,-0.11150659339856855,0.021645948939322254,0.1339118508482269,0.05573296680178908,0.19352849090656618,-0.06699002630190092,-0.10709167622247567,0.04643659693683713,-0.08898888942100994,-0.03993468228864087,-0.13263203614090838,0.12968302376874724,0.000776631700307219,-0.12430677316530207,0.05854406485407995,3.789543650793651,13.272233296153665
3,123.017194536509,143.688619011269,169.21998536136,172.041103032156,167.193322325278,160.517060980033,138.360091175246,119.065232509892,118.951440191071,46.6976389347465,36.2846593999619,41.4298126574991,82.1603957320788,126.079398747854,118.220648134317,85.8289031950648,43.7406842923287,-0.941518116020265,-2.40060209619741,-4.63754179585377,-1.1086738841561,-2.63087773095105,-5.40744938529559,0.713913635720827,12.6679012857784,0.84223878197973,10.2505033694432,18.9910634172141,12.9701038911091,6.12075306246708,1.01220251203169,-6.41533100005644,-7.72306842964779,-11.5063322910279,-8.67530250838744,-5.17080713921139,5.98663419045751,23.0733756224743,34.0522471536265,39.5650489143263,35.0623135158597,29.3586818958579,18.6488431415404,16.4316123559072,21.7041757072701,25.3743692615039,28.3071837160672,0.17617331596968935,-0.1949451793675543,-0.8854714941986855,1.9707159567344117,-1.0523122935766005,0.1401313885892068,-0.05263726993214061,-0.18560155202849574,0.18072340195818307,-0.1408460819632447,0.06256223795700043,0.2032613129631641,-0.20949875879343755,0.0008956534072569858,0.1507038348207961,-0.17094201619266905,-0.06353341037551513,0.004933486854978343,-0.019430251286024592,0.02457190530178886,-0.3230683739965643,0.18512847589320838,0.20922502325556647,-0.02487326354984565,-0.1648629907831699,0.23973121422889024,0.16710337340942624,-0.05944942918559959,-0.033465855493369376,0.02886391882819664,0.010950530606577183,0.04308706384984223,0.22971712874653563,0.1387072593321601,-0.004189649823014606,-0.20412421449125456,-0.18460124812026416,0.004168684916621273,0.20105938336444917,0.036697669344501284,-0.1924986887593688,0.017960571793506273,0.35311061614802747,-0.16937837338234635,-0.06613560512316606,-0.024017076511665705,-0.0019729472254812305,3.05244708994709,13.11606278698588
4,117.083947628701,135.336005693548,159.004409223734,167.193322325278,173.947673761749,178.731345024936,152.401034597251,130.298690471422,125.995608157363,48.6810845166224,34.6647379549357,46.73155138795,71.2780647637198,111.736699841967,102.937919679541,75.0098172941806,37.5517977387979,-2.59803515040737,-6.38011664122125,-7.00679570143941,-2.86812222010959,-2.57728696118553,-2.96089721285608,1.48078232048282,6.98729478191739,-2.76636441650469,4.9875499613331,13.6651231491664,9.77200838312085,5.24777480101497,1.3783254132037,-4.78781050547153,-7.36478337420012,-12.419685173541,-11.3744472220767,-9.27524984608502,1.09087121817323,18.5430462028323,29.7816844861991,35.1283488690575,31.3112588864976,25.4348784055785,12.5890561996353,8.76904445792652,12.6857109899083,15.3704289297372,16.9141414445022,-0.09123680330594154,0.0006856171234158458,0.1681131029300374,-1.052312293576739,1.595839236383291,-0.7085401927963428,0.08249151073131039,0.04650582233322901,-0.07197798393066879,0.004960837494809263,0.026556378672221704,-0.03523002119240719,0.055847153413233055,0.01140193801612994,-0.08124541530068383,0.06523637187352706,-0.009968686404305234,-0.0647942115093703,-0.03028833272911658,0.2435991004242266,-0.021080529011454685,0.01483591661275358,-0.034356979591105966,0.04820376522457132,0.21644575844111905,-0.2317378560674797,0.15541130922199053,0.034058545191118006,-0.08634508063377495,-0.17334895270430897,-0.01991590809972009,0.06909938726401701,0.08033848388127456,0.042756901126550624,-0.059343673524919864,-0.040724564868939314,-0.004614911061837526,0.04488449877273279,0.004623510690055545,-0.0010332875864876912,0.15419247821221904,0.009721499419779433,-0.1761244027465249,0.2196305510342081,0.06561896505517273,-0.11883824921865664,-0.01408883175671796,2.637572751322751,13.188543276713649
5,109.250298234686,125.377197653446,147.106225569624,160.517060980033,178.731345024936,198.98923810827,170.901856206032,141.567275865026,133.198115641692,51.4083025843034,33.6879001655969,52.5004575406883,62.102777386226,99.1852855146273,87.170742097505,64.7450897501841,31.7975694147846,-3.715529676958,-10.3052610709851,-9.99216686679073,-5.93272627396152,-4.33498319929453,-0.932636370257229,3.08369351689284,1.32333812283204,-6.38563444248865,-0.577467534639194,7.64950360801268,5.0872375053561,2.1025865281564,1.28547351489542,-1.65652896336721,-5.04977274124076,-11.5324624551405,-12.6183029750755,-12.339719133022,-2.76046035968941,15.4088419805319,27.6226845544077,32.6856911244992,28.8409486801275,22.6008301310109,6.86620093118346,2.04588233712279,4.57856118751227,6.1114369600118,7.20259819282135,0.06196010153112501,0.08156380034231962,-0.046676953444846014,0.14013138858932503,-0.7085401927964069,0.9227265042084252,-0.4321377115168578,0.09729957564857585,-0.08246769781657501,-0.032305359579608006,0.14679893666690993,-0.30976820300953267,-0.008583181981297273,0.03422471996059237,0.013240703325540316,0.03339606316445813,0.07141345337866385,0.13054650826956415,-0.08095381198397657,0.03300982253211094,0.02842311183618022,-0.1149047078392722,-0.023293127376562132,-0.19952044824506152,-0.20428572495874894,0.23743248401890404,-0.21719475636639357,0.044017754463476694,-0.0016252635843123618,-0.015522003804185785,-0.0021728250399376215,0.034225195240163125,-0.012768411203569389,-0.1579896493008649,0.0667206239802269,0.21604502545326543,0.0690061233838135,-0.048561849614363314,-0.35415761121687733,0.012061342397839837,0.08887708415899294,0.22440968815806034,-0.12143559956378863,-0.21291581724865397,-0.01101919549176491,0.26609632587699483,0.010330790990113595,1.7318253968253965,14.106000074729552
6,107.640874627266,116.277297866819,128.477769227887,138.360091175246,152.401034597251,170.901856206032,183.871947343212,155.370065818172,140.928473490971,54.0506067484813,39.6715748243685,28.4417835489426,34.4709701785461,76.502255877372,73.199755086918,63.3024331528342,34.9196817017449,5.18748658949259,-7.74673044655652,-6.46916246873942,-2.6739158588034,1.10327587667047,2.30369801306036,-0.547218777369269,-8.34400679218994,-9.95875639430641,-4.42914323773983,3.66236950101147,0.450317951590337,-2.77621010625304,-1.58904161491319,-1.55795659985027,-2.99874248454248,-9.45710037318642,-12.8826799443236,-17.9825736197738,-12.2867858012291,-0.138026900049716,8.24312360339553,20.7812445653145,22.1565401902403,23.3270499936166,11.3944486849592,1.96369194365089,-0.195979452148372,-4.25478689067675,-8.49414846741195,0.03697483951262286,-0.09676128710910017,0.07764529765047323,-0.05263726993218348,0.08249151073125224,-0.43213771151686486,0.6014404839803609,-0.21369444638570903,0.07870430840055813,0.050365458978895924,-0.2082470648112871,0.21371202155662744,0.06982462859273782,-0.08460613697342445,0.016712288683382846,-0.03873410026634198,-0.023632031724592745,-0.0579404140109398,-0.010832682863528094,-0.12055487549161766,0.13216193657007547,0.09158884804778997,-0.20872102113951607,0.21102359762822445,0.134785372081768,-0.15266376535553364,0.07019510901406353,-0.015533119143927425,0.0666581717937699,0.08276445529641534,0.02517913035359717,-0.03349354758976401,-0.1188800668457082,0.057614618044290536,-0.07107405617140389,-0.0937570621369506,0.0844284635337645,0.07878185055031302,0.307258236478345,-0.24700554549227421,-0.08745823302737854,-0.33827700668433713,0.26707212634203337,-0.09044469352154681,0.03545472823397727,-0.03438179149758456,0.017757541053127136,-2.005667989417989,13.559570322956844
7,106.017047934114,106.321818214875,110.388982939987,119.065232509892,130.298690471422,141.567275865026,155.370065818172,175.963402942669,156.656765520951,59.9008564396383,48.5414970619474,31.986848225363,42.453325485526,82.8858984454555,76.3444697440712,62.1254799666717,31.9111226098817,1.10920760777103,-14.3436824567711,-8.62295101790273,-0.298091084061336,6.66037990698458,5.65266591460736,3.45665724392036,-9.57966398787419,-14.2925689386561,-12.4033023212109,-4.46609312094152,-4.28974776288303,-4.3243495752665,1.13078657302182,6.0045999178641,4.93165122848326,0.368553669174633,-2.48249175313026,-6.8936831359297,-2.31460908307729,7.47022546377726,14.890853318455,17.9530153755472,9.99769642324679,14.6310799960911,5.72425339989914,-1.58760074934048,3.51853639327363,3.02243983841396,-4.64280037916724,-0.20678712550725928,0.04035397006535904,0.12328639452206216,-0.1856015520283844,0.04650582233304004,0.09729957564867184,-0.2136944463857007,0.5407632158628555,-0.31362392111746745,0.01472947651802677,0.06570139312789679,-0.04115265301615684,-0.035955429471348124,-0.07477367822673886,0.2635934109663212,-0.05315992206467666,-0.08721207048923191,0.026666486649311354,0.16050922056737066,0.18717349941788908,-0.23591843005738092,-0.11882996346162915,0.12306672041976237,-0.08937186278458942,-0.0031896148918510235,-0.04116748826466789,0.19352545641841443,-0.07635127210131495,-0.09568532028931205,0.012564773962748502,-0.038929396528336886,0.038062652645766776,0.10579363403811554,-0.13267729434518027,-0.008714773621591555,0.007222601493072892,0.25781100274010804,-0.07626390147584562,-0.25293423676742566,0.0013552316298103175,0.22836165116417556,0.19248411145288616,-0.27097870347017494,0.12192734612627193,-0.06311544276331658,-0.02282536995731756,0.07727228181597665,-1.5042724867724868,13.264742852489421
8,93.5570253183192,100.066798592791,112.111785938282,118.951440191071,125.995608157363,133.198115641692,140.928473490971,156.656765520951,186.954037356322,93.618374633952,74.6969983274132,43.5917777417719,67.8188483374995,117.899954963556,106.691703304504,81.3957323488587,33.9904907970167,-12.8383169135248,-13.1149853372477,-11.0708653086579,-4.51135768790865,0.51051466295156,-3.47430206652341,1.91382170420299,-2.3256425055713,-15.5625050201698,-1.85485349624954,2.05380918730646,3.52514024166801,4.72347977102233,7.95809507588271,12.1152304836272,9.4790559348743,6.80092553643489,1.11502475340211,-4.56809434922717,0.434637780584069,6.83521169608519,14.6728894405327,20.5864080130034,17.4489424068134,12.8611575009238,-9.51103630273562,-12.7895398303049,0.683569480772017,11.985338737577,13.6482178446493,0.0982710426727771,0.002487602684911414,-0.18470055023463183,0.1807234019581009,-0.07197798393074487,-0.08246769781655638,0.07870430840053426,-0.3136239211174606,0.4425983139701055,-0.1321789996764871,-0.08582121215698885,0.07709807642308165,0.05090155305609675,-0.018681951529999796,-0.027979686979976586,-0.044199607533295444,-0.03481274879352317,-0.03349931471512117,-0.10481943303535088,-0.028745524727942704,0.2785725795793488,0.06400517146419149,-0.010383585680436734,-0.07831761984077557,0.06810610863403244,0.05667093416995387,-0.11770655576757992,0.08916262169244368,0.03891597196154446,-0.09834304960614317,-0.0050003947435853305,0.050557883544907534,-0.07996604185757426,0.14487812652648932,-0.03733639398612129,0.0539307522571052,-0.2713723238194489,-0.053476093381705954,0.23543809274916538,0.09536091557822772,0.009095965921031325,-0.300859091083623,0.21192416253571153,0.13598185709073807,-0.06804201585216128,-0.059890252606755005,-0.053645158398579966,-4.474999999999999,13.672747981160255
9,49.1917424143186,46.006849394878,44.5335615903479,46.6976389347465,48.6810845166224,51.4083025843034,54.0506067484813,59.9008564396383,93.618374633952,99.0075166737619,87.9610685295019,50.2577333607883,77.5864887133805,106.994349268732,84.9871067893237,43.8274503835576,15.8022526299865,-9.95898528433528,-9.48743590085139,-5.59337162505988,0.261915161967349,4.04860334743927,-3.1698761675352,-5.23275507975337,11.6334811516516,-1.41072387773358,8.5730351538631,6.11196378254884,7.49183076584327,8.53090312080399,9.71160205250033,13.0183073284257,10.9953719278079,13.0720539395308,8.68484170621317,6.26325393360592,6.46250231684402,5.17067800395563,9.47033403591944,10.770751126636,8.24430247006103,1.73526901891624,-10.2546882577447,-8.45719539100676,2.63801480009624,15.3422676712338,22.3472089580793,-0.06570085409006986,0.03130884019087254,0.13805559337187812,-0.14084608196324944,0.004960837494763307,-0.03230535957957838,0.050365458978882796,0.014729476517977678,-0.13217899967649688,0.4680537317593383,-0.23934037211058004,0.049764442224841506,0.010849228436984312,-0.06901747051803138,-0.02008326855942784,0.08227088760495954,0.11912284858849478,0.05494496337646338,0.010633870248504826,-0.14339101417250324,-0.024978387985157193,-0.07179356647058718,0.02103092643822847,0.1285440005949101,-0.15632409968180302,0.01856212411478085,-0.3192545776546697,0.29254076906827364,0.1539415220431981,0.03995295313219556,-0.024455511521616985,-0.20827817826833492,0.1193005943724301,-0.10045931675545511,0.03210017912496429,-0.12343926661058505,0.1820412162806705,0.2040643063762213,-0.10798462625853865,-0.05198595289100233,-0.23415258166534939,0.046303361343922184,-0.07366682482927023,0.011535340466551679,0.07292032901993618,-0.07650243011856854,0.07585909579718457,-6.351851851851852,9.94974957844477
10,43.4047369649541,38.06708180543,35.197859352415,36.2846593999619,34.6647379549357,33.6879001655969,39.6715748243685,48.5414970619474,74.6969983274132,87.9610685295019,141.853802327231,114.993431247612,150.756031729202,168.714653754644,140.360914533815,93.4487403323425,50.4157987219729,9.58387262561322,-7.10122785173245,-3.76705646767029,10.8736277653484,21.016362340995,-0.855526815370219,-20.2208572234263,2.7332676404739,-4.0711649404614,11.9289844392183,14.9216994460693,8.75765848372405,1.8601175899843,6.25945640255353,12.69402458388,15.0705602467092,20.0223304768738,17.3408996673977,14.5853743889064,15.3267008424899,12.7487477524124,15.7486573976912,13.2813036708025,-3.28846576948571,-8.58805886628133,-15.016345504879,-3.34077057232836,19.3934311445594,38.2006577102622,42.2406641530074,-0.05327948707003759,0.04330421618549038,-0.007671378164615553,0.0625622379569887,0.02655637867226559,0.1467989366669417,-0.20824706481122415,0.06570139312795292,-0.08582121215693195,-0.23934037211054027,0.5236727962519651,-0.2104788650451198,-0.0626250088913175,0.14210605219973177,-0.1626437908348418,0.03917257438630557,-0.004941400298937412,0.040071586361927626,0.03792245859955685,0.12414121376836317,-0.28926533725378506,-0.03930802390823053,0.1629231917745727,0.13143745052381664,0.0017009558511105194,-0.08657138739686121,0.28190368732292265,-0.2853034419258183,-0.10349574196012025,0.11567534212661391,-0.011107372967039088,-0.04272453667018994,-0.08388093054602747,0.12537755358224636,-0.021491843688544454,0.0544408805132378,-0.09509454569954844,-0.12280501675082013,0.06339823162696182,0.038822373383637955,-0.0025597811083955726,0.2160652691548444,-0.021899971729459365,-0.06498810312513029,-0.07537060293109081,0.0940709815143845,-0.0937797658832703,-3.512962962962963,11.90981957576316
11,36.2965217567235,34.3873826960136,35.7909605489361,41.4298126574991,46.73155138795,52.5004575406883,28.4417835489426,31.986848225363,43.5917777417719,50.2577333607883,114.993431247612,151.064495530918,187.14398837819,185.788616740662,153.369049422223,110.267562736761,62.1426390972356,15.9592454281304,-10.6253952742371,-7.90973410163202,7.65393441376327,18.0297945957133,1.46226072409135,-13.427390643441,-2.09838732431168,-9.24557837225628,8.07362953425632,13.4595852800472,6.23411163472443,-1.86317483929071,2.99338039107354,9.6950706356888,13.2580188647629,18.1257508941101,14.7662775077504,11.7861510771077,12.9752557488642,13.4318751995813,19.1751343568567,17.0090697577313,0.22372392651453,-4.0137478170949,-8.26592631129395,1.44375439864697,25.1279305354994,44.4523656310989,44.7008519778483,-0.004056532271879671,-0.09619132736833738,0.0027293457713266325,0.2032613129632068,-0.0352300211924485,-0.3097682030095743,0.2137120215566204,-0.04115265301619529,0.07709807642307581,0.049764442224856174,-0.21047886504518065,0.4365726253411758,-0.08176587834831037,-0.04663427239230453,0.05915055618197651,-0.07973721750053941,0.0028516005962942372,-0.14605922573838484,0.11748039717976647,-0.03809517316178589,0.034124236805084474,0.07573594396693266,0.02534139115587584,0.04472965394621422,0.11595242972918904,-0.08798149745537893,0.09309256130866976,-0.015601053289988308,0.0025147050977211796,0.007097635233116665,0.06980613450782137,-0.08204163677395358,0.14395633149794246,-0.01763317301977947,0.0512273128488411,-0.10151014385677296,-0.08818213424575275,0.17012618002284072,0.06434085156069325,-0.035325873322309125,0.04613388122027583,-0.23258879959753417,0.12684743316046143,0.1520855258965532,-0.011275006639246148,-0.2098237259845463,0.011140880691398219,-0.560383597883598,12.290422919123564
12,62.3540518749039,62.8957494970799,69.7749642405314,82.1603957320788,71.2780647637198,62.102777386226,34.4709701785461,42.453325485526,67.8188483374995,77.5864887133805,150.756031729202,187.14398837819,336.770773671963,341.366558120384,276.841728981003,196.87149193137,109.003930868721,21.8440450126447,-8.89320211873402,-6.00988105740942,11.4438523424295,22.0519103120043,3.33340634550571,-9.55310962531729,15.451085964222,-11.268830190178,12.9055880322188,21.5408779629411,16.3949561242536,10.0914099619755,17.5576426506904,25.9964555323842,28.5193184114924,25.7906600860471,15.5809079722099,6.27286182418737,4.77432648444169,8.38288673665119,15.0974071499534,14.0052328581247,-3.73074203568603,-21.1551951292355,-35.2048891959491,-21.4811706042944,13.0999973601849,43.9777740456264,55.4669122615981,0.0214472940227446,0.020679962030804747,0.05396664324527803,-0.2094987587934444,0.05584715341321614,-0.008583181981320733,0.06982462859275579,-0.03595542947136722,0.05090155305611808,0.010849228436969399,-0.06262500889134559,-0.0817658783482915,0.2574713479766916,-0.13624916713003088,0.020486237510367968,0.023512375878147477,-0.085902843551308,-0.047471213993374166,0.033375544273148657,-0.03273291630784826,0.15576107028006125,0.13030650902315505,-0.16264374417859412,0.02977239507018633,0.026603982293382563,0.029641333892328904,-0.076903548566611,0.07996630671206939,0.004542949216554528,-0.06276316569975172,-0.054368983786771484,0.12230317418228281,-0.20745085936315963,0.07707811409667804,-0.09271998817693548,-0.0796369533306772,0.10791441708203538,-0.07986633220231867,0.10965382658680806,0.011220743036474938,-0.03891431672734152,0.022987560158229794,-0.007803834526987082,0.04020742547435823,-0.029511481613876685,0.014885060028647765,-0.028875885747014222,5.185052910052911,18.35104284971193
13,112.925406464809,112.570438500499,119.58665301574,126.079398747854,111.736699841967,99.1852855146273,76.502255877372,82.8858984454555,117.899954963556,106.994349268732,168.714653754644,185.788616740662,341.366558120384,448.90302608669,369.804329140342,264.265097064292,141.881573521198,19.8331165409241,-1.429702792872,3.64359840629255,24.775561605131,38.3434057393974,9.82174049807979,0.248862743952249,35.046644952575,-1.78869905878713,22.064083660269,29.1831072641459,19.3593598590581,8.29156199140428,12.4600701291042,17.3424285862555,12.550614760563,8.6453198129216,-1.75699495319941,-10.7945568465455,-5.78620404234657,2.86289160150839,14.0182929708292,14.6446854437077,-4.28547301117412,-16.6519192688899,-24.9710182829886,-13.7537140735473,21.7514299273493,53.1996913277633,85.1488748505472,0.10232142709739069,0.032882962040809316,0.04581045235166897,0.0008956534070317147,0.011401938016442943,0.034224719960517264,-0.08460613697340962,-0.07477367822665325,-0.018681951530003776,-0.06901747051799963,0.142106052199748,-0.04663427239231597,-0.13624916713000462,0.4798490105254974,-0.6314194203241529,0.16989422990624775,0.18380511855748824,-0.03967176200206238,0.0006057621711119447,-0.16110620070530293,-0.1366471914135516,0.010655158803291685,0.05214630866317627,-0.017290803016021605,0.07190560284419657,-0.046686937003203456,-0.0025556135253016333,-0.23598086891369807,-0.03233582319519506,0.13091219394767492,0.06570279288549642,-0.11165960511408406,-0.07951658354409784,-0.02537791385922753,0.13386050769787447,0.19739905363042548,-0.18478956835633847,0.00036560581529205736,-0.13923300974801855,0.08750825525861407,0.011673541417324518,0.023847139727179712,-0.033660130697959215,-0.1098681532930758,0.07371759464537453,0.10380537677329235,-0.09141626937843995,8.446044973544973,21.1870957445019
14,116.865895720284,111.201158753559,114.261419027387,118.220648134317,102.937919679541,87.170742097505,73.199755086918,76.3444697440712,106.691703304504,84.9871067893237,140.360914533815,153.369049422223,276.841728981003,369.804329140342,334.640461572155,256.172805385934,137.484266624094,16.9054129087504,-4.62299376828448,-1.12902741962711,17.0569081416414,28.5512703541908,7.82301887750282,4.50767610439753,31.0425095428162,-5.17777457775303,13.8158582668193,18.9111888475788,11.4483577742751,2.85350953274679,6.85469727002102,9.79542679620716,2.99762750327996,-2.92766384865549,-11.6447356591854,-20.1547824130289,-14.9694188063296,-3.13337014303154,6.36777415330582,13.3371045725132,1.81729017685561,-12.1531914829093,-20.7955401712954,-13.9313341317543,14.2001962212746,39.163112455141,62.0750095023247,-0.29203366282813503,-0.0408356623974214,-0.1737880796353073,0.1507038348208523,-0.08124541530082129,0.013240703325452663,0.016712288683395405,0.26359341096620315,-0.02797968697996061,-0.020083268559440502,-0.1626437908349674,0.059150556182040646,0.020486237510365317,-0.6314194203242383,1.427344859589899,-0.5328178790385623,-0.4194238841273223,0.1728552957677168,-0.014165259818107269,0.376193412496462,0.13134324237154532,-0.2304970361942093,0.1001941635507891,-0.09038499185722396,-0.24888524823529115,0.16930084585324293,0.13292022533404801,0.2556935633918322,0.020457583175356637,-0.18958222449129136,-0.12001428900040441,0.14149667001105096,0.28738923779775577,-0.013333386468979696,-0.12383123310888419,-0.22601084653568473,0.1598993549639728,-0.10762936755668977,0.17530352599846907,-0.07816575900109597,0.13272010434049153,0.05267163672602183,-0.09654815443342181,0.21393802258916195,-0.012272960802656824,-0.26570295395541926,0.1513330436901644,7.093148148148148,18.29290741167613
15,79.6888792457998,75.0039824436729,79.5391423148821,85.8289031950648,75.0098172941806,64.7450897501841,63.3024331528342,62.1254799666717,81.3957323488587,43.8274503835576,93.4487403323425,110.267562736761,196.87149193137,264.265097064292,256.172805385934,223.029091424959,123.224810338504,19.7550642866012,-2.11639205742978,-1.01273515038944,13.393087160606,22.4942264789452,7.74783450283068,6.0161629713134,16.6256276915721,-5.83501747419312,8.9591558938469,12.1382561565153,6.1810884191172,-0.688084641698357,2.67841944460146,3.47003310780119,-3.69182214805606,-12.8418428643649,-21.7235120781792,-31.5754444232872,-27.6961408354128,-13.785233956855,-6.37847286237953,4.5523700509927,1.71723519980906,-14.0495074988276,-24.5455179865491,-20.4908474769724,0.184276949692787,18.152794871521,34.3170467560308,0.11527654111460871,-0.050870322574249366,0.14881478545258486,-0.17094201619309612,0.0652363718738966,0.03339606316416594,-0.038734100266056934,-0.053159922064412314,-0.044199607533317614,0.08227088760522154,0.03917257438624164,-0.07973721750042584,0.023512375878346457,0.169894229905885,-0.5328178790378015,1.1766268997552016,-1.4750218373984167,0.7393799645636224,0.053940353442239276,-0.20914100412563752,-0.0545488234017099,0.0499777725082881,0.015736323776477785,-0.012865071091136885,0.08635013040741374,-0.11503550987629606,-0.09211434571732932,-0.022787695962070472,0.03329267162532144,0.017710390041226886,0.09450409092323585,-0.0625910686845998,-0.1279523002447347,-0.1394386534844226,0.0437361134320098,0.1039298033648787,-0.1130361510351004,0.2662126744232436,-0.17244674270453347,0.05251413536513724,-0.07681046118701271,-0.03510083120604165,0.031980766599989635,-0.08406064761011975,0.007634910909231525,0.0834341548855555,-0.03899801393075504,4.540251322751322,14.933823737575006
37,41.6280841802141,36.6076574546889,39.2291098809412,43.7406842923287,37.5517977387979,31.7975694147846,34.9196817017449,31.9111226098817,33.9904907970167,15.8022526299865,50.4157987219729,62.1426390972356,109.003930868721,141.881573521198,137.484266624094,123.224810338504,76.2913468468273,24.7495839002237,4.08452745838692,1.49062335151683,10.5178240557012,16.4336103333709,4.59586768854646,-1.52872737966206,3.87760713542123,-4.57692532005291,7.2593716667795,8.76539938935173,2.54186413838283,-4.22029110812447,-2.4673890033313,-4.02811301081794,-8.48023744917444,-14.0897720337589,-17.6749776555126,-23.1421557391535,-20.935195623869,-9.25664222616255,-6.07191888587428,2.39397956998413,1.05321959465688,-8.40925220902844,-10.4263216898062,-8.97229764762924,1.01029710702386,7.85547570327564,16.6401395564987,0.0160043487855976,0.15495323028529442,0.02572275501725488,-0.06353341037511655,-0.009968686404117038,0.07141345337891986,-0.023632031725104037,-0.08721207048966499,-0.034812748793464035,0.11912284858800913,-0.004941400298808519,0.0028516005960459866,-0.08590284355164017,0.1838051185581589,-0.4194238841285996,-1.4750218373979593,3.6156143051344416,-1.6339292927293263,-0.10964316978110301,0.016266125190159277,-0.06821691268159233,-0.08377159730352159,0.010681317956439212,0.0952842788843105,-0.03964850154514132,0.06616640064382402,-0.17872029334346415,0.006874010134060847,0.006183653920296655,0.16722867956337314,-0.04877861406554302,-0.13568812749455647,0.053383372073515754,0.1886420204088717,0.04455134608575045,0.07344024358828334,0.3102240471838624,-0.2139757452794408,-0.0752103971211532,-0.1897711802180988,-0.040351813091328764,0.009067401502048218,0.03173024819122814,-0.07870562121421269,-0.04190357368707786,0.16274642696165034,0.027399586293073496,-0.39875661375661353,8.73391932907714
38,4.06338177278265,0.514990203169216,-1.26084058629472,-0.941518116020265,-2.59803515040737,-3.715529676958,5.18748658949259,1.10920760777103,-12.8383169135248,-9.95898528433528,9.58387262561322,15.9592454281304,21.8440450126447,19.8331165409241,16.9054129087504,19.7550642866012,24.7495839002237,28.2300426373721,10.7283894261195,5.90474355243691,9.53112759073998,11.835438620124,2.95802527160828,-7.14345868347902,-5.53842648540408,-0.606521456708607,6.27774892168634,6.11179913515538,-0.101029137224921,-6.53750576621423,-6.18514753523115,-6.97368962491311,-6.15938275296798,-5.62740693648848,-6.14982774786685,-9.48046377388971,-11.5952789316615,-10.6430009007992,-12.5166707964015,-6.9460073025159,-7.12246749739356,-2.28787398516266,6.55832249845804,6.15496640581106,4.60379441176028,-0.40489283742122,-0.624026390081328,-0.11851295060490051,0.09014307894075653,-0.0007050540091314158,0.004933486854631832,-0.06479421150926053,0.13054650826938208,-0.05794041401064209,0.02666648664953189,-0.033499314715130304,0.05494496337672183,0.040071586361833854,-0.1460592257382522,-0.04747121399317717,-0.039671762002461274,0.1728552957684308,0.7393799645634264,-1.6339292927294418,1.46802141640885,-0.3711566541110567,0.20075344190887687,-0.3246092620037691,-0.254422397600894,-0.014643581549064717,0.0908527219936147,-0.13500057276294472,-0.041456533687572406,-0.11683671105359215,0.06635335269740723,0.08746253599237587,0.1715449182608556,-0.04901221583538483,-0.08921466502757446,-0.07486924998244619,-0.17570796231475175,-0.07425336648284067,0.1310456343534871,0.12910726293364663,-0.04860039276550313,0.035304717490003135,-0.083693637867652,-0.10189945789895961,-0.10654766163425149,0.04249396709785992,-0.20715548339360165,-0.03366825764183921,0.13030699269189233,0.13501423185494424,-4.959986772486772,5.312254007233851
40,-3.58074777216888,-0.69664082121868,0.261802839505727,-2.40060209619741,-6.38011664122125,-10.3052610709851,-7.74673044655652,-14.3436824567711,-13.1149853372477,-9.48743590085139,-7.10122785173245,-10.6253952742371,-8.89320211873402,-1.429702792872,-4.62299376828448,-2.11639205742978,4.08452745838692,10.7283894261195,19.5624904214559,11.9254375826275,7.50571361419604,2.57494118794461,-0.482335550052806,-0.590079479788017,5.42985026606417,6.33886327961141,5.88379492916186,5.40311581988702,2.39985385554786,-0.691333536081946,-2.66485421801836,-4.38932797684526,-4.30257316801057,-5.83245881041024,-6.93095234370353,-9.61709916889428,-10.5304548093775,-12.7552008958748,-14.0732319629479,-10.5688973367363,-10.882797812343,-4.91681991517,3.14308019806514,5.28436835031104,4.31813669250589,1.61426736787906,7.77754911350857,-0.016743313573572303,0.00019864235493636018,0.07738258230183863,-0.019430251285985314,-0.030288332729105475,-0.08095381198402485,-0.010832682863512608,0.16050922056741482,-0.10481943303539258,0.01063387024854722,0.037922458599595844,0.11748039717974822,0.03337554427313499,0.0006057621711818749,-0.01416525981807824,0.05394035344210755,-0.10964316978073473,-0.37115665411109294,1.499521481892535,-1.2354368137169702,-0.2390343237912147,0.4033950518925748,0.5885307843574533,-0.005455364446645407,-0.043381510696098316,0.11423739228282187,0.11861654799861417,-0.1874091229860937,-0.04594161619484875,0.030857346955976226,0.051167185555694605,0.09363184491847143,0.008551206242541295,-0.023286106602641226,-0.10916413121624692,-0.010367025552529115,0.09357218639250646,0.17430160599603384,0.05917966215480765,-0.4468316415973706,0.3170942070546313,0.2798872819271004,-0.18981640953439174,0.2850079461040011,-0.14612246444703628,-0.056296418475443845,-0.10972986269969325,-6.866666666666665,4.421819808795463
42,-1.01052903330871,0.583139215392717,-1.6254871065661,-4.63754179585377,-7.00679570143941,-9.99216686679073,-6.46916246873942,-8.62295101790273,-11.0708653086579,-5.59337162505988,-3.76705646767029,-7.90973410163202,-6.00988105740942,3.64359840629255,-1.12902741962711,-1.01273515038944,1.49062335151683,5.90474355243691,11.9254375826275,12.2405954661558,10.5255675822236,8.67015799074875,6.32198057323759,2.93565457280688,6.60345565735838,7.67605975114645,2.50634652880374,3.11449027586781,3.52307605965953,3.89184800662643,1.25935501196846,-0.0840284193062557,-0.200568401133365,-2.83264599740767,-5.50387521463351,-8.72298991843089,-9.88479919240934,-14.3927432071658,-15.3524262294044,-14.0509650471811,-12.9179530236205,-7.44083244825273,-2.05688392178081,-0.38326125612428,-1.05968479820216,-2.10425333489305,4.28432511820523,0.009593190946340702,-0.342288735060324,-0.03782523520006173,0.024571905301978388,0.24359910042413124,0.03300982253226722,-0.12055487549161156,0.18717349941785347,-0.02874552472775875,-0.14339101417255887,0.12414121376839132,-0.03809517316171535,-0.03273291630785794,-0.16110620070532847,0.3761934124964402,-0.20914100412586312,0.01626612519050438,0.20075344190863467,-1.2354368137170801,2.7856012529721417,-0.6673558871391128,-0.13984381153000533,-0.5363858926123192,0.06562186720735105,0.267382122640877,-0.2885837521399575,0.2613215456485391,0.05847098838867427,-0.06211093289290017,-0.36327722183427497,-0.08046535609373216,-0.0977733872680483,-0.06414163840450204,0.30832368679053906,0.10795480533985614,-0.023694810000058183,-0.19737197420525474,0.027145114200901172,-0.017028412589234567,0.022394044648537934,0.2577887209718416,-0.003421244703683622,-0.14622223721243954,0.010093591701286478,0.003956167566334027,0.10050577810334499,-0.06543433546028168,-7.552777777777776,3.4972268250938217
44,-0.213567184803816,1.06173461722604,0.0808597765781231,-1.1086738841561,-2.86812222010959,-5.93272627396152,-2.6739158588034,-0.298091084061336,-4.51135768790865,0.261915161967349,10.8736277653484,7.65393441376327,11.4438523424295,24.775561605131,17.0569081416414,13.393087160606,10.5178240557012,9.53112759073998,7.50571361419604,10.5255675822236,15.207190293742,17.7930689721116,9.35259043176599,0.63834485483231,3.04729375696739,3.34865189588276,2.75411242388344,3.86462372893415,3.33292143834251,2.47857072404091,0.399180014915952,-0.313292661833502,-0.297857617195075,-0.598859484365012,-3.63792048541427,-7.20290542687439,-8.65846331313455,-13.5835892911715,-14.6776813855877,-14.1340086434913,-13.9546364162837,-8.88470380357494,-4.25353737982568,-1.80005712650439,0.429434711611846,1.64679358747327,9.10496958729504,0.11151444593561512,0.00029085961215377106,0.04552190124763341,-0.32306837399659494,-0.02108052901157246,0.028423111835959018,0.13216193656988898,-0.23591843005761082,0.2785725795792092,-0.024978387985240443,-0.28926533725389647,0.03412423680505943,0.15576107027999467,-0.13664719141357423,0.13134324237130285,-0.05454882340163388,-0.06821691268192491,-0.32460926200383544,-0.23903432379105524,-0.6673558871392266,2.75718025555559,-1.0351540796616285,-0.006823678434198204,-0.5177069110080287,0.19497954517238836,-0.1397314499618759,0.027564115510881653,0.34482965409643773,-0.197181147416174,-0.2546740513658034,0.03197577455398499,0.34869386172111466,0.03434795009413004,-0.16484572496848174,-0.00019565394039642886,-0.020763042604608047,-0.28171981163396675,0.0335760976303036,0.04728825308202421,0.5009887843837165,-0.27444352662173355,-0.0037016944190547654,0.24499394422388387,-0.14087479439249584,0.046748959568005545,0.034818544685025266,-0.21800332973282002,-8.322222222222225,3.898357384045493
