,Cov_0,Cov_1,Cov_2,Cov_3,Cov_4,Cov_5,Cov_6,Cov_7,Cov_8,Cov_9,Cov_10,Cov_11,Cov_12,Cov_13,Cov_14,Cov_15,Cov_16,Cov_17,Cov_42,Cov_43,Cov_44,Cov_45,Cov_46,Cov_47,Cov_48,Cov_49,Cov_50,Cov_51,Cov_52,Cov_53,Cov_54,Cov_55,Cov_56,Cov_57,Cov_58,Cov_59,Cov_60,Cov_61,Cov_62,Cov_63,Cov_64,Cov_65,Cov_66,Cov_67,Cov_68,Cov_69,Cov_70,Cov_71,C_0,C_1,C_2,C_3,C_4,C_5,C_6,C_7,C_8,C_9,C_10,C_11,C_12,C_13,C_14,C_15,C_16,C_17,C_42,C_43,C_44,C_45,C_46,C_47,C_48,C_49,C_50,C_51,C_52,C_53,C_54,C_55,C_56,C_57,C_58,C_59,C_60,C_61,C_62,C_63,C_64,C_65,C_66,C_67,C_68,C_69,C_70,C_71,Mean,Std
0,24.2320399106003,19.2858813856278,15.4010699976145,9.310489578189,7.46063467303692,10.7848828408489,12.1256193188841,11.8928800444813,13.0713151036555,16.9889690594504,7.62151464040669,1.20284927409684,13.6151939803993,15.3593698868603,21.3664406564493,15.495984920337,21.1771576478877,21.2926608922716,12.7560515831555,8.87562377110064,5.75194452740488,5.8307910323735,4.42460811434992,7.42368412929475,8.63269398994618,7.26249597981161,-2.09896123416233,-1.21632143557308,4.26119660612184,0.448755465168078,4.54970141037592,10.5470739413011,4.33880747566291,7.6470655039763,9.82049352521861,12.7162241227413,10.2721770493821,11.3358955801726,9.64470672628274,4.54119169786994,3.83727159970413,4.24607600871517,4.39470448407015,3.19060810020821,8.11933614396116,8.44173166365957,-0.300173824713808,-0.940955345983693,1.945881280720618,-0.5462480626261952,-0.20863579520402983,0.06594890243481384,-0.053143787803151564,-0.12205556662172157,-0.03173193126652138,0.002117632489572989,-0.09683810536855907,-0.5570688664799222,0.4109696860785333,0.04206103986143966,0.08067615806748075,-0.09836964699991765,-0.2995859360593877,0.0571606831955132,-0.02489384668809488,0.029057436713117345,0.01781524731776591,0.27399365815178706,-0.18055927059312135,-0.014667992697246415,-0.13985093641962554,-0.5572122200377403,-0.135525157894404,-0.4057951115098081,0.6125443301705277,0.2802801120249424,-0.4326529913160101,0.21602741076249482,0.2953021873272459,0.12540326330906165,0.23808581566667927,0.35957070844396405,-0.11349551412984318,-0.3978101552381934,-0.28950320783518607,-0.138958670523519,-0.28630810439784854,0.3594500378149564,-0.0030170197281426713,0.09174375818231278,0.27781675385891974,-0.20007173571983022,-0.13823683107733015,0.10403366411379515,-0.04695519253641223,-0.04418924174324064,-3.093888888888889,4.921589165157963
1,19.2858813856278,39.6978840641408,45.2113066065794,24.7455030604621,6.74691345716208,5.35905038337627,13.2153450693596,19.3719237962928,8.71912064392137,8.11066265491277,5.84502567558362,8.09565355078288,27.73052046449,19.6079864912227,17.4691573029857,17.4619821024292,21.7528443625865,21.5930110810578,13.1378066683872,16.9649775179401,9.56240430489431,13.2285585974313,11.4575818894666,12.8153499391666,12.8824871682365,9.63348369182427,8.86857586109515,1.8775428739516,8.25606944721207,19.3683196101795,17.2949783214517,16.4784164107466,6.26940757415956,13.0406497547327,16.1445509352651,15.8908553283567,6.1605793909642,3.42049876787174,2.69406101850883,3.9986780300847,5.72740603263844,8.24310632216425,9.36537559192213,3.46111863120197,11.1443887158959,13.8367605267931,1.09990369136883,-3.11883897180378,-0.5470728294612132,1.5236257690351063,-0.5302973047819083,0.20283202976723616,0.07476472217162622,0.052889182385582774,-0.029878029088415702,0.15218886689845698,-0.017159318343454792,0.23989346030456787,0.12284498127783874,-0.03740300029870962,-0.05071507640517962,-0.12239144506158128,0.09577617541258797,-0.08246418893096889,-0.08983258820124906,-0.049007629049816426,-0.1529452093734101,0.16705088626979553,0.18049738297255266,-0.43470377241545366,-0.022479458627700174,0.21536270663047155,0.0389414682654997,-0.03985265070807442,-0.31653091516743503,0.06697240148159571,-0.3769260946616248,-0.020374996670856547,-0.23385153628480534,-0.019182319494318353,-0.4381026216244029,-0.6128522173907694,0.3035710072031046,-0.2695692145347131,-0.1312041388990987,0.15367956005133404,0.13786420362787996,0.18369495152066656,-0.16599796382426835,-0.1480745276995557,-0.15021960577620663,-0.40633481911317293,0.04445234477749067,-0.10614611483103513,0.27669091070101287,-0.06971374251989516,-0.43370370370370376,6.29983206634437
2,15.4010699976145,45.2113066065794,94.488590747836,53.4808712685658,4.71665171240758,2.55655138790146,20.3633283109726,58.1894668182022,29.3658435055007,8.67046257864323,8.87418077924291,11.5759411571652,32.4090307717855,19.9134518130029,15.6718068021996,14.8204528263674,27.3333190122924,27.1682713324811,14.3777609253809,14.1667327774619,6.0846411839135,11.322641417264,13.3882388586333,17.7429111904889,12.7424412567345,3.39938095080517,0.83399044780276,-2.72930868157213,4.2031817528096,58.6596847996233,44.2579694174104,30.301062752165,1.24791235455725,13.2815391382856,26.2509986560691,20.4999865600506,-3.97802110146109,-6.2345230083483,-0.614437606225549,8.38886840180125,9.42129315210137,12.8683439156238,16.4027648876745,-1.56209378432135,14.5792302394361,23.6474685867615,18.887078790674,8.3934590230428,-0.20508888856887658,-0.5369164626017168,1.754223805515171,-0.5755910581387811,0.09847248835369078,0.24885227348701164,-0.11697854718899522,-0.32364306474892324,0.05142418708177915,0.16832418325995044,0.059851940406794,-0.06687021323307182,-0.033615810426766736,0.12106142198888636,0.05427948201450462,-0.08786105962350389,0.1010877431080221,-0.15854463470210686,-0.029290855241341153,-0.3646163336262696,-0.4963630919702016,-0.03371893635132496,0.1426315590578802,-0.2948732053731896,-0.016508227497922363,-0.015970338351821198,0.01250977053863139,0.5145819414186368,0.060800456357389045,-0.3731811718493946,-0.8598632031825867,-0.27480124762774977,0.09934790022545037,0.2743140614358679,-0.2554012692873922,-0.03671306530728992,0.5117103393160377,-0.015469028018820245,0.010034686991481946,0.14570314762130668,-0.24886851823951822,-0.21917545617841663,-0.018217468691861236,0.07681630963246308,0.46148857932876713,0.06343809842145677,-0.024284902243541902,0.01186971295135325,-0.631851851851852,9.720009812126527
3,9.310489578189,24.7455030604621,53.4808712685658,43.2928492975734,6.48505126783387,1.23834391004052,10.0094483226531,27.4701494140268,16.5119290633148,4.10896514439702,1.060193220745,1.21813609798407,14.2297256259392,2.67459402938493,-2.16334498233022,5.19182712392483,14.627017769321,11.0160086608734,8.9915645293709,5.78843042987098,0.645846417097524,5.28694744680867,10.3420966812609,12.9922347993381,9.89204013040529,3.30750616824891,1.37864862720496,-1.26836252815035,1.52639574522432,26.551574039523,22.0596047646947,17.7063597190332,-0.716292544944443,4.46317965120516,11.7476723229457,14.1115591475008,-3.42201334062623,-12.5303062982462,-8.00957745374939,-1.49483461554595,4.10340568972269,8.83319871237485,8.09724659934543,-2.83143720465458,8.41014526483463,17.642929603558,11.3676013019095,8.47866260928368,0.06594823418664987,0.20845588900590495,-0.5692083111471987,1.0199154481267068,-0.3436093960217113,0.23548485265580466,-0.06315205565931123,0.12366440288990593,-0.3969808007025944,-0.0358948226862888,0.018391580491436212,-0.026212876909911045,0.11449980224109742,-0.1071031032169828,0.1790246412122857,-0.0630557846183992,-0.1943770446096531,0.11194995200774124,0.005287926243330016,-0.0016904405442713444,-0.11370742132165154,0.004444790539153392,-0.06824414795267009,-0.027918864319655737,-0.22863651726376497,0.04880832690310613,-0.07522647998243423,-0.12635904000972475,-0.300726685429771,0.2073058698016395,0.16977938496307646,-0.020799478734178856,-0.06659650283927664,0.18147480089398615,-0.07567394840988335,-0.3353303129520313,-0.08736301594738473,0.45500576842552976,0.13789365200666398,-0.3136405212118087,0.2684029760581443,-0.1638797113248161,-0.18049873999376218,0.1307733363330329,0.06078943771215877,0.07925239124792287,-0.04433057668912136,-0.08978115295926672,-3.174444444444444,6.578970230786383
4,7.46063467303692,6.74691345716208,4.71665171240758,6.48505126783387,15.6464690293742,14.0196513062995,9.24627076489486,5.15233082743284,2.31054868961162,6.49415351757395,7.76025444287238,1.13268292488331,11.6213830643199,5.09532750355574,7.5259631164522,11.3047292651429,0.320398614547243,-2.65793539844954,3.76166751166765,0.526327319292293,-0.442423069127996,4.75549725315041,7.96318430312352,9.43370563718002,8.77104616101609,5.78469984487907,2.65275918593345,-2.68990396252816,0.468797139410169,-1.38298239516898,1.69132306613463,7.11144933053595,3.13168373819666,2.61848519102443,3.46152387174283,-0.130550652503116,3.3537588424789,0.663052099183591,3.74070056138731,2.16261909465977,5.42801638035098,6.8634149522032,10.2254187029195,2.61550750465851,6.2642435892903,9.8685240273979,3.23041043025718,2.15384652518663,-0.052857297646255,0.07515719749128169,0.0971265403559306,-0.34535102465405243,1.8002663217682737,-0.22996071024056133,0.11504525692699387,0.02661039458300014,0.21820782747653863,-0.2178264745690036,-0.15364450072281494,0.011980790375074105,-0.14672532433861182,0.19560880692863905,-0.29986883750848814,-0.36736389861809704,0.06156167406930259,0.23368253604159786,-0.13212654997801276,0.46837686092736375,0.10867737503694432,-0.43013450912475415,-0.052615367288889874,-0.1926103359157173,-0.0881170872300728,0.0069874799972363955,-0.24795947478037036,0.090770896870177,0.25939009279007946,0.0015027484839555184,0.07054120633943774,-0.2682900175358227,0.20191843090300088,0.33313671113709764,-0.18017352076403165,0.25972870201974,-0.3887867287599903,0.27259290230547933,-0.24977419307694576,-0.02474998585574845,0.20816414388057905,0.0740062462710533,-0.08806717196790803,-0.45895407310136843,0.2983122009380587,-0.5242120056678317,0.2679717207242182,-0.15937823762636535,-5.809444444444444,3.9542975393076074
5,10.7848828408489,5.35905038337627,2.55655138790146,1.23834391004052,14.0196513062995,51.7868678160919,35.1672649390513,20.2118382456438,4.37391936580063,5.9587178123829,16.1828316485356,3.10442777165161,19.5127701131198,8.26739420362986,-0.375046908169512,22.7448671053726,16.360332250192,3.83784685824524,13.7720524759301,1.31126399615745,-0.277605293020125,5.7974580420718,11.1299580963814,13.6133114510119,11.7025335328498,8.70124780244635,3.4247126826686,-1.55158757650579,-0.992307461678028,-2.48715927368611,-0.832482735986781,4.01748282923332,1.41899993164301,-9.56934539711479,-7.10804614992381,8.69733263679866,4.26073953135447,15.5291332285535,-1.80908714550213,4.17614404017031,11.1873518782853,10.3587405624821,20.7841807318241,1.98536172048109,7.11720523403754,7.36389413884672,10.1136478481681,5.17811942168536,-0.12027109778142879,0.05241968705944259,0.24862544457382077,0.23807005074764973,-0.22666881807727107,1.1738079398957686,-0.5470395081217703,-0.24757859741655727,0.3137852975936214,-0.25066496808012667,0.014928386570911896,0.15320014470593446,-0.18714956810551844,0.016415439174710857,0.07054469623286651,0.005219215812341188,-0.31680962101715676,0.11775187902304773,-0.2075594477387356,0.0529993617449045,-0.029015900139328234,-0.16723124947901688,-0.2066810687080976,-0.014221074502991524,-0.18610524162912015,0.19390808637843046,0.14092358916951944,0.08244090226580636,-0.22335031641105085,0.0020074734021539925,0.19921653758572708,0.09222642464356563,-0.34992443904766946,0.20983957659973693,0.018283801866959364,-0.132404936979046,0.44138847064816455,-0.1401350515278342,0.3469151589427271,-0.29107582612869104,0.1886314043501128,-0.09337422246182325,-0.3735569937496017,0.018261194232536488,0.4046157192115549,-0.1889309959526692,-0.2857521122697724,-0.08444849366092995,-1.0083333333333333,7.195614484954843
6,12.1256193188841,13.2153450693596,20.3633283109726,10.0094483226531,9.24627076489486,35.1672649390513,54.0097126436782,38.2353554022522,18.6150414155398,9.74496053805502,16.9463792512388,0.958089602077641,19.1881793935905,13.1551052956885,8.38654706583041,25.6244496238604,12.2343930917368,3.47046424640352,10.6251274424129,2.13751674104561,-2.70988026272885,0.555149145365317,3.69747968656589,7.06383681564712,4.77227281923322,1.84763690543011,5.31925142523533,-0.104630652422612,-3.39570072929659,7.01658570240671,7.53892336226607,9.69835796744944,2.30249863056337,-7.26353785637894,-0.417336470898555,13.4658266994829,3.22868403852455,6.88955140182719,-7.59284456797445,-7.78841120190564,4.92344223307295,10.0141466560495,3.20821436302369,3.76991669258421,8.883573653677,4.94406903335185,-0.459284739926821,0.034500493973679,-0.0324652657714556,-0.02736905265938847,-0.11595875031324816,-0.06531599442654332,0.11434952708281465,-0.5449843155292146,1.2953007265999608,-0.3522970974374159,-0.302577453816874,0.24771147931453993,-0.3061575713168912,0.06414644149236425,-0.08353077251293532,-0.013244268431208892,-0.2686677367327211,-0.07054299948878114,0.15652199803298544,0.20182208032651194,-0.2687150565713322,-0.003353365369326609,0.045967062930861204,0.4335729888879522,0.013639718879471395,0.04045539393789763,0.1166547811162096,0.23472543177909547,-0.34904406742325195,-0.42027273755826755,-0.26431883181147275,0.20720907791054594,-0.16187583548042064,-0.04706096809954594,-0.1445853126030901,0.6091591328164988,-0.11054329453529725,-0.029381450163720103,-0.2592389727250944,-0.07249781510797854,-0.0021217254217680555,0.43411691072731684,-0.29566756828565466,-0.2635359786925521,0.2108300466167914,-0.17761917827424145,-0.20656095235873798,0.17967144241948502,0.17558268066206115,0.0502152106888935,-2.433333333333333,7.348449676202333
7,11.8928800444813,19.3719237962928,58.1894668182022,27.4701494140268,5.15233082743284,20.2118382456438,38.2353554022522,84.3844731800766,55.2875167999447,26.804755894516,15.5057303166665,7.08759022152185,16.536601935322,20.9512518847592,27.3633474703014,22.2234171895074,28.6064823539087,25.1246138198109,13.135352560769,2.59819725966299,-5.69748464468043,1.47108531178058,5.58857362494141,9.35352425052839,-0.0175002011118353,-7.37829375268936,-8.49831017960185,-4.91904735642979,-7.56994542973128,45.4739890224446,34.12706530761,23.0919913408706,4.44759050525647,16.1593626579817,22.6918394674463,10.1989752840333,-7.79420009432301,1.44053220118362,8.85547188703591,3.95542869908909,0.671050857211544,12.886521892014,13.2660778724745,-2.19920664743065,20.9929687691301,25.0627828533159,15.6894813485474,10.6611137379791,0.0035846661066672825,0.1532977319662156,-0.32431487054120306,0.12244835609853796,0.027450898915853877,-0.24848621998269507,-0.3529235598923835,1.4038140588457213,-0.4974312378571366,-0.2508072842358106,0.19034767155243693,-0.12712528120290367,0.20536269736168672,-0.20967133066867413,0.2112637462716603,-0.17173593673470142,-0.13077970355346413,0.24113726913244457,-0.04577905661487209,0.1279712004333957,-0.14467301374651928,-0.13532445042039923,0.10957476991790643,-0.00323544896318703,0.24013593217132545,-0.008457965387071277,-0.04131146771105883,0.02202479175455972,0.6051930187069205,-0.5175291603697603,-0.2697238289657448,-0.018669680884452235,0.06800843616266224,-0.10678239054982994,0.15684086289682128,-0.07426106842482909,0.15110556542755402,-0.06309487284600648,-0.1808368393096301,-0.08291059583090883,0.48733378773873726,-0.14741512078563523,0.05286750506080311,-0.18395359838168032,-0.6182429791621512,-0.021403351040424096,-0.16589609140051811,0.16365266369244968,1.6916666666666667,9.185557858947742
8,13.0713151036555,8.71912064392137,29.3658435055007,16.5119290633148,2.31054868961162,4.37391936580063,18.6150414155398,55.2875167999447,63.1859755924507,41.0497645852026,13.7217476702143,2.92988246007365,6.86692494798325,15.8313265578873,33.4107684117214,22.1423804963878,29.7535405739806,35.6412201202804,8.14262205846345,-2.26296127258401,-6.45103606101037,-1.43852949654762,2.7525478988695,2.68617705826967,-8.78507356736135,-12.5614839348236,-12.1721262337593,-2.62950396378703,-1.36073089278959,29.867427056935,19.3703641035322,8.40662452278866,2.42863386465529,22.9496938880075,20.6331876527491,-1.53077271243008,1.07835590150176,8.72615532201327,19.7306358065665,11.6774894651488,8.29581106830042,14.1015864465614,6.70746050950199,-7.33522520058974,9.00700907923491,17.6225054088018,5.78961968814293,9.66438514113932,-0.10049874674439457,-0.018666072986452655,0.04701477617532568,-0.39424760767003,0.22106346880210895,0.3158845831511285,-0.30620848144441726,-0.49144495480441314,1.695836650536113,-0.874164607181002,-0.18617545991367582,-0.22456588258226315,0.12841706863639166,0.02754014743133318,-0.15433408406838303,0.2883570662744068,-0.18803582109895645,-0.3170214711830146,0.2628290415884435,0.12145293309195318,0.8289796119398282,0.08301473138206185,-0.12578690917194238,-0.03600776149924992,0.2387510667463211,0.020554904932269684,0.042450668319514134,0.07969848514294552,-0.028456000732405392,0.006723135891462435,-0.067343071290135,0.11077573698796321,-0.10918978122703651,-0.08012857190939313,0.2920499799075528,0.27725934657211904,-0.06034287329428409,-0.2836544987130426,0.03398617504988763,0.18104569364487952,0.002352268516685557,-0.055402070425034214,-0.1674487372374993,0.18560968477065384,0.26292357828099705,-0.399482616887423,0.12060109905069137,-0.01234390138391229,1.7425925925925927,7.9483316232056325
9,16.9889690594504,8.11066265491277,8.67046257864323,4.10896514439702,6.49415351757395,5.9587178123829,9.74496053805502,26.804755894516,41.0497645852026,44.2686350219952,15.3650861985023,0.239317288628319,14.3487064427532,19.3681121900968,33.2822347250624,22.3750451634557,24.3836319048401,31.8672930691984,9.19598128284862,5.06224918981739,4.66193662048486,4.27869750764924,3.0743448420957,3.03545290506639,-6.25241138529593,-7.26100544598703,-8.48167553229204,0.911174042046087,5.04790407208031,11.27219312117,7.39251596143248,5.05118598072681,1.79372756792853,25.4065431947805,19.859247328431,-5.64072921238921,15.0347489780349,17.2735311038604,24.6996726686168,21.1219945481899,16.3644516328123,18.5622696883418,8.62634065787695,-0.929757768150486,7.94467210441286,8.17291371638852,1.54385002969652,8.25721762560148,-0.5612957356025232,0.23719940726928226,0.1631351242072496,-0.03579025918831334,-0.2185525190254212,-0.2529345822452699,0.24732434028722006,-0.24934586365406775,-0.8774854807840126,1.842748897170171,-0.11555923117146487,0.4845285288816831,-0.2919968365243343,0.10042114546425353,-0.042347227486387425,0.002440716077138195,0.296789094700652,-0.07110599172384863,-0.14432948933594847,-0.1519701989284414,-0.5350830990464874,-0.0951188108907439,0.21605294396786232,0.012999059757818794,-0.21180308478635507,-0.010139495441224845,0.09626266527917045,-0.018180910243921378,-0.0076624020749985105,-0.007582186652564556,0.08205549988223218,0.040114706211135304,0.12782648698834528,-0.7424227421286403,0.08083877719425178,0.19354079021812645,-0.2851506679518393,-0.053522061760573364,0.07995154081126393,-0.09628376978773229,0.05998906822566228,-0.32041810342236693,0.26536100630871745,0.22446225732126307,0.17596729774275138,0.11246470928770676,0.20199294536586077,-0.14678508386270742,0.9025925925925927,6.652716364162473
10,7.62151464040669,5.84502567558362,8.87418077924291,1.060193220745,7.76025444287238,16.1828316485356,16.9463792512388,15.5057303166665,13.7217476702143,15.3650861985023,27.772249219526,11.5857893860472,23.9448408715439,24.1462117080388,24.3435204904086,25.3641894102471,16.4692459946616,18.5624141752401,4.38933299861216,-2.32108839778961,4.42950979193482,5.10935306699823,5.51377501835725,7.31775863408312,2.89549482545683,0.342433901308534,-1.6738713458283,-2.53709084506197,-0.844497339949821,6.96913829610624,3.38886865535256,2.0201082258108,-0.100140441927017,9.2630844524306,10.2619764388457,2.64382690532542,1.80473899129117,10.9574916892871,9.53958628981445,13.3008746647457,17.4941042715786,13.046340935796,6.59597590406567,-0.283995949528948,6.90820610950197,1.3055204727688,5.2246795473143,4.77599173146212,0.4171088595342559,0.12281115866222508,0.057378324054271804,0.017272122734363054,-0.1567549413415957,0.017515556877658014,-0.30949282270523354,0.18576680775544857,-0.1863800172937538,-0.11514007850235693,1.1705896231451163,-0.13042184288002884,-0.22623212710633028,-0.10738514068376956,-0.08971539428665432,2.724407428143284e-05,0.3959821653045956,-0.24184328720716497,-0.34889156941391863,0.2413039442434441,0.07469842317171993,-0.29360714548622335,-0.05237745169982166,-0.2717570634836576,-0.02937877605881826,0.058659403272538525,-0.01111219945136303,0.6010020828657965,0.15000152725578325,0.028565610867781692,-0.019048675322243153,0.058585243280122774,0.15481172748105368,-0.2537767420034223,-0.06882650832127826,-0.46962563711892585,0.17853127781253111,-0.16304119644873769,0.05828886572511138,-0.11373246829526762,-0.21228980031295847,0.19991077823654235,0.05759236721544721,-0.06932080636895437,-0.2068945060017372,0.3305410027586698,0.060190590357156785,-0.17748582462762133,-1.0124074074074074,5.2689893926184785
11,1.20284927409684,8.09565355078288,11.5759411571652,1.21813609798407,1.13268292488331,3.10442777165161,0.958089602077641,7.08759022152185,2.92988246007365,0.239317288628319,11.5857893860472,34.538251596424,25.0131527880709,31.8697527129287,27.0376648746095,8.49214998421695,9.57642863338986,12.7507267238294,2.0241244977447,1.71413085416953,9.41035854507044,8.37500837900057,4.07583907216036,2.98989128475941,3.63509907611204,1.48873799904334,-1.98735989665461,4.32253145635481,6.89128674741132,17.8036195957129,5.93283764679127,-4.93668575859255,1.11120261950718,12.1104696472808,22.113427267869,-8.33072412444643,0.481723512966081,1.11030694939572,0.997128714993691,8.08341181551142,9.06066316619286,6.20182868116281,9.47105602056389,-2.11345991120592,7.51848789095203,6.70170319039017,12.7028393068459,4.17517885769578,0.0368317640528915,-0.039826601971862344,-0.06900490394426621,-0.023376239006816645,0.011436399243743471,0.152509970714135,0.06123006702956183,-0.12401851986760011,-0.22661595597230474,0.4844129008843555,-0.13063674323668314,1.0595376295674668,-0.35725788029604655,-0.28166032926517226,0.12593894693559474,-0.006857623067841477,0.05196660005124981,0.011169377628209838,-0.10765797432664137,0.5253821951501363,-0.3756139737277141,-0.2711405707921308,0.12617375544322737,0.024500799808936956,-0.12210492149009955,-0.11147245810692205,0.3099489433762689,-0.3224142572472289,-0.020796673315185293,0.17477029210724232,-0.05677493789224896,0.3363919221096432,-0.24859499487205544,0.003351929444085474,-0.20731083205056944,0.3507351987266856,-0.018421023503189936,-0.3857428241849039,0.14331905069362214,0.10673295847001679,0.11483469994941667,0.03180480293516617,0.009368032636149711,0.060398691685879,0.10614930514295293,-0.2605099024890755,-0.19610924731273405,0.19038102840803967,-2.3811111111111107,5.876074505690343
12,13.6151939803993,27.73052046449,32.4090307717855,14.2297256259392,11.6213830643199,19.5127701131198,19.1881793935905,16.536601935322,6.86692494798325,14.3487064427532,23.9448408715439,25.0131527880709,56.9939786079183,46.4038704442019,38.1133828650879,31.1501236597991,25.9239656899756,27.0233124160475,10.8787546068758,11.3845565192869,14.0164186617721,14.7287372711032,12.4094250794892,13.0561379575015,9.12001243116749,3.40318720856265,1.11899762889233,3.77193526207512,11.3377669464597,24.1378909330179,11.9075764326797,3.6491672757044,0.576319007158241,15.5341223720467,18.793026875948,-1.95258919351953,2.54278423458964,-1.46096785489378,7.49654016322953,14.7868769697709,17.7642521995288,16.8372630101964,16.2590113446208,3.38806103733532,9.55422982653529,1.30361853758647,3.89311107188784,-1.18786845808126,0.08812511688897132,-0.04931630422362184,-0.03219376235892282,0.1150390897404047,-0.14599333201698836,-0.18807205034286278,-0.0805496942442442,0.20523050187760752,0.12888579278313617,-0.2959880891820722,-0.2248530020922717,-0.3590240554971217,0.9890258086782251,-0.12166389413221489,0.08729299715726951,-0.1589689990301327,0.015864501438712004,-0.36735357412101405,0.38542584305809047,-0.2451140911503371,0.02627565863299864,0.015157213592073638,-0.03214894467265848,-0.21648037473821394,-0.1401168818729032,-0.07761694289442808,0.06974328358634702,-0.275424140219258,-0.13990521228602812,-0.2652641838881862,-0.07788328830962701,-0.2228966231143321,0.08351950863141534,-0.046935439285524,0.19644255339722125,0.012979292059833315,-0.030004865918737897,0.36433970436391794,-0.05738740877085128,0.21573367233462096,0.10396986228373335,-0.33280726637551883,-0.006623648767156338,-0.44120999562568375,0.08817762450316717,0.21261788614962665,-0.21258318261400977,0.178845828524541,1.0594444444444442,7.5487733180907135
13,15.3593698868603,19.6079864912227,19.9134518130029,2.67459402938493,5.09532750355574,8.26739420362986,13.1551052956885,20.9512518847592,15.8313265578873,19.3681121900968,24.1462117080388,31.8697527129287,46.4038704442019,82.4209977650064,80.3370871758808,35.4523497564441,44.0020759252527,44.1019517241421,12.6557013550747,20.344490547959,17.136509301819,11.9390697859989,0.34662454969954,1.39082839688048,1.53776858146443,-0.0408846066675824,-5.27615648380233,1.77856748578815,6.13124839896736,16.598550121324,7.77041946078968,1.99130764004193,4.45322217054457,25.3076955066173,33.9161318217881,-8.93845848183065,1.53626732441102,4.19989207212775,17.3172316564348,19.9468493809851,8.29692846647423,7.64096435997157,10.1081012915283,4.24580062122138,12.2706445699084,-1.51896596121073,-2.48730762613869,-5.64854697243999,-0.09747564431057572,-0.12641267628902292,0.11834744127899201,-0.10443329307714685,0.1940104556764587,0.020188532895482197,-0.01241826609909708,-0.209047389885679,0.02740386089069663,0.103210761903268,-0.10808966071016222,-0.2817090921185449,-0.12099126616216985,1.4750367580373263,-1.0506336555167484,-0.13287229448094254,-0.5104197737929301,0.41746138904268526,0.19830579804450824,-0.41351845386808594,-0.1390701607773686,-0.29769984721694615,0.017811330272253793,-0.05843656298248258,0.08638061727795297,-0.02980372635174734,-0.053133685975418975,0.01865783137403091,0.16664605489716386,0.14524508775421335,0.014999856306876799,-0.0011218302358172287,0.0708639693511449,-0.13734416860362555,0.14431815180258153,0.1695908713374761,-0.03274681574092804,0.23025231896108336,0.45662361690071335,-0.27039230549227544,-0.1112885040512231,0.2488847454644287,0.01843816128848314,-0.08903651211024362,-0.021586004184276187,0.4375227174948983,-0.2522214226007287,-0.14251025055742592,1.5361111111111114,9.078050328402371
14,21.3664406564493,17.4691573029857,15.6718068021996,-2.16334498233022,7.5259631164522,-0.375046908169512,8.38654706583041,27.3633474703014,33.4107684117214,33.2822347250624,24.3435204904086,27.0376648746095,38.1133828650879,80.3370871758808,102.110312899106,39.1429596032864,46.8267092646252,57.3725272885997,13.3331442995331,16.3029100575765,11.9536786427441,6.73726820466717,-4.8496539003886,-4.74475144123667,-2.67456675108205,-4.75021977708142,-10.4804573920056,-1.07746426395304,8.30654041263079,21.2369787720519,9.58131326381298,2.14696487002336,9.81284686890979,36.1704178075969,45.1207539006305,-10.1056106871742,2.17830351884484,6.81203354879782,36.2333250546516,22.0769355533275,1.26711855911255,3.97079608171205,6.4813800228168,2.36085024894309,12.4229631726924,4.86741445917367,-4.44080476833712,-6.95221039496053,-0.30346618246148005,0.09443612449455563,0.06025197438526819,0.17760210490602746,-0.3000481191852844,0.06529627893204297,-0.2687986624643663,0.21084922968045547,-0.1574866391713779,-0.042270161459201344,-0.08849339764669878,0.12437048931550868,0.08730037554266899,-1.0481159613508662,1.4853488654430511,0.004003295054286479,0.18565145629893834,-0.4213546910766098,0.23499760158983488,-0.00623732958803536,-0.13559750623391706,0.2090281778650807,0.11609307398321837,0.3791032674704258,-0.2972541153179709,0.02967812070344091,-0.016345473636372967,0.2375929248202635,-0.025888337359105205,-0.23097452439082913,0.002703343903582283,-0.026150756175008196,-0.25358861743590716,0.07342768459467426,-0.35026896906356814,0.1398346995809909,0.09558868444459834,0.16666777177296596,-0.4741658394661116,-0.006662741270073875,-0.04387847477333036,0.2779516527695009,-0.06287502453233672,0.17395704867325545,-0.02594652583564986,-0.35997361524463534,0.19960954197899317,0.10126482617705433,0.3777777777777779,10.104469946469532
15,15.495984920337,17.4619821024292,14.8204528263674,5.19182712392483,11.3047292651429,22.7448671053726,25.6244496238604,22.2234171895074,22.1423804963878,22.3750451634557,25.3641894102471,8.49214998421695,31.1501236597991,35.4523497564441,39.1429596032864,56.22187899106,40.0039495453001,34.7813042395069,14.7428392557749,5.61312146983758,-0.708317140212385,2.53715432062591,5.67890725762627,8.62957614585864,6.08439713549974,4.00547059549886,-0.951522260380701,-0.956496258138813,-1.32125824934818,2.80538967806353,3.78724490639885,7.22254510484562,7.66222532869762,16.8020757139932,14.3545298495166,5.64996006497042,1.75717214484761,17.3927513014341,18.607476956841,12.9960278995841,14.2279020466526,13.9993944420508,8.07788261093375,-2.10520530801469,4.10663388697723,-1.56626728021884,-7.1591011986334,-3.77612946501922,0.05545475615441765,-0.08270267582634923,-0.08793471193037367,-0.062452892640744266,-0.367025789446736,0.005735423731547688,-0.07232124177170542,-0.17112900227661654,0.2893314824584851,0.0029277166448624155,-0.0007763126944011316,-0.006613451597536998,-0.1570598551603083,-0.13249978817252075,0.004259605789672699,0.6470552659979351,-0.06911565912661424,-0.06962510082574615,-0.022383002002594733,-0.05255266154353668,0.3727474596489325,0.20964421086773327,0.20727069173680396,-0.03069822219981624,-0.0034151950205573386,0.0670468935811025,0.04116762809995751,0.031049802797746516,-0.06183117947526281,0.040592949561924385,0.18796142662578313,0.06698512116053455,-0.08236815037239648,-0.24302496065437548,0.14783492383122557,-0.0004700956925101666,0.054711128359998334,-0.3033196671675025,-0.08128606830830282,0.07923250505099967,-0.18091352787976198,-0.0726434373416941,0.09971563918563514,0.42488212377000223,-0.02791211175084815,-0.01768024029195353,0.15894080449699488,-0.040783605036114064,-1.286111111111111,7.4974581686769035
16,21.1771576478877,21.7528443625865,27.3333190122924,14.627017769321,0.320398614547243,16.360332250192,12.2343930917368,28.6064823539087,29.7535405739806,24.3836319048401,16.4692459946616,9.57642863338986,25.9239656899756,44.0020759252527,46.8267092646252,40.0039495453001,70.0943534482759,66.6621526973095,28.246426366945,19.0819447197089,9.90800359447577,8.19784216270989,7.18813432574554,8.8690352165284,2.39239061929764,4.11935560623209,-1.2805805660111,3.07883861668476,2.74614580901902,11.1311137870639,9.45441073476091,6.55316956065261,2.53829716796217,19.0905456500024,21.0223305553024,10.9981922265699,4.22185748048924,21.0541224204198,26.423696190677,25.0426573449027,12.31756432266,9.16176069851108,9.68419636371087,-3.37557239349347,9.14736296801122,5.72955547022756,0.640789011008553,-2.62727829293939,-0.02566146166928972,-0.08939783016432346,0.09830406038141483,-0.20179829697341012,0.06146976558311534,-0.3274440640763563,0.1569415504829502,-0.1328093873946873,-0.19148898877297701,0.2945595219912637,0.39903412230110347,0.047363622857491634,0.010614517345473046,-0.5069391393638649,0.18491664197750116,-0.0654940832861782,1.5479072287389104,-1.034162261811478,-0.3629438348796462,0.09403234305719047,0.3212354145042545,0.07067808743757407,-0.3025104036494347,-0.1650644026132311,0.21795344371705905,-0.08939214761029111,0.08048125957058246,-0.22955504528142812,0.389959424698984,0.13939181424638286,0.15577177494302008,-0.1391650560173639,0.12009619984616227,0.00445575497721326,-0.23132738261994787,-0.20832789687512568,-0.01356986154468106,-0.028304874609512653,0.04204792798705126,-0.22532412345996725,-0.01807137861003854,-0.008568524899444919,-0.045570459758320754,-0.008911511420298618,0.037150898100100915,0.2262191325447511,0.14936289431149427,0.019220259127541276,1.275,8.371639830300623
17,21.2926608922716,21.5930110810578,27.1682713324811,11.0160086608734,-2.65793539844954,3.83784685824524,3.47046424640352,25.1246138198109,35.6412201202804,31.8672930691984,18.5624141752401,12.7507267238294,27.0233124160475,44.1019517241421,57.3725272885997,34.7813042395069,66.6621526973095,79.941652875337,26.2919117766701,19.3548947008917,15.8084895243433,10.160286426297,3.93731841040396,4.49130352028002,-1.06530038516111,3.14849996495172,3.281414218278,5.68698487365391,10.9316900035218,21.8132341929417,11.3311492515,-0.671726394655951,-1.25568436344448,24.1147156081646,25.2390818271716,7.73399866327955,8.92292050774328,24.0475060385052,34.7088233325393,33.8285389276174,18.0226749575458,9.99022732919102,5.86050600851647,-5.36293693499108,11.1031095787964,12.201213670561,7.09683388052043,2.36720927452269,0.02387103468143834,-0.043531812520115495,-0.1503921073012223,0.11383776176319342,0.2306925900859996,0.12264938298413045,0.2093985304376897,0.2391550838651704,-0.31777699487742245,-0.06788311372056642,-0.2400679925621268,0.012064082525289897,-0.36575809597067,0.41697586579403334,-0.42422268424086124,-0.0707548030973063,-1.0370544863900633,1.7658399998796062,-0.31978683966110993,-0.15597943437060957,-0.34329826322353657,0.03092367821638001,0.26222663740379154,0.26084435354328117,0.19351748149537562,0.03413215213371144,-0.05780146845577828,-0.0632472198162758,-0.12202304583266152,-0.04107822893231288,0.05565399224336485,0.27628532212676987,0.42973720995120784,0.1311467443866439,0.04046497041324037,-0.35345164173220606,0.2589429313607665,-0.11731553024374339,-0.28760207544220323,-0.023410162503829823,-0.03697847449332485,-0.002109246690211599,0.06986856890082777,0.1283227933263605,-0.03857691105556795,-0.44555260205659414,0.0361494679508103,-0.03436634341044606,0.11990740740740738,8.940450373182383
42,12.7560515831555,13.1378066683872,14.3777609253809,8.9915645293709,3.76166751166765,13.7720524759301,10.6251274424129,13.135352560769,8.14262205846345,9.19598128284862,4.38933299861216,2.0241244977447,10.8787546068758,12.6557013550747,13.3331442995331,14.7428392557749,28.246426366945,26.2919117766701,26.6318871505605,15.1128659630181,4.35005186302884,5.06772394862576,5.3602034623361,8.32366926240911,10.3272503789329,11.9188550765311,4.30355700169259,2.85413337827005,4.012784492336,6.59890128735634,5.75486906435716,3.52829926574669,0.178039739224578,3.68389685007855,5.78347932746304,5.23022897261421,7.34826999226627,7.31621218681013,6.87950011803149,5.81366035964512,3.4421415372018,1.17608140643405,8.7807064130663,-1.76781116604778,9.5010248741053,9.33842184337022,4.40162641529325,-1.37541712919807,0.010393781594637476,-0.16141981543581485,-0.029247198537423098,0.003438977139017627,-0.13783309111384662,-0.20851283831094286,-0.2649159987914591,-0.04539964213668752,0.26764191264107734,-0.14536777817496008,-0.3564456519013617,-0.10578389013743832,0.38384882763348943,0.1931879766592517,0.23790266627972037,-0.022261655842904675,-0.36111673440547865,-0.31621606652330475,1.2411009015028096,-0.3837597408015472,-0.04349117376399435,0.02186868006553098,0.19122087799957008,-0.013518493264081732,-0.2850396812126861,-0.27264205385443596,0.2302589757396898,-0.018394192348236933,0.016645461051516958,0.05016364423520828,-0.28386310678094157,0.1706484793588623,0.050915990609655376,-0.16286902041095724,-0.010576314485592002,0.4014798670109648,-0.41145134771091685,0.413130962247392,-0.10580056400219805,0.029243362229302943,0.05068324139761222,0.28337138453273125,0.008523173800072012,0.15832442881104847,-0.07826032549079848,0.03271104970665358,-0.08214437860417241,0.1833449656401739,-4.082407407407407,5.159640215224364
43,8.87562377110064,16.9649775179401,14.1667327774619,5.78843042987098,0.526327319292293,1.31126399615745,2.13751674104561,2.59819725966299,-2.26296127258401,5.06224918981739,-2.32108839778961,1.71413085416953,11.3845565192869,20.344490547959,16.3029100575765,5.61312146983758,19.0819447197089,19.3548947008917,15.1128659630181,26.1160540389527,12.8028369407547,10.2846045584526,2.8863897498484,4.78434146735314,6.30522375157316,12.1784863527962,14.2089520913925,5.04684055205202,6.24243686564679,2.34152980253406,5.01276609508721,5.71640756734613,1.49429667758596,6.66083403785054,9.09551273041724,2.64375405673371,12.9455311423514,12.3850249438453,7.22449997297027,9.69540218431421,2.68116792957048,1.61146199952026,9.10189852073927,4.57638933427327,7.43914513019042,6.02864782587917,2.27590084441873,-1.53415345664085,0.2744426862906738,0.171367497278345,-0.3637898459839651,-0.0025935349490745683,0.4729122546017958,0.053023399705717913,-0.0033221417143620324,0.12693586143968652,0.12184012136535312,-0.15137151645635633,0.24525788055767603,0.527632762334716,-0.24361251059407013,-0.41131550536064426,-0.006234913778098181,-0.053217991531708954,0.0986473308510754,-0.15689780186071725,-0.38296202512260746,1.5940301060353121,-0.23892862041139654,-0.1900694938163642,0.0013216510329290112,-0.21320127093167307,0.15412249652318447,-0.05838186677531838,-0.27331224539425103,0.025287008771356968,-0.14915919141134093,0.25581981862319547,-0.0639698096504546,-0.22921491109768924,0.04305426615835195,-0.08527401494103136,-0.029319121792350866,0.31844251442260785,-0.29784014032970235,-0.37818832533284713,0.21675433818623605,0.17249956952509257,0.3979955523659287,0.15002242068115745,-0.22891588793203524,-0.03890554343303047,-0.08603696955491723,-0.1935095197353687,-0.03286752855526488,0.1537029080441027,-3.6680555555555556,5.109408384436768
44,5.75194452740488,9.56240430489431,6.0846411839135,0.645846417097524,-0.442423069127996,-0.277605293020125,-2.70988026272885,-5.69748464468043,-6.45103606101037,4.66193662048486,4.42950979193482,9.41035854507044,14.0164186617721,17.136509301819,11.9536786427441,-0.708317140212385,9.90800359447577,15.8084895243433,4.35005186302884,12.8028369407547,19.0789910600255,12.5762456407785,4.47486330228027,3.31451498125648,1.74531924789592,4.13519034254372,8.32736613433671,4.6141964980272,7.76238589591212,1.24411597715088,-0.142638630904051,-1.68647902683034,-3.47889857302081,3.6807199042536,4.72897590432926,-0.639382215877715,11.0348562053877,10.7748050264573,5.83328488059551,17.1470329601552,14.2017416318374,7.91788435234027,5.0083644576744,3.83854463505065,6.38315455149873,2.75436837247019,2.74536801212064,-1.57463731446473,-0.17758705126237342,0.18209135611396016,-0.4990825117134053,-0.1157627253030594,0.10741783608842251,-0.029392562698139637,0.04551943513740045,-0.14408548181760522,0.8247527055549579,-0.5333140829782999,0.07540409894682679,-0.37665396486781483,0.02905562878761946,-0.14127874004567414,-0.13697809282196807,0.3729870462646937,0.32135097588136396,-0.34524750988221087,-0.043197243984756925,-0.2405570811383474,2.1835691965190245,-0.8416467296778672,0.15945240770209787,0.27706161269317703,-0.08394222294724295,0.41909810806332454,-0.08262444205132531,-0.3495779196375337,0.2010858330956765,0.2076301421818568,0.37173255156300394,0.13408402331846933,0.13335162588252442,0.09781329010358976,0.1498257312387896,-0.18786540230514912,-0.06437429295617599,-0.14511205079123946,-0.16132069327765514,-0.07370819308019225,-0.13811653250651035,-0.32077969856624977,0.020072134667694082,0.1486947906645305,-0.1921119231346603,0.034342917912813686,0.05496777369807941,0.08311565882624437,-4.188888888888889,4.366805589904999
