,Cov_0,Cov_1,Cov_2,Cov_3,Cov_4,Cov_5,Cov_6,Cov_8,Cov_9,Cov_34,Cov_35,Cov_36,Cov_37,Cov_38,Cov_39,Cov_40,Cov_41,Cov_42,Cov_43,Cov_44,Cov_45,Cov_46,Cov_47,Cov_48,Cov_49,Cov_50,Cov_51,Cov_52,Cov_53,Cov_54,Cov_55,Cov_56,Cov_57,Cov_58,Cov_59,Cov_60,Cov_61,Cov_62,Cov_63,Cov_64,Cov_65,Cov_66,Cov_67,Cov_68,Cov_69,Cov_70,Cov_71,C_0,C_1,C_2,C_3,C_4,C_5,C_6,C_8,C_9,C_34,C_35,C_36,C_37,C_38,C_39,C_40,C_41,C_42,C_43,C_44,C_45,C_46,C_47,C_48,C_49,C_50,C_51,C_52,C_53,C_54,C_55,C_56,C_57,C_58,C_59,C_60,C_61,C_62,C_63,C_64,C_65,C_66,C_67,C_68,C_69,C_70,C_71,Mean,Std
0,24.0394737474009,36.415423139434,53.4895058277004,42.9570631050141,38.640885628881,33.8747683740136,29.5552741608263,26.0654239462421,23.0221744976423,0.396201300110916,-0.700416316450657,0.973700490743582,1.02379090570298,0.526725436071152,3.53525746597883,5.19652186315342,2.60240701546483,2.11748442306009,2.68828737866471,6.73910900333307,1.84903072275112,2.36678868261344,-1.06500122051941,35.9459096113508,18.4697320602331,1.32543320585955,2.98503848064813,3.24335756887886,1.9147553597091,0.529752416008169,-1.03760133523834,0.403544983091103,1.79051242676648,3.92999256189193,3.76320153251801,9.89227107620862,2.35091333567986,-2.87695507850074,-33.7628830065308,-49.5347245086206,-43.1897342800787,-28.9341516688969,-27.5075167926749,-20.1158901376047,-8.19345342825309,-1.73193157282758,4.57054869232111,1.2289550285599204,-0.5535291981715826,-0.17600769386966492,0.24363706488534956,0.040854477680500656,0.020543877819872252,0.08938102163404175,0.04869831966786075,-0.08568738722288505,0.03842521514405913,0.10493882104357304,0.2158833150124577,0.20519179239002192,-0.5681091015766453,-0.021959614211907195,-0.27557677060559327,0.2009136063928329,0.25855686431574604,-0.550862502828664,0.03872147930379148,0.016649714703157858,-0.19637183093035257,0.19803121637557233,-0.15752777689071634,-0.019970157447113102,-0.12413030755511896,-0.04230881090337011,-0.46243012732794797,-0.01396875209317581,0.12167072443121087,0.0546539570627566,0.07102819498475797,-0.050560162600345585,-0.20294200946259122,0.25302642394519415,-0.12737379206512647,-0.01478991572745103,-0.100334674738153,0.05028632641758385,-0.009505244031298574,0.08112527290046453,-0.22485242307775058,0.18432257591891282,0.0938810461626748,-0.1518576223206186,0.07221795852480058,-0.09422751759839969,-0.29570707070707064,4.90198671432317
1,36.415423139434,309.225172896517,550.80692759164,563.023254880678,424.201334700199,285.941085411817,177.207705926044,113.413310752356,50.4304527115416,4.7235456182299,0.0168868408810626,9.63848951671298,13.3433608538983,8.15508385920535,18.0624163251611,19.0924960709566,7.92518299477278,4.23786674139791,-0.935592528467698,9.61041648851245,3.06598923882749,-1.0657330460659,23.0280572474172,-37.0663656421249,-18.5349684109041,5.87167270081116,7.9175661992384,4.70978553801418,-1.23574342720537,-3.46163674375324,-6.95539637009385,-8.66842670440429,-7.7425714443192,-0.572477743076635,3.91663474212098,-27.0635483199697,-37.1151373386247,-26.5866330723633,-62.9614587983358,-84.5444284273912,-69.9449861318548,-45.187984695196,-35.3964863505822,-29.0913187765619,-20.2635544983222,-11.4669037701367,2.49271510634768,-0.5451361455351332,0.9529517972222928,-0.11378875209983279,-0.1902548093066172,-0.11538116299880818,-0.007852924639199519,-0.012507270752016303,-0.028489864527496425,0.0128149244674229,-0.10819823932075119,0.13531492738654563,-0.072378829266423,-0.3376682415281101,0.4015931059901249,-0.3686806708228748,-0.10012285299781082,0.04924470296179159,0.10700462463316014,0.31993925078054275,-0.21574426976719835,0.2168921862198361,0.07725171757732804,-0.035989320254950635,0.11315668877722898,-0.014467779371352301,-0.3686929751253048,-0.06278274759215072,0.5743853951057273,0.1354278911105958,-0.047332080912513196,-0.003280345292469196,-0.08284872522284928,-0.10569437073471037,0.06157434747567445,0.18402669487482967,-0.11793879701510285,0.032456234731881924,0.009633748793801872,-0.010247911626729193,0.06218030222976434,0.12399928401633932,-0.14292555619946287,-0.07523370289832104,-0.03241530592974151,0.06471240249286163,0.023129773871182393,0.18418148057101144,3.9082683982683983,17.584515145335025
2,53.4895058277004,550.80692759164,1033.93307826597,1073.80348628399,801.957161772207,531.960778473597,320.627997697752,203.229774053877,86.9107544441811,7.16852574227369,-0.118699291228776,15.1466406885244,20.3182131813888,17.8976931669286,26.1545414547392,29.6185971728585,14.2428423448155,8.50703964967727,0.53252669261311,14.7759817514175,10.715076607077,4.88020058221435,47.5800614772599,-58.1836013750622,-30.6302944368331,11.9120467334906,16.3370507497894,13.1610324661571,4.03696920532652,0.628444603239603,-5.37761283271523,-12.7175357587304,-14.8342594365094,0.514141277424279,9.90295160418129,-57.6869123240144,-71.4055255332324,-48.2710457994408,-89.9603556838628,-116.201134829085,-94.2246097061066,-61.5606211251975,-48.7032501608341,-38.504578660527,-32.1305028171044,-20.1107300944642,2.20527176833061,-0.1700426213141889,-0.12714763682300126,1.2764796382317904,-0.4990044661884578,-0.19320787233342315,-0.6353109301642205,-0.5404517915001372,-0.054373892325466515,0.31561069337003833,0.2914834218491212,0.1522607418281747,0.16971517539674416,-0.034511810148292736,0.15376032235231632,-0.04877699539019981,0.15302822210763894,0.021242940306488788,0.01516826820746719,-0.1434865205091912,0.2896850344653359,-0.4805142853768729,0.20582303522010129,-0.08883658411731066,-0.05626191114068685,0.2008639566318319,0.3261854339819082,0.01613720622497607,-0.05785167030989347,0.12634819335079434,0.038339609461340574,-0.02209446224349242,0.024993812099593716,0.08998758482762359,0.08009946061505674,0.06266024214980706,-0.17418343187687035,-0.040310503452430736,0.18420321963785768,-0.1745420313107436,0.06302191134879709,-0.07258384739763701,0.120909347408622,-0.0002815604618202637,-0.0071199181246390944,-0.03570336585766056,0.012522430867618808,-0.12537633519497884,7.896132756132756,32.15467428331335
3,42.9570631050141,563.023254880678,1073.80348628399,1212.19950596905,868.053063870609,525.28578980295,276.215858516436,174.125223802274,72.696925012159,8.4893522142227,0.965255937192031,17.0806582638993,18.1744358539471,30.991965426056,41.4823511206004,49.6740272092886,28.0955661353024,16.1659120105929,1.35060243934414,14.4926624409278,13.7511575992596,12.6095096919635,57.8056230895918,-65.4406117558115,-32.6637208575651,10.7116889894623,23.6951300174799,28.0174837443799,15.1606416663679,8.57027259806762,-0.989974651795414,-10.8523462978924,-13.5622707695911,18.0037475346185,38.5476226161435,-63.8576614120014,-74.5262272162336,-46.5238858181519,-88.7094279307501,-116.015508655737,-93.0223409920829,-58.6096859016483,-47.1784081637281,-37.9061675502781,-30.3468033207441,-15.8749069894786,9.50643319782289,0.27816505855373447,-0.19907331729249048,-0.5098729100364636,1.335245393577757,-1.4646488729754472,0.25613751789490935,0.8554279441639078,0.10890677960817252,-0.36137816392659755,0.07387126888538643,-0.07998275628118422,0.028773962813728727,0.21747426989678484,-0.1729365945206844,0.0005356350165642421,-0.0049897784735462945,-0.049450380536071176,0.0022935371453296372,0.046537232256119394,-0.06943893721806366,0.04865040343492995,-0.03827789354876503,-0.01193654721055599,-0.017145120640114378,0.0160482045143265,-0.002986424523260917,-0.027838235333225218,-0.20367339360760509,-0.040080323267970557,0.017327445569995784,0.0059590180699587506,0.02665460638145551,0.01976860007059159,-0.10396262541160431,-0.09931960944506894,0.17870770497836921,-0.015295299259107555,-0.052221799738896874,-0.021626530492254534,0.018994167413802866,-0.013229742828945476,-0.013464457189943891,0.0022673477115642995,0.005249902152133777,0.11182093066692582,-0.06740742569852941,-0.05388493156348758,8.74502886002886,34.81651197304302
4,38.640885628881,424.201334700199,801.957161772207,868.053063870609,637.312063328678,406.643743850488,234.559230202251,152.88510681563,70.9741346105207,7.36339606409591,1.46276910942932,12.5133440179676,14.2254926366324,18.9456733598436,24.472131212604,29.4105382891297,16.1512165756454,10.1754542015516,2.11260263856294,10.6437836455681,5.87252453347665,4.08404726135722,40.0053728013982,-39.205102057012,-16.4506546574561,8.96897888297886,15.6577498425147,15.4698596998178,7.49026790149303,4.69281244397488,-0.631893181774346,-5.8419202145857,-7.12567345794711,9.68465278470761,19.2362649742484,-45.1035041874007,-50.6878808286743,-33.3631120445957,-70.0880734407327,-92.0705064345422,-74.440963071698,-47.0802173551597,-35.9044433949542,-26.0349812340251,-20.9750098215073,-11.0547879062072,6.56880317553466,0.052722364292305694,-0.11013040068940247,-0.23703540344038296,-1.5040364034353484,3.1651703091326726,-1.1039579945508384,-0.15460105938548013,-0.03569187604936192,0.008366230068520764,-0.13631152275036953,-0.05103246314769982,-0.05829909607056094,-0.10642018055854023,-0.18774603756277797,0.22847637462935264,-0.04246970168082596,0.005130618175016568,-0.057826562237871575,-0.03270549190114872,-0.21674706971684354,0.23306474544425146,-0.12352118438308336,-0.02211456969627406,0.05871161492287823,-0.16800648919337557,-0.10782894111178241,-0.0053684823003117945,-0.06916336717307539,-0.17680076398410982,-0.027069443186118355,0.009852527710624203,0.06950180095247317,0.017568368736229467,-0.04906728821292959,-0.2269816825364798,0.21638935813835877,0.07675619324944855,-0.2034174159129705,0.2008867553099362,-0.045149354856673374,0.0038894823247158667,-0.1082635484825183,0.07116103252155231,-0.040173250788626824,-0.032527506933341874,0.019933504025645553,0.04958971557044096,6.321702741702742,25.244842311424296
5,33.8747683740136,285.941085411817,531.960778473597,525.28578980295,406.643743850488,287.846843741889,192.786350049749,131.837173606086,69.7536322834924,5.85029610284687,1.53928008937171,7.64232229421613,9.63014534255959,5.86989201628808,8.15670486483781,9.24598875496186,4.01687629631269,3.65869775561984,2.04374082065004,6.67330558326955,-0.289923194712071,-3.39390456944345,22.3158448753674,-13.9330031716774,-3.64542233382937,7.17198260331488,7.38597440930587,2.71791608095023,-0.137934647775702,0.975467690890288,0.0601034039166867,-0.448913951177926,-0.278681770550723,2.19389173893775,0.828498567293156,-25.3446722403651,-25.5760319554739,-19.6454815181819,-50.5751903744499,-66.7949656251688,-54.7930345845094,-34.858353364209,-23.6850770322504,-13.096202174162,-10.8873207993661,-5.65314662232422,3.90412329128568,0.03060564215132374,-0.05192943143711362,-0.6657436228689867,0.23716260844835602,-1.148080760646376,3.5461134690976213,-1.912998296806181,-0.22627259140686462,0.6904397712702287,-0.44690683454478414,-0.13541146973758286,-0.25221144803250345,0.0671820068331253,-0.04162687121418045,0.15671147467702473,-0.07338755667037412,-0.027402063193635855,-0.019806038103347454,0.01158868203639547,-0.014449225528190359,0.14500582415813712,-0.0676335800299471,-0.007183916472116109,-0.13200831807569505,-0.07844821516618314,-0.16045700107025346,0.006278296239648391,0.012733886235336793,0.007163123685196294,-0.014942352539620148,0.014381997257835922,-0.028207567568599004,-0.04053907074873041,-0.0002958389662128418,0.016013434957845178,0.007467285981394244,-0.024565293676052893,0.006979829751137695,0.13159468884115777,-0.12667226941862966,0.031712971387717365,0.0174437527908773,0.014640035417518942,0.005813982443947601,-0.05440136463599685,0.006303598989737797,0.07659314332305818,3.700598845598846,16.965755030115474
6,29.5552741608263,177.207705926044,320.627997697752,276.215858516436,234.559230202251,192.786350049749,210.74558891142,225.96833165953,239.426825624628,1.38974000538852,0.0124590284195265,0.700625229109716,0.31645560857173,-6.69031193026065,8.64543364820304,-3.88288512194006,-4.28427888038073,-0.0688070785735701,2.93530266433109,7.88587332554183,-1.57258450291312,-9.33537013541775,11.732462717829,-19.4010649283165,-6.76545161833011,6.36410471514042,3.15992772326084,-5.00363947765534,-4.19994710652533,0.260057777276386,2.9158643363282,7.12279599113106,10.0683724829905,13.418285770096,16.4356366088601,24.5125198483846,3.4131873347649,-18.4359640926041,-45.6225676707011,-58.3867995755324,-47.0932439037476,-29.6590182637659,-15.5023136321783,-5.04940181660479,6.7352108451885,21.4421472417596,39.1723392650704,0.12644181415656858,-0.024242814781073704,-0.5268646256214762,0.9118381467266605,-0.16045616010332536,-1.9557302381796862,3.4444472723627904,-1.4434898333478523,-0.15575488385266473,0.17258864424213363,-0.025444139798486563,-0.06184345730966114,0.010076678532077677,-0.06962377196015603,-0.018075531747687154,0.004156852000249201,-0.03403656455166136,-0.05860781484062393,0.010958493209909223,-0.07534670636951499,0.22677905483232152,-0.11525956863507111,-0.01319925998876948,0.13083028335691035,-0.03841418697643306,-0.022440664167661096,0.03850207818907385,0.05197882287431146,0.027645391676142394,-0.0038273038903157636,-0.012654730020075864,-0.059647117195441024,-0.09841948727914865,0.05583532413353288,0.1746653489919103,-0.13222676166538289,0.0017207588626418494,0.02636894200857187,-0.003979531869238195,-0.0915362509039331,0.07376028192129182,0.07088432864857701,-0.01207037271253763,0.05303543162830204,-0.0824601798445662,0.02549082608219366,0.04422058334066667,2.9250505050505056,14.516734788216679
8,26.0654239462421,113.413310752356,203.229774053877,174.125223802274,152.88510681563,131.837173606086,225.96833165953,316.121884131928,404.003116917572,-1.90519759623202,-1.66856226678215,-4.7936065136737,-9.26094205739203,-12.6302418349361,18.1402942452967,-4.65030774235367,-4.12284591372923,0.84107719977747,4.09230784643948,9.65541758267819,-0.584861775171814,-11.2839242621651,9.62309020740695,-14.4449685179225,-5.17345169238797,5.9820300499124,4.0778677412182,-3.92445870816045,-2.54887324495368,2.75095548803098,6.15974444036666,12.4534086075999,17.226138703402,31.5130993635429,46.426064335239,67.0554223172955,23.7700258262741,-20.481507336149,-46.5130703181799,-58.5938451565122,-45.9861477925119,-26.7761848906885,-13.140003854041,-3.00167576064751,19.7530180936665,46.4578024193805,76.3061866548929,0.021766660790534572,-0.018908818895501344,-0.055994624980306856,0.12035602214264267,-0.03638918222838605,-0.23696883579550035,-1.4936011065790746,3.548384456828273,-1.8838488044788009,-0.06233277444346096,-0.10815390742690957,-0.018962121784254098,0.06732003811702478,0.022787698146912404,-0.011254363496741119,0.001793103925450385,-0.019183831560760544,-0.007547954329680208,0.08543952969320294,0.13191435831696552,-0.05659002970475078,-0.013432130856867282,0.015394570997012986,0.04210513864330191,-0.09661797895766072,-0.04599958391794441,-0.009849477613902615,0.04599753306430318,0.06934954437584963,0.05733307309079239,-0.014474079120677366,-0.20372090272249008,-0.15265719925875465,-0.01464354528182253,0.02782118413747318,0.013103007326225291,0.010023013226895064,-0.04365973833312259,-0.09124996728733716,0.12700674246204421,-0.09946235589217059,0.03776237524625029,-0.0032481774859804214,0.023589386221936758,0.047337575477744705,0.03716585963670539,-0.019818492883714733,3.396168831168831,17.779535543200435
9,23.0221744976423,50.4304527115416,86.9107544441811,72.696925012159,70.9741346105207,69.7536322834924,239.426825624628,404.003116917572,568.040017698039,-4.97956535438396,-4.29735702230023,-10.7879680685848,-18.1463880083555,-17.118329496613,28.8432716065808,-4.80490329179097,-3.47410165320566,1.99261243971388,5.29605183522829,13.8061230377488,1.89212518746597,-13.0506242174649,6.91220481555191,-8.43084572530703,-2.85896847361639,5.73740325723835,5.02476609698273,-2.84592956231941,-2.80944066990802,1.37050830967217,3.60829777715462,10.0605318744205,16.5145173653849,43.6896408077124,72.1866320984719,106.997214146761,30.315322640063,-32.9716733145908,-51.0011942199751,-61.5626620396235,-47.2443953920127,-26.1148553425097,-12.337188970571,-0.206179951289828,34.0839068637827,72.2294709694227,113.490335485187,-0.07606541392183802,0.016795048675387204,0.31945458860611453,-0.39434477271379687,0.01634537318576285,0.7308906968639981,-0.15979528350723116,-1.8715417414262565,1.3946610368158006,0.021485336092063434,0.12695638650734933,0.06647987949814874,-0.007452073500642576,0.012861007651008834,-0.06119559949379743,0.07593316403707437,0.05417513472515316,0.0019866713914864498,-0.11903426213644311,0.020250165877851046,-0.12232648359732533,0.08280854467357439,-0.01856931776376807,-0.07055823998887174,0.08711091844012682,0.009486121341027732,-0.0006776392595714872,-0.020965931606770585,-0.07576245756082586,0.012071704974781059,0.011900412289707538,0.1553589143431612,0.14146020974285964,-0.0070847866781433766,-0.05010027034028721,-0.007625206734193678,-0.022406302461084573,0.04884013667015345,0.06376602337680659,-0.01717345172460741,0.008639747283153035,-0.0685240865726727,0.0025981969772578637,-0.02329827576440192,0.005690577387248546,-0.04098615134533554,-0.10492622358658026,3.715382395382395,23.833380324621157
34,0.396201300110916,4.7235456182299,7.16852574227369,8.4893522142227,7.36339606409591,5.85029610284687,1.38974000538852,-1.90519759623202,-4.97956535438396,5.53578862026746,1.12093626096805,0.562924393611395,-0.477177746994188,2.71091778551752,1.61686223357595,1.86082801543048,1.70819007646565,1.33233911981879,0.830696976771675,0.329166748662964,-1.00567203788795,-2.95843771432488,-0.362942944111631,1.3690955908833,2.00397638067013,0.527591784861132,1.01341422635104,0.344863593906635,-1.75296018483027,-2.24154277062652,-3.31654774927756,-0.97403674440488,1.72051970751566,2.80183105923558,-3.593769359844,-5.60106385632358,-1.98215818605916,-1.44148716422268,-5.66851641533113,-7.9939548150161,-7.84011826323442,-4.87333762300117,9.49079476589174,23.462858195531,18.6122048346524,12.0630910770106,2.08359672662082,0.05069534134947619,-0.09518655378697191,0.29552639164035843,0.06011321338784595,-0.12174959529292068,-0.44587522972851373,0.19080027390809465,-0.05354459878042671,0.018527555446757854,1.9540298446518256,-0.8373893138311862,-0.15767520734926643,0.07249459433192365,0.31767923569696666,0.09015919946512616,-0.05436517295412484,-0.17336847055456828,-0.030070832118836446,-0.3631590392384478,0.2956903568733264,-0.2886021873357528,0.17530254906834528,-0.13120559063396067,0.0236583318275014,0.0060636531763806,-0.5544479643295936,-0.3398784377985167,-0.06448518968541724,0.023874955092220405,0.06746539245984187,0.4867605631486061,0.09811041043233065,-0.01553905136496454,-0.15109616642695559,-0.2447506651466127,0.21259351759546857,-0.23369675688202116,0.26139544579887175,0.17635418432044667,-0.33875524211481045,0.3705389210390839,-0.07773994326274732,-0.02528501828471394,-0.18046821009545458,0.11947134641453833,-0.1132144847212743,0.18832641136568745,-1.7209595959595958,2.3506996023029956
35,-0.700416316450657,0.0168868408810626,-0.118699291228776,0.965255937192031,1.46276910942932,1.53928008937171,0.0124590284195265,-1.66856226678215,-4.29735702230023,1.12093626096805,4.48708333333333,2.88695640008384,0.872738680659156,1.78669239913203,-0.664907577472972,-0.684817943510393,-0.718615058025538,-0.102845881509229,1.07122664054508,1.16729947064044,-2.90092372046715,-4.40948089860899,-0.745721655285308,-3.71628669874754,-1.22125168910016,-0.96848178343415,0.396726001438852,-0.64560487215166,-0.613420185736729,1.34191680670211,3.4244526384464,3.49276343549215,2.53391113740822,2.33904856310665,5.8170815537819,5.99898928220269,10.080868120655,7.29813254441971,1.51342187599659,-1.0910651841294,-2.33294662444004,0.49331922746047,-2.19618661145823,-7.11761671344803,-4.36150003368589,0.0226961097940561,1.44058637380465,0.08662948990446752,0.12449792540947074,0.2302700318899557,-0.03858218148318622,-0.054389347654195196,-0.15232067499696372,-0.041039347868626556,-0.16337280233270124,0.15598383678377745,-0.8332891608456146,2.711648532190456,-0.8657507660493894,0.430634953624077,-0.40395558962092754,0.14889988439617124,-0.17679664828192132,0.3234030408951242,0.3137590363067674,-0.22403174315633081,-0.28892686684551716,-0.04030518722895589,0.08757674651701401,0.08766776837948313,-0.016977523811735687,0.020968542342366184,-0.021444571979355585,-0.027745321614403864,0.29132541302056847,0.6563034030306675,0.02871341974561835,-0.45241921102101473,-0.30083670458639733,0.20139230125252336,0.004848672183870123,-0.04781704316332544,0.06321917259795712,0.14297590880189984,-0.10286239725535687,-0.19910239176755143,0.18736704269941948,0.07359899580387669,-0.0841125317361023,-0.19281567516946316,0.214233593369543,0.2123252779381841,-0.23463783819905754,-0.19554501057140278,-1.1416666666666666,2.1159119389363377
36,0.973700490743582,9.63848951671298,15.1466406885244,17.0806582638993,12.5133440179676,7.64232229421613,0.700625229109716,-4.7936065136737,-10.7879680685848,0.562924393611395,2.88695640008384,4.27795178799489,3.99539550215659,3.1104496715154,2.32661068947121,2.62758808824241,1.53084489473579,1.01098558893596,0.260829862217518,1.31317699700397,-1.44083429343615,-2.0390707372721,0.554356388511244,-8.59155045535311,-4.27333658461482,-1.06328509322101,1.29410341875411,0.457386483224825,-0.222644460094238,0.250716485173061,1.30296900491751,1.4929742583258,1.06204508401607,2.26967438373302,7.93851728287044,7.00768010207289,12.639887227619,9.30293411982634,4.09677627910379,0.787096545801121,-1.33956727713007,1.43221576795834,-2.83669417424378,-10.1163840118508,-5.42460610209002,-2.15620834936826,0.44929943465879,0.24701425645746852,-0.0775807411919233,0.19095662680576553,0.04811103179212396,-0.048894726202197675,-0.20855330039575912,-0.04921534036561851,-0.02571036059003869,0.07068824820887695,-0.1397313434315956,-0.9220474113740338,3.5195401931789734,-0.8477658809446214,-0.4681185410497595,-0.4088283976678195,-0.021785757746812927,0.28481765292617867,0.03768348955143621,0.2603073452052269,-0.138176583633067,-0.13635978489153847,0.03396385974441284,0.2838476597943463,-0.05952321600662603,0.10154853700483035,0.032377100506865715,-0.3665579047271135,-0.12827203554543398,0.01268667145493389,0.03241155561245157,0.08898254417348826,-0.0904179032883286,-0.05379129883170587,0.14071506998542935,-0.2653663722071274,0.18677491889070114,0.014369818520275284,-0.1190196719831882,-0.4634850347842523,0.258150642443033,0.2390480425303018,-0.17768500304285176,-0.15060056128298188,0.31894254634746544,-0.25709886028042356,0.11511789131112508,-0.01762025024247176,-0.8305555555555556,2.0659021729004716
37,1.02379090570298,13.3433608538983,20.3182131813888,18.1744358539471,14.2254926366324,9.63014534255959,0.31645560857173,-9.26094205739203,-18.1463880083555,-0.477177746994188,0.872738680659156,3.99539550215659,8.02328224776501,3.96222172269705,3.15880537105008,5.2370371939259,3.95246958826637,2.80469095473894,0.99778939168564,0.850610207208746,-2.59030043516132,-2.67925716219604,0.823872513875795,-11.4645512493938,-5.61201359997167,-0.973109492952716,0.364834547418311,0.0298044984793578,-1.104445034636,-1.84366905268279,-1.66295021618103,-2.3949509278105,-2.73332056057263,-1.04579807906149,5.58326691654859,4.34931633850741,0.628576660806631,1.49041604164193,4.58682240749035,4.51101059976823,2.91190773626325,3.18677334909194,-3.40808804655847,-12.5776320347638,-7.68348253324319,-5.23555393743608,-0.594594625456746,0.2167202806668526,-0.3612003362843049,-0.04132576313361253,0.22578860015537058,-0.12276634371214606,0.04498483608891437,0.00903040471937982,0.05815080037436086,-0.004053825558881385,0.07879520715668374,0.42762296667829286,-0.8436950820901146,1.1924734921807572,-0.2677831667624544,0.39111810763693333,-0.056826643464329744,0.06702055730811071,-0.2956371484083491,-0.19745833178565206,0.09802691115633498,-0.03313924550930247,0.037411377223641705,-0.08041482751800919,-0.027748498896196894,0.0339426460443747,0.12055700252085359,0.30722567497115316,-0.01295629016457923,-0.4161565111993549,0.09645263544913464,0.06453988224928063,0.11090699559689475,0.06589460043179639,-0.052666175539784164,-0.13337380085792577,0.009977990477512064,0.06121286657755928,-0.05513644782759971,0.008294349600725472,-0.06822526026901612,0.000475313000870025,0.07275818262955604,-0.02566682553212764,0.11876726977731125,-0.0924395334359444,-0.022866873266715066,-0.15656953796756803,-0.5444444444444444,2.8307741428388464
38,0.526725436071152,8.15508385920535,17.8976931669286,30.991965426056,18.9456733598436,5.86989201628808,-6.69031193026065,-12.6302418349361,-17.118329496613,2.71091778551752,1.78669239913203,3.1104496715154,3.96222172269705,15.8735057471264,7.44281119568986,10.3208584635682,7.88316887596745,4.50998741029051,2.0032934363028,3.85195313266034,0.602192462131117,-2.17750458282696,0.199895822562178,-13.6347553359115,-4.72563644534902,-1.25747748074713,1.40044132711384,1.44534157530121,-1.06116059180474,-1.74149932508425,-1.97623785340318,-1.02190988608341,1.50331507516605,6.67503996985827,1.64501430089743,-6.41752020673091,-15.6720215770555,-10.4862636823856,5.35878598035536,8.21382716440164,7.08763916785769,8.67560172774021,24.657080804001,40.5570312293467,30.4072977548427,16.0040923771962,6.96629781142099,-0.5940008769743867,0.4340111415843111,0.15500227000377212,-0.1782747247641626,-0.17184979538626075,-0.042278696169629,-0.06944368665961811,0.035637707862910976,0.019956970514325618,0.2936351174785908,-0.40164262888640834,-0.4485121516195862,-0.2764667837548787,1.312181987947635,0.07157733197544941,-0.050410086828115534,-0.41231535528410607,0.12420033628082021,0.001925906564866264,0.0923626543149699,0.18645414374549485,-0.10770761597422783,0.39629547219958194,0.17474933918139463,-0.0583166587033896,0.14814899686660246,0.05807567626022437,0.0609241694928561,0.03359097806555777,-0.008242875829279133,-0.18071941091180174,0.05660830225876837,0.16574310943835077,0.19174720322473118,-0.18125945368678015,-0.021504051744952353,-0.08316231435889314,0.24738965366830698,-0.05386799628048587,0.050148476977757865,0.09146112015300484,-0.10508486152868146,-0.005847189969455138,-0.1860454005958345,-0.14091465175546097,0.0840305954432748,0.2411328294402782,0.08333333333333333,3.9829016742980787
39,3.53525746597883,18.0624163251611,26.1545414547392,41.4823511206004,24.472131212604,8.15670486483781,8.64543364820304,18.1402942452967,28.8432716065808,1.61686223357595,-0.664907577472972,2.32661068947121,3.15880537105008,7.44281119568986,19.2974651979566,18.0739627917743,11.7726363188312,7.18615428295134,1.88408394637085,0.593113658687686,1.5305460569505,1.62194012813361,3.34667857176286,-16.1374831697869,-9.38431018551524,-2.62866481941799,1.52156817033658,2.25065820475858,-1.07895576550304,-2.8559235300631,-4.5963886369175,-2.56353872890984,1.0463788097544,9.0752511071107,13.2583321030166,3.56553571529864,-11.6327100318714,-11.7946277519232,-10.0670087879888,-12.8299880929252,-11.0837058219852,-5.66952033076374,2.58934750688157,9.11580249900727,16.5090465048642,16.7073371787538,15.8921972105653,-0.022670092747656537,-0.3969847055295103,-0.04881853759824372,-0.018436151900443575,0.23360211879503476,0.15446266289947186,-0.015907721501963342,-0.012879754899245992,-0.0555372324401937,0.11294303286551712,0.14655521540905994,-0.40969773069837523,0.39482197762283455,0.05559172567519662,1.8654345279433906,-0.7274674453466361,-0.026673609628024127,-0.07032776228308252,0.027196666327446568,0.0361577013809268,-0.014008255072905255,-0.018674759604574806,-0.27459390670893,0.00034118226349378375,0.070951149576594,0.7616265040466008,-0.13868392151875256,-0.09670290328339055,0.17341569506495455,-0.010545092830036875,0.06705406809913698,0.010366220115981433,-0.08133736786371809,0.17183736036517244,-0.6711303490429629,0.3024306880465458,0.005438921420192909,0.2656827238017939,-0.45939630990755254,-0.1245010593067747,0.2479128430120857,0.2618819377749576,0.1890010599240923,0.14086862283905555,-0.48732656731145557,0.006478435236632684,0.08705687402451069,-0.3738888888888889,4.391749673872201
40,5.19652186315342,19.0924960709566,29.6185971728585,49.6740272092886,29.4105382891297,9.24598875496186,-3.88288512194006,-4.65030774235367,-4.80490329179097,1.86082801543048,-0.684817943510393,2.62758808824241,5.2370371939259,10.3208584635682,18.0739627917743,26.3752630906769,19.6411732793989,11.7492081792818,3.41506772719833,-2.09342697426032,-0.0184138890248739,1.43264366802529,3.2760620667559,-6.08936371757462,-3.99945297616662,-0.973860306205754,1.93999215541242,3.40960266766133,0.871028773116515,-0.477879947365006,-2.16292879189732,-0.91512601891516,1.6217600093209,6.20692505302108,5.05012384493172,-10.4678383503612,-20.1989296639209,-13.0333885344509,-0.962957652454045,2.02122943010594,2.73068576497912,5.27706999520016,5.95616260257056,7.22647316672529,13.7514019583373,10.9993141958016,12.2441931127341,-0.2637062351650859,-0.09880930476213141,0.1204343407899674,0.04948663201995431,-0.020540504238876652,-0.08465406470943224,-0.006889309951432505,-0.004644202219071707,0.09216233786153993,-0.04569408646633914,-0.1805043693991873,-0.02727283178162636,-0.04788894909414935,-0.05169348475256421,-0.7339442083813942,1.8373582094806917,-0.9177208493591876,-0.2684675843526956,0.1935891189593651,0.026600414856301213,-0.2246566508267884,0.1031973169280375,-0.24745613800913624,0.01578694283287617,0.0026506415661153083,-0.09096595901778688,0.20202236248778174,-0.032094469397743616,0.025081742595330515,-0.019421597094354138,-0.113496612739068,0.017252067965187023,0.36578066644476365,-0.6212896901789635,0.13051954688846973,0.18785503298110467,0.08295052903592884,-0.16206555854076873,0.2815912087863587,0.010843639566919439,-0.20300552629117816,-0.07721587156755048,-0.07170896279665835,0.21749957006325146,-0.16229454213561587,0.17219728272512988,-0.29449869439601906,-0.8477777777777777,5.134711587876858
41,2.60240701546483,7.92518299477278,14.2428423448155,28.0955661353024,16.1512165756454,4.01687629631269,-4.28427888038073,-4.12284591372923,-3.47410165320566,1.70819007646565,-0.718615058025538,1.53084489473579,3.95246958826637,7.88316887596745,11.7726363188312,19.6411732793989,16.9840888321271,10.7191915833416,3.44479613528001,-1.91342807611718,-1.89683534920096,-1.69913690038073,1.78979122177085,3.48266660537996,2.16281610508304,-0.144907091505608,1.68960449315035,2.26099855188256,-0.22189999089165,-1.49111173669825,-2.75892464807263,-1.80851981899746,0.149800394357423,2.65180998184134,2.19008018890458,-8.24522575018691,-16.14468902149,-10.2061660700948,7.47859032654836,12.9475657073899,12.9005368306752,12.3080707965749,8.49507227189041,6.78565330925051,10.4547842472494,7.592870503417,8.36996831567232,0.19877667530648155,0.042521857593104596,0.016459381640750843,-0.053784864374387065,0.016164058313627355,-0.015239743907366592,-0.005139753578205622,-0.01660093219657981,0.03210965393832544,-0.1670282548493285,0.2879321541617641,0.27371513331453257,0.07153209938593237,-0.4308904835411735,-0.02968746583625983,-0.9398760528722178,2.0185780755806437,-1.205763878772946,0.1524520517176744,0.25284498824787044,-0.16456089607189586,0.07680811195906426,0.21432773028873564,-0.030715910752962296,-0.016517262141240358,-0.2681523523942835,-0.09381547153231112,0.1187759481842831,-0.03962120795080674,0.012491437140394118,0.06695089818490095,-0.003666023113031768,-0.13962185688539053,0.0401610885208896,0.20768296157432778,-0.21750572240496188,-0.04554989698888724,0.051968994061448184,-0.005265303555649001,0.02140589921390414,0.062100373739286195,-0.1613077770353465,0.027441705607120913,-0.01359239119873698,0.171022418594038,-0.09160285528669432,-0.05068088744983608,-0.5651851851851851,4.119962236735568
42,2.11748442306009,4.23786674139791,8.50703964967727,16.1659120105929,10.1754542015516,3.65869775561984,-0.0688070785735701,0.84107719977747,1.99261243971388,1.33233911981879,-0.102845881509229,1.01098558893596,2.80469095473894,4.50998741029051,7.18615428295134,11.7492081792818,10.7191915833416,8.21007340002838,4.31988273977619,-0.580241812758689,-2.79544644999101,-2.29550314872714,0.776663343302903,5.59597167657794,4.41178069695824,-0.857687672438423,0.945670327367809,1.09656294209156,-0.862064208232125,-1.83584563734108,-2.33020347790614,-1.22925671116145,0.457098351635619,1.64365518366055,1.70156258401925,-4.64539865192434,-8.38442448071566,-5.0971775247337,0.769501454464695,1.65714880800018,3.30680980014462,3.15812244956948,1.34225364724181,1.02547220187442,4.88280273900049,4.64113183754613,5.19144125406186,0.28561518022731386,0.11654835584237155,0.013432106853810553,0.0036685192721275213,-0.02061361747778185,-0.009559918150910377,-0.0405477193740389,-0.0024581553394790495,-0.008171590726195313,-0.036074783890170346,0.3371907841133627,0.03779997678352272,-0.2877297355226174,0.15515570013615707,-0.06386312819415786,-0.28027845978145327,-1.2245641162542473,2.9829066617116897,-1.0043155221405087,-0.38203590157068607,0.15128388646726643,-0.024866044180197517,0.009745281680045181,-0.047080032042007225,-0.028558795196492223,0.014295611556501138,-0.46329547799560605,0.32326249919996514,-0.029812406466737752,0.10706267856605096,0.2217553891003926,0.002616965663615603,-0.27830555798630696,0.1994287820341358,-0.1057139419674324,0.1204341673759296,0.037251913562954986,-0.11130635356371354,-0.1269331472695393,0.25744703421477,-0.23221879461934475,0.029976886215604497,0.0728969886862589,0.005351244618709924,-0.03873143028756193,-0.011243589359199129,-0.02045323966919353,-0.9687037037037036,2.863577028827473
43,2.68828737866471,-0.935592528467698,0.53252669261311,1.35060243934414,2.11260263856294,2.04374082065004,2.93530266433109,4.09230784643948,5.29605183522829,0.830696976771675,1.07122664054508,0.260829862217518,0.99778939168564,2.0032934363028,1.88408394637085,3.41506772719833,3.44479613528001,4.31988273977619,5.46581098339719,-0.120728267226082,-3.68699834741032,-2.93939377983934,-0.655660031911243,5.65204919455036,4.5738252917518,-1.50257895526781,-0.206073973409933,0.48816063198052,-0.594842260615879,-0.741560891691209,-0.314270455182787,0.247063465037499,1.03805712847976,0.0638419276958296,-0.155558367644045,-3.13190280886306,-4.90828775990507,-3.22536374762135,-8.87384821817734,-11.5521797426136,-8.6546103935071,-7.41140908067389,-7.69597801274975,-7.218207506444,-3.18586739308257,-0.366342438743791,1.3637513048686,-0.5780180893701327,0.3606070695266077,-0.14316662320670423,-0.01976013334849102,-0.03956363087779787,0.004414781923986741,0.03225004966845579,0.0992363697269899,-0.13545486501232928,-0.3713789366902065,-0.25292707227388833,0.2456462257019786,-0.2224383157068902,-0.009949760354134493,0.007926557657974244,0.2001131591350699,0.1679139176683449,-1.0125507873058301,1.7423933454986564,-0.43585621832024457,0.32277988114896194,0.047157129493062715,-0.38632779113896976,0.0121630687136801,0.11444383526177469,0.43726033571174405,-0.0874495482231931,0.07222007289748968,0.02402658719250906,0.08819586614457864,-0.36309663342245224,0.019544283922253082,-0.0026113078459914806,-0.13190722244671027,-0.034070876965765266,0.2167825929642222,0.08881202964749761,-0.054425743679290414,-0.016191701215577888,-0.10586075136667289,-0.020353357344425477,0.22747043352750726,-0.04388546961782621,0.011199067173082644,0.11956493442568442,-0.05237473274376807,0.11451789078282297,-0.9555555555555555,2.335767750311916
44,6.73910900333307,9.61041648851245,14.7759817514175,14.4926624409278,10.6437836455681,6.67330558326955,7.88587332554183,9.65541758267819,13.8061230377488,0.329166748662964,1.16729947064044,1.31317699700397,0.850610207208746,3.85195313266034,0.593113658687686,-2.09342697426032,-1.91342807611718,-0.580241812758689,-0.120728267226082,29.4226436781609,13.1346335647391,1.68552956017049,-1.99796970385938,-5.0547951776171,-0.534332409300144,2.84448630909775,4.88125523288206,4.21069801567195,4.22101047795773,3.81147779067707,3.16774268391731,4.17599349780479,5.21605068612239,19.8678862265062,27.9975127030764,45.1449279771767,18.7196717466142,-4.2916054064675,-9.07252322581923,-14.1170156313096,-12.2651700994343,-8.73225822350997,3.474928502115,16.7779250205148,13.3063828623035,11.0528409011058,12.1653377653669,0.025454280141122144,-0.22594346977131807,0.3016347884126374,-0.050307907727906116,-0.206402819945546,-0.0166096259541999,-0.09642110532739895,0.13780270694962996,0.023503077553664913,0.2913493926359399,-0.27398584843981566,-0.1229484553385235,0.10695453501677026,0.0992508039139067,0.030508945217038026,0.032544156238976,0.2516728870849371,-0.39500627529943094,-0.4337848591492976,1.0616925268794268,-0.5024575934744343,0.006161562493442441,0.39354267178862634,0.046244036865297364,-0.12273819598169736,0.013734407565084275,0.024811102510710243,-0.03594362360395395,-0.021818661001079882,0.06529069064714654,-0.006254380932946509,0.048246725904149246,0.0011330159312747715,0.027698989180354912,0.2470682718733018,-0.4445209465619308,-0.1840860895918202,0.3640432362047627,-0.0012975170719888216,-0.060487426300013386,-0.04898755339252403,0.1285130382114627,-0.039489171555890115,-0.004662945941761711,-0.09115111063781593,0.0486902135549821,-0.08401803521784587,2.033333333333333,5.423342482100953
45,1.84903072275112,3.06598923882749,10.715076607077,13.7511575992596,5.87252453347665,-0.289923194712071,-1.57258450291312,-0.584861775171814,1.89212518746597,-1.00567203788795,-2.90092372046715,-1.44083429343615,-2.59030043516132,0.602192462131117,1.5305460569505,-0.0184138890248739,-1.89683534920096,-2.79544644999101,-3.68699834741032,13.1346335647391,26.9645418263091,29.4638770339566,1.7569421084592,-17.7601785472068,-16.7213379809014,3.48554591631497,3.35797780109142,3.00507681274796,7.94905878852816,4.91219500989188,1.71357296562609,1.10472710516682,1.30868624046602,4.65219110358125,-2.53552074003291,1.53945705624576,-9.64933211816825,-10.297291174172,-10.2310868509071,-13.1670194787862,-12.0062091109431,-10.1335391399518,5.97499038617839,19.8827599976421,16.2891191299019,12.8835711367481,2.37879484133396,0.019892726427330854,0.24433434850657149,-0.49957002375561316,0.021054139487684417,0.21448409453081824,0.1380818923971953,0.24580378213557494,-0.04644067533905676,-0.1283716227781062,-0.3013727700919916,-0.04768487082685266,-0.11436078966420186,-0.06219749176539295,0.17633815961620888,-0.009104717492682877,-0.22750597422626506,-0.17530977552019075,0.14392145208516047,0.3146576586708664,-0.4976252982743036,1.1749134882305203,-0.4587880306585515,0.19634953898047583,0.02030239571630952,0.07563835700482302,0.24694161122803,0.005082342814556029,-0.08757718322557609,-0.3043344285002321,0.032433592467577294,-0.13743243785646844,-0.0906083277581821,0.1372983286838488,-0.0049860039741836445,0.2301442937639369,-0.09476278053714979,0.020438245742878548,-0.04497631253157505,-0.029032799779540736,0.02574243031706352,0.09666391029258153,-0.16830942183323824,0.17036920227453348,-0.18877752716710142,0.068263653455683,-0.032974128318374936,0.20091595572287535,1.5972222222222223,5.1917763652057545
