,Cov_0,Cov_1,Cov_2,Cov_3,Cov_4,Cov_5,Cov_6,Cov_7,Cov_8,Cov_9,Cov_10,Cov_11,Cov_12,Cov_13,Cov_14,Cov_15,Cov_16,Cov_17,Cov_18,Cov_19,Cov_20,Cov_21,Cov_22,Cov_23,Cov_38,Cov_39,Cov_40,Cov_41,Cov_42,Cov_43,Cov_44,Cov_45,Cov_46,Cov_47,Cov_48,Cov_49,Cov_50,Cov_51,Cov_52,Cov_53,Cov_54,Cov_55,Cov_56,Cov_57,Cov_58,Cov_59,Cov_60,Cov_61,Cov_62,Cov_63,Cov_64,Cov_65,Cov_66,Cov_67,Cov_68,Cov_69,Cov_70,Cov_71,C_0,C_1,C_2,C_3,C_4,C_5,C_6,C_7,C_8,C_9,C_10,C_11,C_12,C_13,C_14,C_15,C_16,C_17,C_18,C_19,C_20,C_21,C_22,C_23,C_38,C_39,C_40,C_41,C_42,C_43,C_44,C_45,C_46,C_47,C_48,C_49,C_50,C_51,C_52,C_53,C_54,C_55,C_56,C_57,C_58,C_59,C_60,C_61,C_62,C_63,C_64,C_65,C_66,C_67,C_68,C_69,C_70,C_71,Mean,Std
0,186.234465197957,45.2056345793761,55.5903812690537,51.6713704925444,106.200135558893,11.1392301539597,-16.5051438457943,7.62870855407266,52.6634620525745,39.4327675774081,61.9098367297309,28.6608055575765,-21.9362899105371,-13.5711881907758,17.1615474112782,-55.8420862156871,-12.8271630097355,33.4849698535805,66.341030644897,4.14553551778893,52.0658218177215,49.1440211025335,43.4735768851878,37.6874956931975,33.5414017855628,28.0201698255989,9.37961656001112,34.0621084348596,12.34188025165,-14.6029970216024,-5.07321485005359,24.5604163448422,-5.99973380583935,-36.2669758580505,34.5411719855992,21.5523835803049,-14.4222559142018,15.1880837502067,-0.104079407395848,60.029474033834,3.54876260550722,-13.311707952291,-20.2691825370321,-18.3502506603071,8.89188383604468,-6.60580760451182,16.1516501723695,-27.8380370635853,-17.3271115357601,7.92974359859719,20.7738096277826,19.3537861805339,16.63476088476,-8.28815991742158,15.6586180904732,-14.7049236608344,-59.2189134952536,-71.5840467702804,1.5607513601337912,-0.11931985368765198,-0.018335528170732907,-0.03261929989251374,-0.3870935236649009,-0.1099389435102621,0.11677551603112898,0.120809595350752,-0.05131797720748066,-0.32247534341775236,-0.011215268700496687,0.18227989367118907,0.25463596106801245,0.18223321677710203,-0.24282730417512333,0.21408627571041117,0.4617531250234052,-0.41793040872555576,-0.23438154966856378,0.13435148630089946,-0.16585259532557686,-0.0832434921382913,-0.007605157498403388,-0.012207657042147392,-0.08787922069228553,-0.27919715596779976,0.0044621261946847825,-0.10322205675827766,0.024751820412326812,0.3394083010825439,-0.22692153184226233,-0.5562747271528501,0.30843910650332307,0.23069777205887887,-0.14422541378581288,0.08827596042282003,0.3930801127622061,-0.3821411517604102,-0.024789170100678125,-0.004686461694658796,0.07637597560678726,0.03084154185524027,0.36187123313813435,0.2784411583781409,0.06761638783663064,-0.013829218276412729,-0.07528993074955956,0.0717027538731855,0.25593113071030144,-0.44145213199569217,0.060934398662538795,-0.12128581484366702,0.10994722437951338,0.028100089472325316,-0.3436860656682208,0.1713458606817248,0.038640340225365125,0.7939243635806804,3.1305555555555555,13.646408509126367
1,45.2056345793761,129.440747126437,74.9674455029332,54.8290023344286,112.127516400132,13.1835226685381,9.99294957242085,24.4906558173217,12.9975472341077,17.3046271831073,37.5189606360541,43.5625118803514,19.0951859258736,-1.02641907954487,6.52669049181187,-31.7724541298169,19.4933999879403,35.2489609174967,75.3046249113931,31.4982520989211,27.3365363785653,24.4622803704624,26.6616533710739,16.2091543621037,7.87333204919857,-1.05256407316869,-11.6438888924859,-23.3288884012797,9.09366855080354,26.8082447684967,2.46972125950906,2.71300802572511,2.75726923739922,1.0252863890832,22.659091308532,17.5587304804287,-12.5474848466705,-12.948048115392,-0.959293567669631,105.201490338843,-1.71707906036323,-0.360934465244093,-7.1201362243111,25.4118974541319,7.36870462698503,7.61577828589222,57.0295993344008,-25.1595606197996,21.1093633315205,-1.56953649706388,53.6159576642746,-20.0546813989286,-34.4762232422552,18.1023734120902,10.0458840624373,2.85277085397523,11.1801157290061,7.37340369664109,-0.11931985368674798,1.743847038744175,-0.047973539190972275,-0.2113092300251028,-0.19135916315722368,0.185059218357037,-0.2788608135187104,-0.4786965991701505,-0.03368907874670624,0.12574705341613646,-0.02049032977513067,0.20717297448064115,-0.00650579805680336,0.38483773912627545,-0.49905721669586073,0.18556190271596731,0.23645676806772803,-0.01376960628399336,-0.6210737003426369,0.014149314581213466,-0.016495937588929175,0.012190662318505872,-0.20519120240859923,0.21148722956314794,0.22757650530061982,0.4960617177340087,-0.005697082087848399,0.177495107941941,-0.0074082042349987295,-0.1771981373902656,-0.08579930121157534,0.44279754355525197,-0.14091461428104815,-0.10702943901374894,-0.03472554109488917,0.010480845600171837,0.39438521306507535,0.27503614278393895,-0.14643355462310362,-0.09446133850431924,-0.23498258623979312,-0.10924360632831057,0.00433013114176014,0.016462168159042258,-0.004762810405424013,-0.02166545242568225,-0.4699525157655574,0.577304297147019,0.04587646712038609,-0.15237909438328767,-0.6155266809349696,0.19119006566932964,0.3017025447905521,-0.12889969887648897,-0.030056037162332103,-0.016300999469958447,-0.33219614445839346,-0.11921833084353337,-1.2333333333333334,11.376763473257093
2,55.5903812690537,74.9674455029332,366.644139527458,319.707876249205,251.261087551929,63.9445291225778,36.4252141344318,50.3268186937642,42.0251291223963,80.8220592509428,90.4625248130278,132.512699416723,60.5141785167824,13.9251679047268,24.352358252921,16.5294380113699,40.8660398534317,23.0980922376789,-8.10244398591259,51.9450217002113,17.4002703618153,3.27335283738025,-4.84223664748402,-0.201427785108657,13.2041934211657,23.0561085145596,-10.2281641322859,40.0412036978676,21.53787488086,31.2638485871694,6.81172866442304,31.2547835614993,-2.65998728326757,-4.15409645196116,67.6630339980062,86.3709736826127,-5.62068261255983,35.939243638756,37.5513741171688,121.796958709449,-13.3409685675338,17.2049571349677,46.7581171671886,19.6767637312912,0.512388415635555,31.6676825844982,-24.8814515818693,-5.10419344055471,54.6158488206199,-20.6135832327814,26.871578998811,6.6586377153366,-74.4494199284486,56.894259031313,35.6517860272005,18.2174009635282,-5.09269393115844,23.8601791676552,-0.018335528170777254,-0.04797353919198159,1.0509138010361947,-0.5530014916771498,0.007001724195355476,-0.19747576526039357,-0.04613157311767094,0.027522027226452552,0.08344116743615371,-0.3113845988508406,-0.15495727300683584,-0.015510501889617398,-0.4541342005915643,0.03204234280094281,-0.07668335377346797,0.1309087362995717,0.28436205486337646,0.20522095372290078,-0.07566569625451056,-0.18407909977719872,-0.26318743065368183,0.014356741433354168,0.09057797114202207,0.056496137966991176,-0.07748488795270461,-0.051164540830457635,-0.042446980449862184,-0.29939493686478835,-0.03254554532490924,-0.2242729856284888,-0.14489591078687963,0.06334160922474305,0.16825232398588275,0.20162319317715546,-0.11847487698627104,-0.22071042269263938,-0.30707235725684523,0.36316681392577804,0.35321584783276205,0.02486875669910446,0.04811858411897737,-0.28534886066261433,0.035071963411177735,0.06101052701983168,0.35548955870307425,-0.12287751391574066,0.32650809194675623,0.011999617950627347,-0.4063117483482367,0.010482361280502167,-0.019932365894256412,-0.09483278286943331,0.42644698143734067,-0.4064599630210703,-0.060688027565240214,-0.11956422859529522,0.16277008677692034,-0.02256795214181138,-5.402777777777778,19.14769279906742
3,51.6713704925444,54.8290023344286,319.707876249205,493.451922094508,342.841090776224,69.5855530059777,56.0113788890078,45.060797702791,76.607245459458,36.8513772672217,135.25750033803,157.301727252076,40.2950771154866,7.76338700774051,56.6617087187374,102.204089223962,90.623725039661,45.7027572137999,-34.2982752805187,74.5164678784381,32.5234588348661,19.2012872674833,11.2652610570046,9.90098438128074,16.2987771892639,22.7092608913936,-10.0982015785895,48.6983321167989,8.52625371616346,-9.05549303133352,-11.7024135844004,61.9468358386251,23.6835311815258,27.0460971486006,86.8042366590247,85.7324960353978,-16.7473209826866,80.5497685840504,81.3575097109612,102.651057056679,-23.0991486212453,26.044587423324,77.1319773767231,34.7852365880455,39.8125680096512,25.9593401883332,-35.8051987473122,24.1696329002638,45.8996856569993,-29.2535793853371,39.7928227459127,42.6698986781069,-4.83556955763944,49.5343720203549,36.8200229173878,-2.56670891388752,-14.4512029417829,48.7180971787805,-0.03261929989274284,-0.21130923002460586,-0.5530014916768845,1.0333264848168249,-0.5023113282377455,0.04845902603618222,0.16523438967415047,-0.06992677431355926,0.017183744866315714,0.3717662152276179,-0.18724796404488997,0.05491740919243991,0.01996620248132464,-0.012562730036218746,-0.03939196871283404,-0.1750415766300767,-0.11657042741892043,-0.11723909784464742,0.28531455100256015,-0.08716532552701159,0.0999604529498052,0.006124398332316516,0.04296884815123124,0.19084369959750352,0.22454529555466812,0.14229857625295297,-0.01902479107948003,-0.236030272214046,-0.06712433914464644,0.48219641202237556,-0.0793715725933852,-0.035872862148873856,-0.07971701334556464,0.17269094481308378,-0.0017584715161565755,0.2363522443269693,0.25530276027516385,-0.005157308050223513,-0.36533215298901317,0.013523870347779231,0.30033468657329326,0.011509001584484356,-0.43644627079306425,-0.08870751652302476,-0.40541143571752536,0.17916227753381325,0.10733662948003732,-0.37876622740722576,0.03336954487408748,0.10963451575870516,-0.024755557563484305,0.03192227441818303,-0.24430551125584463,0.046491001470855914,-0.1258447980611421,0.24611868089154532,-0.028918791439413786,-0.0369557922326022,2.011111111111111,22.213552667110868
4,106.200135558893,112.127516400132,251.261087551929,342.841090776224,375.349527458493,65.2692176699627,19.1971665548826,39.1436227737498,82.0700732679692,45.6679128282752,116.574361374392,154.017510597616,29.233493776607,-13.2851439201706,22.8843477376387,21.0143596047778,75.024383202645,52.0289098168669,44.6819067749503,62.7191154786235,52.0319905346315,43.8175185306422,41.0453282249547,37.4719867946058,36.5857791878689,35.9372277248801,-10.8541756702165,24.5251280596925,12.8621434228924,9.11358972925233,-32.0971554401167,41.5179727417375,22.1084415930838,-8.09700300105172,76.966827360945,75.222898459499,-15.5389348912937,51.8054181097727,46.2916701992463,177.661893548384,-6.04351832129012,3.79817032959612,33.6152979014227,21.1276067556479,31.2882111479808,13.1753711122762,10.3275452057478,-34.386141612625,27.4830490678695,-44.6594293714778,33.1826699062493,-13.8904044690348,-46.9044699713301,29.0531528750236,20.8036733115633,-3.99600052695163,-29.3232452517492,30.6866046708416,-0.38709352366540567,-0.1913591631569916,0.0070017241937211545,-0.5023113282367765,1.5165919558603775,-0.5695926855349318,0.12930910997357134,0.05115844458456003,-0.15037480997060815,0.13229012088292771,0.050713035759252366,-0.5718724863794378,-0.0195619469302485,0.2845216507396376,0.23265787050907882,0.059625693009111656,-0.48570880039444714,-0.026053419876857106,-0.17786105217385104,0.119800589435656,0.06668431877184186,0.016454735456156604,-0.12116311203751157,-0.2693552281306816,-0.25975700909610194,-0.28281496050568466,-0.015904986847971637,0.028741558890033117,0.12067960373044458,0.09852174875498884,0.7320601252757098,-0.08046459828741083,-0.23185597619814405,-0.022595231736703043,-0.0389534100726149,-0.3903943381625738,-0.020488433677911845,-0.2788671171565453,-0.05605496611082032,-0.23888935245978896,-0.13206601472582333,0.08486218257626944,-0.003187641379509871,-0.067504767379304,0.20263719069805924,0.06231744333851196,-0.31256481054417545,0.16284631860215468,-0.02452480882267679,-0.014569640223262837,0.29561647859591594,0.09644656110540957,0.08848866620444058,-0.06988207228796005,-0.07161777620135419,-0.050455585762024975,-0.030648513524451824,-0.5036377672538153,0.3277777777777776,19.37368130889153
5,11.1392301539597,13.1835226685381,63.9445291225778,69.5855530059777,65.2692176699627,70.839970945083,13.0862311009108,34.2230846446431,3.18411119758495,5.99039292463987,21.8837065704152,24.0469148417263,15.9260574786547,10.6718085498602,-1.10220831588843,-3.01661187810507,3.40165847787799,-4.75441277567715,-16.1221955812189,-10.0994558182777,-18.3245463902583,-16.2815684227782,-10.4717815321586,-6.22760701671253,-3.15512030258018,-1.0312193457773,-4.57182669305257,-21.7944554675763,-11.1360188000267,-3.75532933129847,-11.8725353993987,-6.85653886728149,-12.3382233581445,5.21263216763012,-0.0127304942638323,20.4299448609521,-4.53423850663618,7.72183583714251,-7.84458190231855,10.6569983156145,-4.42757822930618,2.26740095839285,13.0639436317111,-21.5885095768275,12.3005615603855,11.1914556028434,-19.1006296524431,3.92120470013632,-5.05207156783128,25.4989626269347,16.8972454772503,15.3384246588465,5.13097099909327,13.9189624740187,19.0484088395977,15.5840373024697,-6.49675478604815,13.4094095979728,-0.10993894351041958,0.18505921835748773,-0.19747576525972477,0.04845902603552857,-0.5695926855351985,1.766650926235774,-0.3439532948219293,-0.3637300462380768,0.2108694449360382,0.11768555858220586,-0.056371766963237105,0.15998493386214868,-0.25317788458288887,-0.24550780438262476,0.12062771771382255,-0.022031759997063954,0.09067692942063639,0.2939816030173032,0.28033234532012863,-0.007481836252575531,-0.010622269765375945,0.017988991359029365,0.002755126614730237,-0.14079788815389657,-0.06622450238191016,0.02006665594809612,0.00921112425239589,0.3398023231262009,0.17946471075085882,-0.04753958672578234,0.02900573893629692,0.018355294848600993,0.1971318659798721,-0.06086251903107358,0.13672951720557033,-0.18517235247037186,0.2731847315224403,0.049453725411465206,0.6347637688310478,0.09379277851707465,0.3364636547037473,0.14945694776712704,0.28241318934691,0.11088945422899679,-0.3736157545738532,0.10591618314632113,-0.0912400556273539,-0.04811649053031637,0.6536646200562275,-0.387188440496785,0.0005022085354716974,-0.3217445776318496,0.10884229985944725,0.014660175988311354,0.13238934608159847,-0.4084526238071649,0.19519597715229553,-0.35369558334471524,1.3505555555555555,8.41605435730325
6,-16.5051438457943,9.99294957242085,36.4252141344318,56.0113788890078,19.1971665548826,13.0862311009108,144.246312659642,47.6231710550212,39.5709004236586,63.0190112276942,81.5540450773448,53.094284664296,26.1744151819989,57.5426797688521,41.3876459338946,70.9368581958046,30.7690732667476,0.707806780892202,14.307236794678,28.5981896596567,-5.43287310009975,-7.82092350109565,-0.0679963259033531,3.53132804869781,5.93077346777,5.88782252357023,0.067118844381865,3.96112205164872,6.36086394666014,-14.3778934021268,35.0308067783625,17.7002633509008,12.9693190974252,14.3643260524283,-3.79840458711777,55.1994748956893,-3.36176357451574,30.3317659405916,49.1428737146722,4.48887333796076,9.20942433809888,13.1811372427654,28.5208476325861,7.79125797480358,10.1299781101893,11.9270605628811,29.4258396317934,50.1458895474918,13.4455381409907,-13.3459497736174,0.207771908631034,-2.61765538674373,0.512873721146559,-19.2548607729845,3.83416582389843,6.12353604931294,-9.27043477551977,-9.34218981922272,0.11677551603025413,-0.27886081351835235,-0.04613157311843449,0.16523438967470033,0.12930910997408593,-0.34395329482186837,1.3874229389516097,-0.31107914156476063,0.07213701930688944,-0.35059747105503103,-0.18582580359748854,0.006538628647710581,-0.08385150411013607,-0.07913706942110872,0.16973504495627975,-0.3582268307556427,0.06191363718280033,0.5221471826466363,-0.24819948423115354,-0.521629174416311,0.2052430578541145,0.35888281304636105,-0.1323159636494474,-0.0986939073827039,-0.052309608952491815,0.05750686818422415,-0.021876928728060675,-0.06424943595854168,0.09189719119094472,0.3621128179817569,-0.18246503535801117,-0.3318862394809714,-0.01233003596340723,-0.06271210684667887,0.04841681301140979,-0.18052221366036297,0.11729781030282853,-0.06410615427601044,-0.723580361260542,0.035816263686659675,-0.1097266467402402,-0.39064087897110217,0.05885014594750314,0.23659051831742675,0.049540022937546245,-0.1511135553774283,-0.4349753864589829,-0.1961638237111488,-0.31340803595201944,-0.08417033459895558,0.20266070350216936,0.04907919343884822,-0.2616289087470273,0.0414732845034661,0.2254620574315492,0.11098848448999572,0.41873912966109283,-0.1483414948086939,0.3236111111111109,12.00984232451211
7,7.62870855407266,24.4906558173217,50.3268186937642,45.060797702791,39.1436227737498,34.2230846446431,47.6231710550212,118.786907806513,42.7456249583264,43.8341829629108,59.8915475501996,46.2550183500165,29.3202426440242,42.3815630601938,36.090797897745,7.59172990450039,15.3764345700189,14.6582248686242,-33.2988177111992,-15.8294640127095,-13.1010206570817,-7.38208272414071,2.92960479903748,6.52099828709818,7.15808278728249,3.98722511518842,2.36476594881322,1.24218880771117,6.25760502165916,3.60053516216635,25.0757692349129,1.80489722770221,5.09140059081443,7.58110789074367,-10.1242229221166,54.5025572928617,-12.4091092373005,-3.06487930519468,10.2015193373755,44.7212768946802,21.6255579663095,-15.2772171298928,28.1663894599632,-30.2517906481139,-0.385272859237022,-10.1471666712375,-13.3231549794883,8.83224964604572,-16.8346250725317,-28.9507678974998,-28.6295053724772,-77.0818567474968,-63.8173901855798,-49.3328488836261,-5.44938921872971,9.13107840849255,-32.004350412921,-37.0205077011009,0.12080959535151906,-0.47869659917052604,0.027522027226154662,-0.06992677431333284,0.05115844458405419,-0.3637300462382835,-0.3110791415640874,1.6896765628118122,-0.24868443779493227,-0.15760936570455436,-0.08483012107380607,0.012469008651960007,-0.16776291107811686,-0.012915522290419024,-0.06347330532206026,0.11477859127493231,-0.09581065542049523,-0.5855288000808393,0.5479037063112072,0.5026457085031273,-0.14131583269817816,-0.037792584264615556,-0.059162901600911214,-0.03354541705610707,0.0024672380699982477,0.08489127399790654,0.002339050032334648,0.000320551018452647,0.13375960313195642,-0.47256280382648636,-0.30841715796515745,0.26061312668922826,0.05327696775969596,-0.10171753319118251,0.06949244824968451,-0.40339490051879084,0.35720697919929,0.258175070350323,-0.04507541099626223,-0.07553126664834621,-0.20699397312820603,0.22509571497669606,0.13848681762593817,-0.017545093985847388,0.09417185747493285,0.06124123192603951,0.4888241116828258,-0.18518160922103558,-0.15817767089968607,-0.3738243480863275,0.028389727129884242,0.5409557225025765,-0.29043956005052995,0.43163328185199806,0.00035662230238388384,0.08725039597739516,0.26061198200570695,0.011330048582084081,2.440833333333333,10.89848190375675
8,52.6634620525745,12.9975472341077,42.0251291223963,76.607245459458,82.0700732679692,3.18411119758495,39.5709004236586,42.7456249583264,170.312290948276,85.9380972909068,94.7783006327242,74.1346448434996,-13.8740922458456,30.0575830192907,58.4439200015461,65.0769162614238,39.2545131619992,17.0214768419759,6.27079306126428,-4.7167091037163,31.2762247261242,36.0562365222279,36.3076773303969,43.2017439961202,46.1705616076565,42.6298793456073,7.62528746504812,-12.5333649401562,22.0408011934001,5.57013806243082,39.7015223769384,7.09267574193332,39.9448182578508,-36.1374152750744,35.0848502656039,34.7162444913702,-2.00353156926797,20.8041552269737,24.597561909866,32.0549351027159,17.4419097011986,-10.3689896412678,31.0734026374668,-39.6493278888688,49.7900139816831,28.1191260205739,0.705692711669304,-2.68038313295976,16.1245531479565,-12.4355379583698,34.910854473174,59.3845503569709,60.7786013979248,30.3952050690504,54.460840112303,14.8524754997158,-20.2689264065653,3.02013573703685,-0.05131797720705541,-0.03368907874663963,0.08344116743632299,0.017183744865649542,-0.15037480996989477,0.21086944493561033,0.07213701930691523,-0.24868443779413266,1.5967274788067416,-0.04951691077342404,-0.5414359816745228,0.11668373932691549,0.20263298931632254,0.02814248822424974,-0.24975894734283155,-0.28652230141223595,-0.08874228189637062,0.3993021851875459,-0.006856835843863064,0.5073426938001719,-0.07517004252236437,0.04092373306088759,0.18071311426368747,-0.08786581592449814,-0.48120130855636406,-0.757268645399538,-0.012176314672417188,-0.004069690994421868,-0.1932987070970444,-0.3039487598665449,-0.4132507779756619,-0.09910271384884102,-0.20369406089445002,0.039277482358111064,-0.05172058470450628,-0.15591866654081757,0.13871606810252712,0.06708389250492174,0.3553730436382992,0.002022401771131621,-0.020559878910777638,-0.09306139698486927,-0.10354833445443082,0.3550127757262837,-0.189236842441812,-0.029622221131457006,-0.15897588608462618,0.21865241128554452,-0.0488071009330691,0.5333889821192674,0.008110548664491634,0.024376721563059735,-0.3137521793350798,-0.15017330089655834,-0.5447029837395896,0.4097253599352504,0.01351977710122012,-0.21250875080397044,3.2741666666666673,13.049991990352938
9,39.4327675774081,17.3046271831073,80.8220592509428,36.8513772672217,45.6679128282752,5.99039292463987,63.0190112276942,43.8341829629108,85.9380972909068,150.046668981481,92.5431178217366,84.9225713981204,-0.16134300793373,54.8705599959291,46.5870080009854,37.3595923787877,23.6474364494781,19.378396422154,21.3098607191351,6.16997270429134,17.9447110943394,16.2801363979112,16.8017105098695,19.8340368345949,22.3335478252903,19.0256102001719,-7.15296358724877,9.88023399358607,20.8080398291461,4.56035308006101,35.4488105349919,-0.167257646026438,-7.49955155593204,-22.3526164137846,11.3524652126979,33.2487572900897,2.44743012843278,11.3457645309265,25.2705293090261,43.9058302409756,15.8401703898012,-19.6406472513303,42.5924382307713,-13.3394578384541,9.98509040699155,19.0940398239117,2.31094783883921,0.394540266714761,3.32601265945794,3.76874427930605,14.8845359494758,36.3426001954286,13.1090400713362,15.0836441589591,29.050204447592,10.5190573887566,7.85515538717889,13.2480783607674,-0.32247534341789486,0.1257470534163699,-0.31138459885079545,0.37176621522753023,0.13229012088213332,0.11768555858248107,-0.350597471055728,-0.1576093657042348,-0.049516910773294266,1.5278965827686337,-0.173490329432346,-0.6168003423255989,0.14605818221595449,-0.2599279808809484,-0.03630406393235466,-0.1408998270187322,-0.06149229594623247,-0.23607494609854776,-0.03269560224325613,0.00991553857915735,-0.0009528484559324621,-0.02484741156784874,0.06806076611581856,0.13269334262314686,0.034223021960695044,0.02880416628848325,0.14222547868143742,-0.36710978889538953,-0.14975526118180627,-0.07942225798024471,-0.3018781760035103,-0.02224865949009245,0.27097638917875494,0.6918977914464414,0.14099900704776835,0.0011424399823892295,-0.31804023814579757,-0.08333033419743793,-0.08260284622314296,-0.1872480637418103,-0.10417361354380317,0.4320650997537407,-0.37505380895610246,0.06921332075370945,0.10278582236391626,0.18714626757123703,0.023445794400384894,0.15497029031886914,0.2540494056741586,-0.31891650119546744,0.03220419473337905,-0.09325976335809551,-0.03150442327824861,0.0030503435227753196,-0.006423649230002079,0.12060155975709712,-0.31400980681449003,-0.4806995513716301,4.813611111111111,12.24894562733795
10,61.9098367297309,37.5189606360541,90.4625248130278,135.25750033803,116.574361374392,21.8837065704152,81.5540450773448,59.8915475501996,94.7783006327242,92.5431178217366,168.915601284234,116.131951075257,17.8160451747693,66.2763930969318,74.6878324057793,70.94268678631,53.6606962057792,42.5993610226572,27.9371019099145,48.9021735194619,52.6293174733627,50.9225343542751,51.2937612369063,51.636952207488,42.8067174539467,28.3712289609316,-7.75864996683652,-2.95843210365526,6.71009338755623,-18.5012531065982,24.5477401960832,20.392920030982,10.016385335102,10.1063506188881,33.4639645895912,57.0491448074249,-6.61937440660341,34.7946265038739,49.7829084688017,54.0303087197621,13.3505049466392,-6.41759233251634,43.944322002839,-2.46700518662488,42.0462956710787,19.9059465231297,-1.56406955309565,8.80018037344634,6.45264852268488,-21.9756232646276,39.7387213096814,17.9239748827293,-2.20364065790523,-22.2490762353249,14.5479051512261,16.8544543818238,-10.6351398806963,-33.0578857453607,-0.011215268700625855,-0.02049032977414612,-0.15495727300684423,-0.18724796404425623,0.05071303575790237,-0.05637176696255803,-0.18582580359735312,-0.08483012107569712,-0.5414359816735173,-0.17349032943263415,1.9580402796038896,-0.1627477313970595,0.06296020616452137,-0.7515955650411436,-0.17357506059664152,0.07794749333986072,-0.1645640656906409,0.12424590100727821,-0.32273628643308544,-0.240383723855061,-0.24209596999944105,-0.005816147800684174,0.22411458555187655,-0.09510383171901708,-0.12121686065939788,-0.07769969201844798,0.13808826132232013,0.028269019538078335,0.0637196223045295,0.27672712319725634,0.3399216203199882,0.22827596951817478,0.47394343153487245,-0.2614500929458671,-0.2718371223453375,-0.142273718368639,0.041582943164652525,-0.09842095599218252,0.023637072356567455,0.024972037442812282,-0.27270011566294305,-0.0326388058207513,-0.2170246736289155,0.05218684152267692,-0.5060146787257054,0.229580159880764,0.10226768271835274,0.18099373950828188,-0.04725706483285916,0.2021524346099173,-0.44926149311155716,-0.25063739905097177,-0.05447392728050595,0.7131939850136101,0.38369063863282615,0.0006180724240803498,-0.263504275455531,0.4300021078720532,2.491481481481481,12.996368773016346
11,28.6608055575765,43.5625118803514,132.512699416723,157.301727252076,154.017510597616,24.0469148417263,53.094284664296,46.2550183500165,74.1346448434996,84.9225713981204,116.131951075257,160.832108734213,41.2705636744133,39.8089826575161,41.2648503250526,49.077908467573,49.4705750403536,34.4695578570202,9.75985693172747,9.45533536102195,3.36165894835737,2.62222464005808,6.08016235326262,13.372219091855,17.2377360987273,18.1582969579324,-16.6689166571481,-9.57416012787716,3.21226280990483,1.65556104223028,9.58917455457519,35.2702200546481,9.05968270503682,12.2170225093653,50.0301259964326,39.2834147979089,-0.0843555342977897,30.4031507303125,43.210180156698,75.9646880110411,7.49460215959041,-10.45606994997,34.3962845374141,-5.39786335246759,28.9039508059517,34.0698497549006,-0.714729982933149,2.2267142256322,37.7960503571487,-26.0133376714355,67.7216607393091,20.3975490852855,-11.0773091560942,11.2027887400098,33.5758005526592,33.8919529744759,-7.62486170482523,8.05720655425601,0.18227989367170863,0.20717297448044703,-0.015510501889500712,0.054917409192173604,-0.5718724863792093,0.1599849338622159,0.00653862864781699,0.012469008651735156,0.1166837393273922,-0.6168003423252596,-0.16274773139754406,1.813214894704628,-0.24427358187596804,-0.19661818046717197,-0.07256662561848466,-0.3103229371251052,0.006011950098518067,-0.13882200712691542,-0.21928796176448587,0.48965119931319173,0.3168109027124347,0.024037744654699364,-0.1645120777150741,-0.042881507689275476,0.002751444727454121,0.024465519129969134,0.4048544602979273,0.0033532381491233406,0.027756053040534905,-0.03939965463254237,0.22933432286123337,-0.21631375350366855,0.010362560529349047,-0.19670926839445954,-0.4028653134989706,0.18609324067907285,-0.26636521555855797,0.006168493805240643,-0.311069152723209,0.04892498730354532,0.02602337737887727,0.40654709129505073,-0.07162824096002515,-0.2771541865657595,-0.029985418010233196,-0.2728690920367546,0.11881842361568395,0.11648930642045768,-0.06522021982949684,0.21528770326825966,-0.47399538848785944,0.07625573962531858,0.2578523014997151,0.14147243604329635,-0.26608383109345646,-0.4980938089185037,0.4641281720227162,0.049838366059847206,-1.1875925925925928,12.681565705156961
12,-21.9362899105371,19.0951859258736,60.5141785167824,40.2950771154866,29.233493776607,15.9260574786547,26.1744151819989,29.3202426440242,-13.8740922458456,-0.16134300793373,17.8160451747693,41.2705636744133,77.048904853129,26.2712082789985,-1.18009224454956,11.4778365301376,25.4804080180507,12.5942239516864,0.0546221962448767,2.06403124720395,-10.5313417190523,-17.9977707877908,-21.3993570522333,-14.4723918861171,-6.92119320303004,0.987392872718716,-7.82104247280482,-27.903248222745,-13.6436341547945,1.82282577826713,6.21338435153525,21.6204575924204,9.35651499239474,0.193430085706766,-20.4317897258963,21.3651368014094,0.81885993299425,12.4457358814508,21.02070121878,-9.98857352614484,3.21966285691307,10.2238226583123,-16.6927042541756,2.03449856617563,-2.10230287202116,5.85119940242015,-11.2543410293051,1.64080423225447,18.7709232333455,-20.6828220464034,23.8182453302659,-39.3687952768901,-36.0707698142684,2.15850744077994,7.30682030743667,16.4341835878756,22.6671608649104,-9.32737657824021,0.25463596106874614,-0.006505798057073786,-0.45413420059145304,0.019966202481319785,-0.019561946930550668,-0.2531778845831948,-0.0838515041102775,-0.16776291107777688,0.2026329893161441,0.1460581822154637,0.06296020616395072,-0.24427358187624804,2.1252070795846034,-0.296342203873768,0.08411865131985974,0.24159977973164207,-0.31998527999478754,-0.007329076583805638,0.2425580194805519,0.13035044107746546,-0.32863520304068683,-0.03519816051776665,0.14926019514665487,0.15364502051650578,0.01972462272896386,0.0035283953682096842,0.01998839859580792,0.4545558926570236,0.24760487376058615,0.0594268626820089,-0.03941295836187583,-0.5691838883643987,-0.209687889794963,0.28203993561076734,0.6638310203666782,-0.05390292030600718,-0.11687552462364223,0.029908161967580393,-0.3435355189708099,0.30542240613362215,-0.11998277140260812,-0.010004564125706293,0.2590800695195355,-0.12526065811790002,0.47276792299500403,-0.3081968101569062,-0.2947134682478068,0.28066126989087675,0.10163219696895721,0.49475669726939225,-0.3842307721556602,0.07935837298732185,0.00443875608162035,0.06214134309850704,-0.17031888478506316,0.019979860031546816,-0.1756041329828138,0.3226483978393595,-8.586111111111112,8.777180917192545
13,-13.5711881907758,-1.02641907954487,13.9251679047268,7.76338700774051,-13.2851439201706,10.6718085498602,57.5426797688521,42.3815630601938,30.0575830192907,54.8705599959291,66.2763930969318,39.8089826575161,26.2712082789985,81.7162592592593,38.2627384077234,36.3762182948209,35.370710509798,26.8145435787082,22.497087587622,13.8993647207849,4.61739666064652,8.45911879742008,14.1257632591086,16.2804688330818,8.57002347888336,0.0355016472900068,-7.11596439578754,-29.7450438227953,2.3091335162785,-6.15804258749753,30.9726810838965,0.570961770403583,5.51356662302938,9.31520324739985,-20.3680044664914,26.4418306420454,-2.53901837333489,1.30601145779076,17.4381426950867,4.12472150089575,8.79038796604383,2.4050937485917,22.8328937889608,1.68412343891389,14.6306399381719,11.8449801241258,-8.02306961357282,28.229628904655,-5.40537601053451,-3.93968346355252,2.3356172114479,1.5357232676741,0.114158506920185,4.62764519216288,15.4441656868734,5.76317096551971,3.71658324077778,-14.7584103632936,0.18223321677695595,0.38483773912607894,0.03204234280098578,-0.01256273003627232,0.2845216507399883,-0.24550780438264283,-0.07913706942104852,-0.01291552228953093,0.028142488223150214,-0.2599279808807259,-0.7515955650415241,-0.19661818046727894,-0.29634220387474797,2.0594953148415667,-0.08708029374447292,0.3514744954590213,-0.30297157539516206,-0.1620013577080017,-0.3355712739891329,0.013222278157739431,0.3523180213295549,0.17026871024262888,0.012801092482252906,-0.3756214585572212,-0.052785771689911415,0.12587834933032468,0.21892429873956587,0.3338463457233888,-0.21969188127259634,0.11975614265480705,-0.32149942252456476,-0.02289677321940879,-0.034472536738330756,-0.19677132765823355,0.16399131318811178,-0.04711794531934709,0.4418471710561875,0.3761583834726112,-0.04189871978215682,-0.0231298124052215,-0.06903106949859428,-0.2065469997565242,-0.11647660907326778,-0.3086146277826313,-0.13965685364559471,0.3221873238800183,0.1317584759717567,-0.26571274784563903,0.3705663461309252,0.1915841912221496,0.3252210131644359,-0.07102703987406896,0.05639547718790454,-0.5621411376495836,-0.17151524983299027,-0.01910747581473487,-0.13702288798085818,0.2532173969540497,0.9311111111111112,9.03915146787901
14,17.1615474112782,6.52669049181187,24.352358252921,56.6617087187374,22.8843477376387,-1.10220831588843,41.3876459338946,36.090797897745,58.4439200015461,46.5870080009854,74.6878324057793,41.2648503250526,-1.18009224454956,38.2627384077234,118.50462835249,135.708872083679,48.0937412136054,33.1651026963983,-16.5414916048102,51.2764228098864,58.089900369173,54.9690930995233,53.368053952906,42.4432981771745,26.1418042491925,7.83768669185916,0.751669314583709,-14.2605836575267,8.26679522038467,-19.6883046232713,31.7688311424393,5.4691884882408,13.4193127376813,7.93702488053528,14.8310677114909,30.6060114131483,6.68712954078182,12.911264580809,18.8607893647136,-4.93283754750213,3.02477514568203,3.19269256742003,22.5002652230556,26.6099886579125,8.18999518344639,-18.6382889611124,-5.016193301553,-12.2404252851224,-22.7716051077585,-18.1172578884911,-26.8452325958763,-14.750667997514,-22.8387758869465,-6.25125489999649,-7.54502630321133,-6.84318047459467,-20.8078337265224,-29.5105803280478,-0.24282730417570506,-0.4990572166963242,-0.07668335377424311,-0.03939196871250623,0.23265787050906506,0.12062771771387336,0.16973504495601038,-0.06347330532115196,-0.24975894734290338,-0.03630406393208787,-0.17357506059570318,-0.07256662561832163,0.08411865132024218,-0.08708029374513551,1.8723220443582727,-0.7345985969852956,-0.20543218738755029,-0.24670359019275817,0.13625233087484875,-0.006536350656423354,-0.35982992287966575,-0.04930529036498799,-0.03276127256915717,0.13120561445568457,0.256188591108848,0.30745080137846337,-0.2110149235366816,0.1742351208449495,-0.0075849933449766115,0.47371945217203676,-0.26455263088880543,0.2109076383394819,-0.05176364282288267,-0.473074054639384,-0.24895134534188318,-0.21704007180955462,-0.33080960221193645,-0.014862024148447228,0.16361501548148594,0.12261823278851414,-0.1173420715360371,0.08701611027713446,0.025511613985497526,0.07579422018268504,0.6506156240555026,0.17975826518650911,-0.09588667255209388,-0.03654975498855583,0.4377268632335017,0.18486915515882366,0.2343445325487277,-0.14910413683859172,-0.012101316904922561,-0.16896434104874394,-0.14152788080395942,-0.48029324187287986,0.2060145539813831,0.08023142724187698,5.215,10.885523797800932
15,-55.8420862156871,-31.7724541298169,16.5294380113699,102.204089223962,21.0143596047778,-3.01661187810507,70.9368581958046,7.59172990450039,65.0769162614238,37.3595923787877,70.94268678631,49.077908467573,11.4778365301376,36.3762182948209,135.708872083679,280.090548011463,87.147777725761,29.0579842558026,-26.668355874627,80.0627284559158,80.5175266095788,67.8515673909381,57.9164857310717,45.9657549753358,29.3010691610338,11.9602129444021,-5.33368401463541,-35.778708769699,-15.2865692754918,-31.1107688133315,31.4357502109414,10.1091549007181,24.0199435286982,10.8024547227631,-23.3778387472704,13.8231478572146,16.1978202927812,32.7207859482839,30.7822532782976,-39.8323734422186,-16.862926496146,24.4384486178878,21.7406153740295,68.5357989619978,30.1113627426656,-9.79168750939539,-29.7914231326046,-2.40643324500733,-2.82273223425713,-22.0596496490869,-29.7182495418809,-1.3021679876564,-15.0366707913351,11.6892980258338,-14.0989195744471,-27.0601242111681,4.63903283656019,12.3930289829752,0.2140862757105707,0.18556190271556416,0.13090873629984395,-0.17504157663003198,0.059625693009181184,-0.022031759997240555,-0.3582268307552995,0.11477859127518726,-0.2865223014125867,-0.14089982701908682,0.07794749333971283,-0.3103229371250876,0.24159977973105584,0.35147449545907866,-0.7345985969849903,1.087664952252864,-0.12493139092439608,0.11246003768770231,0.1944490762213979,-0.011977257912702396,-0.05414431597378611,-0.05959829834826547,-0.05597144904542335,-0.0077504374014547035,-0.0161246942805113,-0.030686087703794607,-0.015391903945042945,0.1539629771480969,0.2942139130869857,0.08511574710551244,-0.1766039405624224,-0.015626345179830144,-0.05132425547786308,0.0417687380433944,0.4277898205956973,0.21311392917400013,-0.019399982635004333,-0.30281021265726143,0.115199083671744,0.09399656037491512,0.30428857160466155,-0.14416725280806372,0.15991646430843715,-0.37990049389648595,-0.36776213666167956,0.05750096369625609,0.10238150098139083,0.0781555614289145,-0.17638229367429592,-0.18850452271710239,-0.025548307311651922,-0.014994528329271055,0.40455093687803406,-0.13568935906529583,0.12463432960487462,0.14146772063930568,0.0399548353822815,-0.026129618642962617,0.8319696969696968,16.735607189805293
16,-12.8271630097355,19.4933999879403,40.8660398534317,90.623725039661,75.024383202645,3.40165847787799,30.7690732667476,15.3764345700189,39.2545131619992,23.6474364494781,53.6606962057792,49.4705750403536,25.4804080180507,35.370710509798,48.0937412136054,87.147777725761,83.6755562272557,55.2108731108072,17.9026479717614,41.6108094602071,33.16623809076,25.3390158780206,20.2906731295636,18.637723592512,10.5991420421756,3.79355040748317,-6.33285343654981,-45.3324058146068,-6.05952966558234,2.88397115508615,14.9355070240665,19.4850296292219,27.2982564670245,3.61837101081107,11.5747183488028,26.3877567698724,2.68078485372643,25.4031499189714,19.4037139596909,32.8399215517865,2.37378723333229,17.2075611898193,13.3016948858561,26.2055952044053,23.2571490796098,16.0338628526858,-1.22177600866242,10.525803536781,32.977470334094,-1.11594718581805,23.6229007408846,35.9999489672474,9.7992939021792,35.3463346895958,9.42343762017851,-11.8731807149291,14.0225430836172,16.2148737612098,0.46175312502344845,0.23645676806666188,0.2843620548640307,-0.11657042741912363,-0.4857088003936257,0.09067692942042904,0.061913637183850595,-0.09581065542046326,-0.0887422818967742,-0.06149229594670155,-0.16456406569118862,0.006011950098051237,-0.31998527999567833,-0.30297157539543373,-0.20543218738610772,-0.12493139092507873,2.9356197670413877,-1.163630199227767,-0.04336023142575603,-0.26556257488854085,-0.19856308764536876,0.008465486301068512,0.2661232532113561,0.00887993733492768,0.10176014601433216,0.05201007819209651,-0.17257303085248707,0.6356219175605682,-0.03088352927145996,-0.060919707591204235,0.055025683090171654,-0.08086787934744707,-0.28895344963777486,0.17380551768008667,0.04676132106691878,-0.31823463180006467,-0.05167842633964448,-0.2787398979995111,0.05754134474686271,-0.016043931725887858,-0.14864423231277804,0.162083155888938,-0.10269875789321356,0.04339255383832764,0.04357629727345748,0.15703169102257641,-0.016383103423704276,0.043193456009859216,-0.4801805290871844,0.11395762443764877,0.22130637493463343,-0.21502294954865359,-0.08807161414142504,-0.3499519640063445,0.5767318843542147,0.38816567727958157,-0.057244438383252036,-0.03634423108060629,-1.6223569023569022,9.146887789147504
