,Cov_0,Cov_1,Cov_2,Cov_3,Cov_4,Cov_5,Cov_6,Cov_7,Cov_8,Cov_9,Cov_10,Cov_11,Cov_12,Cov_13,Cov_14,Cov_15,Cov_39,Cov_40,Cov_41,Cov_42,Cov_43,Cov_44,Cov_45,Cov_46,Cov_47,Cov_48,Cov_49,Cov_50,Cov_51,Cov_52,Cov_53,Cov_54,Cov_55,Cov_56,Cov_57,Cov_58,Cov_59,Cov_60,Cov_61,Cov_62,Cov_63,Cov_64,Cov_65,Cov_66,Cov_67,Cov_68,Cov_69,Cov_70,Cov_71,C_0,C_1,C_2,C_3,C_4,C_5,C_6,C_7,C_8,C_9,C_10,C_11,C_12,C_13,C_14,C_15,C_39,C_40,C_41,C_42,C_43,C_44,C_45,C_46,C_47,C_48,C_49,C_50,C_51,C_52,C_53,C_54,C_55,C_56,C_57,C_58,C_59,C_60,C_61,C_62,C_63,C_64,C_65,C_66,C_67,C_68,C_69,C_70,C_71,Mean,Std
0,11.4575095785441,8.34887435341972,3.80638484096699,1.23446335681616,1.37570586553415,4.39520259150131,3.75088524200028,3.79703723119306,1.47985524820153,-2.07927296101746,-4.52934772780016,-3.2436909658884,-0.744914113976334,0.71825697693888,1.13245321624958,-0.58963451564356,1.01870828197802,0.854436070945576,-0.355695758791553,0.360521722025154,2.00456333975526,0.393139695602896,0.591127605258745,-4.39545941055355,-2.34517660925276,-0.854826565024311,-6.10870797774333,-7.50544339999765,-7.86315863935715,-7.30022344253026,-7.28884860430703,-5.78365560436864,-4.16083317658661,-2.06641414157977,1.85358866180173,-3.09042475970348,2.54270835154951,-1.12665955333449,-5.38527847951597,-2.2171625976885,1.0053752792973,-0.22742191579187,-3.51887392030773,-3.38416403494156,-3.66861352081943,-0.184105234483691,1.82972096055526,4.19839729170729,1.77921290837448,1.8092020526995543,-0.5571517353553568,-0.301282553316071,0.3141955020620436,-0.02624374027943511,-0.07214572021547785,-0.109970650014322,0.03890459965292084,0.09698323627483972,0.3038318054216947,-0.11422191590817869,-0.12137570035629591,0.0744425925870803,-0.12375148762355831,-0.0071891607600028835,0.14056727910046954,-0.1674147267921234,0.11208427201005207,-0.11540526707151208,0.19325144301559832,-0.09512494228584112,0.1456190964103735,-0.10785395817272868,0.311261164946467,0.5620194005829187,-0.23622165566277953,0.17290481678200764,0.3980267196043702,0.07798044403909428,-0.11726687504018624,-0.00914939204906152,0.021422604003866873,-0.23881482371387086,0.1441009586558939,-0.44560189075080225,0.19967964206018696,-0.3574402099056497,0.08144815619155708,0.1581213691437902,0.6311389813884726,-0.09378771825429315,-0.36928450994345263,0.12332410415886846,0.10566602476063564,0.12309791913038318,0.09696100063657334,0.4920509583453422,-0.4045934692342478,-0.025143415166427544,-2.225,3.383416849657172
1,8.34887435341972,12.9715042305236,7.716300424273,5.47081902148732,3.46131273928856,4.80206991962684,2.99934881534674,3.87348605638749,3.93676673025952,-2.53872049610534,-11.0899652955028,-8.70913436491794,-4.21096294204285,0.598201438170699,-0.0194653646787876,0.485207392819518,1.92882927835708,2.36320953050049,1.54002856796906,4.73960019632717,6.63111463828272,3.92730233531626,2.1909870362684,-3.12935096851858,-1.35225900486192,-0.0757718509272611,-3.53589002860378,-5.01333265969974,-5.06146607161523,-3.76108725651243,-3.24555585380267,-4.33779606745503,-2.30905378665568,-0.329288527073521,2.01250952710438,-6.87852087607447,1.52350031434054,1.44364429064294,-2.84502560836647,1.94348474306708,4.49918263196858,0.929294278933118,2.63876780798086,-0.418503332647559,-3.20138682193354,0.526416497745891,2.80111533440924,5.71211148185709,3.54164905653168,-0.5587703020911664,2.4638008477621427,-0.8879393135877496,-0.39583263390687345,0.2407753890455277,-0.3146727199805027,0.07594865039145737,-0.0054287955236402485,-0.10301216803782182,0.3213318028357785,0.08132501558885342,0.10050993814200361,0.10924888236306571,-0.30489842890007457,0.0454516443112839,0.09657762576736735,-0.06345841743184003,-0.4104564099364637,-0.5660855157486131,-0.508954651640499,-0.19319735350986064,0.11606481699233538,-0.3244009683252359,0.1557414220324993,-0.09129759058688412,-0.13537537274637088,-0.04622370037407787,0.04472786553124633,0.03035048744480037,0.08032090020406327,-0.09003890646107862,0.26579468958963337,0.24769632898432248,0.028580361508945665,-0.08017196618245685,0.28089633542127884,-0.02546243902580072,0.10843740327443974,0.0353029678077053,-0.17596181142087194,0.12698725266870403,0.5057078637022682,-0.029318844897042524,0.15227809830110728,0.1050156783239205,-0.48775374881033096,-2.1243495579788246e-05,0.0038916359496032806,-0.44578685817760455,-2.5013888888888887,3.6002089148441967
2,3.80638484096699,7.716300424273,9.2129374201788,7.32325309489812,5.27811086951673,3.74892451175788,2.16197623902933,2.81623158508079,4.57933781251628,2.93327392349183,-2.34336528466628,-1.95417387024989,-0.198403577214762,2.41938253162656,-0.228964621229212,1.82794393249614,0.637363788697377,0.516555953129385,-1.28638601064422,2.52583956747328,2.80803304741596,3.13472705018581,3.21351027281549,1.03630781375986,1.42115755176516,2.80318970180827,0.741673471777858,-1.44701382944026,-2.60755556641375,-0.821568037664604,0.118367978639177,-1.10285834118251,-0.129005916175634,0.553991729039779,2.02114914137828,-9.86448811442892,0.19247204442278,1.69222780781081,0.518376267084636,1.70778329743453,7.13727571871874,4.09174396048957,5.0862943604835,2.78128099761619,-0.654881005516161,0.754175991322213,1.7310338295078,2.85023923159377,2.52755508544919,-0.30298186680733075,-0.8929178346212431,1.9772037144144547,-0.6096982073615171,0.007185532578976867,0.06774339860728625,-0.1786663151839539,0.25514692724608184,-0.20881984427525285,-0.32221963547628185,0.16916201437081052,-0.08793163090340997,-0.16985723509848213,0.3132803840844722,0.3933259014480244,-0.30850128871513466,-0.3313939725130195,0.0949099382946197,0.5282182298192282,-0.030256581045838407,-0.09104589153984538,0.038514205763114276,-0.0026797538318315706,0.13465404181192484,-0.3779368906422917,-0.05232001104370725,-0.011874153281602216,-0.02954535516686438,0.12053654648504725,-0.23340327717750378,-0.03380662745400435,-0.1579368112261868,0.1250604994613698,0.04366547751196614,-0.02398143843274761,0.06936266741195252,-0.05917214357810067,0.11012697254037342,-0.1403403242203051,-0.2255648426814223,-0.05838194582648099,-0.44382430398525147,0.3203941092451006,-0.13136034845533776,-0.05109220333071063,-0.02195005923861126,0.04059789593403061,0.42307656891369605,-0.10975072046633379,-2.9138888888888888,3.033634358352832
3,1.23446335681616,5.47081902148732,7.32325309489812,12.1712966954023,11.2380015753276,5.89259701218398,2.42760648544389,0.763989141666226,2.2038496777203,2.17692435694852,-0.914151455239697,1.74717112178622,4.83987032432713,6.26691658899429,2.79358379616107,2.95337090024885,1.87772392941751,0.685291327603992,0.36063562277115,2.93007699414268,-0.604712918054137,3.76969196337883,4.86401788845241,6.87041214680301,3.33245663587292,3.50616916269161,1.26190758150944,-1.0704607240242,-2.72489815121732,-0.336146106787402,-0.526651296221715,3.08434069362991,1.08795144060502,-0.430046455472792,4.0057869159694,-5.31741799073707,-0.313158276853782,1.0051662529392,-1.43191841162819,0.865749616630291,5.97808354280313,4.46440897443188,9.92074766661896,5.33334102786847,-0.859616230678673,0.0077715248360137,0.344063972302626,1.76265958395366,1.92140010263209,0.31507162295941643,-0.4032568348366789,-0.608969513278623,1.8778629097004358,-0.23298994701215828,-0.3697103602778519,-0.15491538811657352,0.07535603088527058,-0.00561034949979175,-0.3166978700783053,0.2101627953436048,-0.07406008755009454,-0.02903131502405795,-0.5262764824516031,0.19533754602071027,0.056210129484397756,0.3447195625978313,0.08965441391427044,0.030159077955633107,-0.01562475487834698,0.18424599515740264,-0.0011084194906429354,0.524397597794601,-0.3520635629569988,0.06859393799541486,0.14411210817434988,-0.21396294534557322,-0.01267216876530007,0.30960650723973904,-0.12832499902316236,-0.1688661757235878,-0.2450303064637669,0.2480960711618878,0.18116421022264853,-0.2076031503729732,-0.11322014345568758,-0.11531648757908443,-0.21614488296920356,0.34980928530784805,-0.03390552784103792,-0.009564309406446854,0.05412638872472242,-0.5228192704628738,0.1642677409858537,0.012419215071965244,0.11779020714746262,0.040038704441435584,-0.15312983572768787,-0.013996812406335508,-3.970833333333333,3.4873050763307614
4,1.37570586553415,3.46131273928856,5.27811086951673,11.2380015753276,95.8837946998723,19.5214993234357,-2.42139441835271,-16.2417340994734,-14.3852211704395,-12.8143275625804,-19.2298175612493,-10.402285501647,-10.3458428496173,-9.89512751243717,-10.0459611372021,-5.22135102517298,1.26157039701025,-2.05281247602651,-5.94040090131287,28.617102925585,-10.1075954188493,57.7173284101573,28.3856099279621,-1.00948460858732,0.157312240515758,0.405884049309054,1.26528613209245,-5.47349244698455,-11.7312720703513,-15.6609876234261,-15.6076208705903,-2.18511410729334,-1.90160577610607,-0.115470012173407,9.17018908358318,9.2636144635496,17.027839950792,8.29096770599021,-1.77457771980112,-2.14897845066561,5.22953863558547,-5.58042707943078,-7.48717866318467,0.0908646429812889,1.84352418179892,1.11308035288806,-1.10453940876693,-2.8150544656123,-3.91586165741822,-0.024866477934477833,0.24666668417825824,0.002725486514140289,-0.23366363691802042,0.6995757680804191,-0.27202427068338353,0.18794200237412267,0.4131053836919741,-0.1297841758953656,-0.11022376411268092,0.17082486847687922,0.04216757081012083,-0.10635741272642966,0.12054983028455299,-0.07958111570828204,0.09964514435848013,-0.11456886177866592,-0.031585893028177076,0.03000529160335081,-0.2996167650190681,0.4549361589972131,-0.3821877242896001,-0.25344068644428946,0.31444048566881194,-0.41250409755918793,-0.1326654318052247,-0.03620221384668258,0.16699060573518093,-0.07955192312482721,0.023284459903848524,0.044212562592396774,0.13013577813672658,-0.09223497844701257,0.0012245960882446983,0.0589335781406857,-0.03417402219735661,0.037635517595418215,-0.09320465328860747,0.0453128587077246,0.3007850807154818,-0.11180339687646944,-0.01580950981836131,0.009383399324118946,-0.00221418322174231,-0.02536558140699851,0.12653387595310198,0.08304217315207094,-0.1968919186594173,-0.12141905887741583,-2.0527777777777776,9.791516465791817
5,4.39520259150131,4.80206991962684,3.74892451175788,5.89259701218398,19.5214993234357,13.1634420675465,2.94736321655056,-2.64108283426014,-2.99929726750674,-4.15776723522488,-5.53233497515247,-1.34205822551695,-0.18302541155671,2.74690004998438,3.11093148461669,2.97984483749796,2.67508447021655,2.68656518401544,-2.46117880293858,4.2581436096337,1.71362774012312,11.8220159435391,5.54036758285888,-2.64824321551137,-2.02687307994588,-1.99978795367982,-0.0462894150610532,-0.980966866392386,0.300629404053434,-0.454910657543415,-1.49844554576262,0.954616389077669,-0.881077467791954,-0.772485871772818,1.58339977327431,-1.40065760857317,-0.250224041407781,0.894876329688183,0.326554627925709,0.582873330881446,5.16204409703159,2.013686118348,0.959272140382094,-0.559292460558989,-3.50559408787718,-0.685146439016281,2.06640987523696,5.1809584153064,0.587865390522161,-0.06639459256695822,-0.31391724984692654,0.0711880931842977,-0.37181760127328395,-0.2703758884856201,1.732672922889038,-0.2594829153002093,0.0151213480455896,0.24926657142624073,0.35098224146832224,-0.31392757442078295,0.13757885716385412,0.2612507018760035,-0.17383734384311564,-0.04388110604161946,-0.17231103420741128,-0.19993901237839257,-0.2606997634985367,0.5457557013767784,0.2356868013561964,-0.003888936234839086,-0.001985475268715846,-0.4219339746794935,0.01687025397489355,0.13695998064322354,0.32584714743341014,-0.0031203223363012312,0.0698965097772735,-0.007778916457128958,0.01966303937788818,0.04186223512137994,-0.3005351113975399,0.1653894716056911,-0.049273791833435616,-0.18953993444898976,0.0057504506798314835,0.8194997196162559,-0.08658927173500348,-0.007531361218003523,0.27006096903152077,-0.02313093217608996,-0.01589492498985986,0.09187941517703781,-0.005415029582974028,0.33729738901349654,-0.1499459089482653,-0.5210832549583991,-0.10605768087088638,0.1832822304757096,-2.399074074074074,3.6267674405104153
6,3.75088524200028,2.99934881534674,2.16197623902933,2.42760648544389,-2.42139441835271,2.94736321655056,7.55515862246346,5.11768247763901,3.81666232994493,2.66754480315812,-0.394033388593315,1.60814184799726,3.72928159242527,2.40219255279133,0.358335811860104,-3.2667570750571,1.45463279707453,1.6591039439442,-0.251121689555033,-1.88742613608611,3.47003888625126,-0.378186817170154,-0.154936503049285,0.343123376860758,0.553162097287252,1.23614158985862,-2.95900140398705,-2.46253931012378,-1.19197467434713,-2.01368183218001,-2.28224911824594,-0.678951749556761,-0.627857256372686,0.447568563402219,2.52006298489266,-1.68379020713173,-0.293288216645007,0.782906009177127,0.390159727392591,-0.0749142001222647,3.95578384784977,0.973151889845679,0.362311871967165,0.0760821537191377,-1.68326817980118,-0.423754723913333,4.12606343603121,6.30433171897496,2.05218484258877,-0.10809815665617128,0.08295570644130396,-0.17985995629656226,-0.15418084007843136,0.18764683866588863,-0.2624903717627606,1.9822347180720628,-0.5296946356755052,0.08080160009460549,-0.4017655128003643,0.45968926571829904,-0.35784404911731443,-0.1660432862597299,0.05578837632992674,0.05748292742628044,0.17803594546460128,-0.21415998638226447,0.030565854350992513,-0.03175790218177822,-0.004793039781796643,0.2419204667151736,-0.21596151228254257,0.1980188544361342,-0.023533446146523314,0.2672648090328432,-0.13015819459750305,0.5064289514165412,-0.07932472097695761,-0.23700196746571403,0.07453725362443664,0.05719304577151439,-0.1606503546581414,0.030476736755454422,-0.15217544476226985,-0.3608952758928735,-0.05101833024888022,-0.0004824038385903926,0.21701293681493966,-0.3410812360484705,0.45671669561066536,-0.269540017985333,0.4049831230197706,0.05120840642061204,-0.22624584675510856,0.2176361783781789,0.12078388353111866,-0.41095704726056675,-0.2926323629207959,0.1929086228052939,-3.8050925925925934,2.7468452126873584
7,3.79703723119306,3.87348605638749,2.81623158508079,0.763989141666226,-16.2417340994734,-2.64108283426014,5.11768247763901,14.1380514846743,13.0383292823251,6.43572091365895,1.06363443426993,-0.840049053610988,1.68443114482453,4.23719898540768,5.68839656437891,1.80644330277665,0.681183902400556,0.10743442245867,0.127975151183277,-5.33931829129654,2.46943067885118,-11.0037688413343,-5.73213565353686,-2.15041654655448,2.3598506059854,3.58156797571928,-6.41348310744139,-5.99105755435586,-5.99228960479358,-5.77615546052532,-4.7765680924853,-5.87406669896446,-3.63418712427957,-2.03908535667559,0.400798384649642,-8.33249585765123,-2.67244251933297,0.388493567149146,-0.541185226174013,1.07386476063141,3.49419157654797,8.79336775223765,6.87825266169323,3.85403196213444,0.785556724105719,3.34567318388214,5.81535447902602,6.4641744167394,4.10274408163401,0.03659510376917521,-0.006864086377121314,0.2607983528072734,0.07621285715435254,0.40889195123550853,0.015366773333644172,-0.5286730603163218,2.5430863112603195,-0.9699868007676704,0.03025501908061929,-0.062396625447252246,0.21282734691818778,-0.16974754163672884,-0.025570835563836027,-0.06781193585718871,0.15046906612040814,0.054242411042954096,-0.005321682882154869,-0.01162587432446174,-0.23148747837537206,0.27694812012284953,-0.13553518795561686,0.10523195335240478,0.30749825657974045,-0.04702996630872994,-0.6489631830418512,0.1180599671205165,-0.07926693163635114,0.03714859990438857,0.38192641196522276,-0.24913037316232048,0.02757766620041516,0.09354026486301763,-0.016990692366268066,0.00410876606528426,0.04192531738675023,-0.054850536652336454,-0.30292031773958356,0.5535959187078134,0.07184758857258727,-0.09838750440963434,-0.5361685578850685,0.015295405382973599,-0.055964009591780266,0.44936521465138596,-0.3488438325035093,-0.5484333973714391,-0.04398515612158313,0.01914187700976343,-3.6941666666666664,3.7587300361524143
8,1.47985524820153,3.93676673025952,4.57933781251628,2.2038496777203,-14.3852211704395,-2.99929726750674,3.81666232994493,13.0383292823251,20.2682168742018,14.3229385102507,3.95691830549766,-2.78835509398222,-1.92818375395896,3.01020759975605,7.38086149551323,4.65903848995844,0.763001992860233,0.305323839375992,0.409902446280607,-4.15519115993526,3.91609896757388,-8.11136765091006,-2.57018832743054,3.02434273920246,2.75917469126245,3.65025422698131,-6.62422052509838,-7.5858945575989,-9.42259158061775,-6.89598212219362,-2.4940267972159,-4.13023716563519,-0.374719064747028,1.11625121816393,3.36512774503433,-13.0391064848209,-5.30846776064843,1.35743125137908,1.70815851132708,1.39440000728236,1.20869260874841,5.33555682484179,7.97763549856903,3.42956067872829,-1.43984667973128,0.761296038890334,0.890321065386528,2.06939483451479,2.52191005795363,0.10334421900853344,-0.10300070367123763,-0.20354486759036142,-0.009704534512179216,-0.12388360253663125,0.2548551360004961,0.0791855375813019,-0.9680773005923848,1.8715869295920784,-0.6827588281957095,0.23593626006026774,0.09049166682045315,0.06439971653361681,0.09376671565749545,-0.30704221259785175,-0.003598468264692978,0.113727955418302,-0.18728330762429765,-0.0003468347895460748,0.29637060656819714,-0.3171167412365657,-0.12401706164965348,0.14730803319226857,0.00893407158570073,-0.3029245194649294,-0.09766405204524409,0.010557043845670066,0.05977490284804945,0.11245340421457242,0.2321735415958548,-0.1592750000659301,0.19300452043423377,-0.22994759048310298,-0.2956986217455076,-0.3058512477553553,-0.026121777444289274,0.6921583853253918,-0.1480070751255143,-0.06488705464011428,0.10689626132804145,0.08653253269867613,-0.15266915811508067,0.016092913278189003,0.1859382131530861,0.019617446479256173,-0.2831550605692283,0.3350194722082489,0.06533743258662311,-0.03695905294819496,-3.548055555555556,4.500912893425265
9,-2.07927296101746,-2.53872049610534,2.93327392349183,2.17692435694852,-12.8143275625804,-4.15776723522488,2.66754480315812,6.43572091365895,14.3229385102507,34.9138940417908,43.3428686713964,21.7702318334096,12.2796504169769,6.00538684707405,5.7541072456078,4.08596453300318,2.45236341877271,4.4146289647006,1.2600665761492,-3.1625056853398,0.151610015150527,-7.33255186153955,-0.0334432375979962,9.37991321409888,6.37173263917547,3.8575725174556,-4.40930754277117,-6.07805607835593,-8.60916566621517,-6.75683426915628,-1.39564035381487,3.07728591804237,1.45576105413423,-0.755620270544881,1.11633289903299,-18.2883848228241,-3.31194832602756,2.20549692784418,1.38455099172139,-0.854420522481878,-5.35388545709004,-3.34025312800627,-0.363235818302957,-3.0438266257754,-5.40467308673113,-6.83949988993891,-2.51006108550076,-0.892136109858925,-0.0719290292764427,0.29690061435746035,0.3151581431078842,-0.32413546709767904,-0.31600108016304734,-0.10888374859512619,0.3527001767246435,-0.3971625983982709,0.025680233045292628,-0.6818335154931626,2.0594842893475485,-0.8552431503766598,0.11218391795672081,0.17336785368452648,-0.00944840214589368,-0.033804610405316626,-0.08453331988522375,-0.2808427169401385,-0.13556129485943894,0.021061926877619305,0.05166863974851046,0.029688158489127214,-0.002237699834778177,0.3195639169438954,-0.12432262448969747,-0.09813106447742262,-0.005711044406538448,0.09439378750385946,0.009651874926210863,0.06863539092609618,0.2028759335422292,0.04193079155448929,-0.15910286181246544,-0.09180027293348926,-0.029417171601871607,-0.0862475751304107,0.602343782923057,-0.16664584999743645,0.06905481892533327,-0.3057970313513612,0.01575344055617733,0.15161562803764098,0.3085407445241645,0.0487417235644445,0.2615254878439253,-0.22037848629154724,0.4276008299446134,0.03362946123391246,-0.24058330399039418,-0.00012197356088226321,-3.5062037037037035,5.907951763664868
10,-4.52934772780016,-11.0899652955028,-2.34336528466628,-0.914151455239697,-19.2298175612493,-5.53233497515247,-0.394033388593315,1.06363443426993,3.95691830549766,43.3428686713964,77.9343791684405,50.1682903709094,29.8657804809774,10.1952283985186,5.9502362716689,3.77966594415322,2.63410660258017,7.8247273850544,1.62270589615683,-6.98740542576701,-3.45056592471856,-11.5984104552485,1.29786951421577,16.2043405999755,10.0002577350662,3.98863663407587,-4.21068401488853,-6.9232374289609,-9.07486640115817,-6.90693860729673,-3.6090778545782,7.27051041406195,-0.219160246526324,-5.45645684116711,-3.00350255309381,-13.4179964214808,-1.89275174145864,1.77606072152497,-0.661861838468648,-1.0154992181412,-8.75581356984685,-4.98933073234735,-5.77898471246895,-7.20646361178809,-7.74533162122554,-11.3952273489213,-3.69741961388268,-2.30597120837504,-2.00313877221133,-0.10884657348848818,0.08196698414092174,0.1661866489509487,0.2087749041917143,0.17236788882139212,-0.31133443028609553,0.46236459264345625,-0.05895787144352533,0.23786273185902693,-0.8561721198972368,1.152148008311171,-0.5860355117708849,-0.017354901506992607,-0.11115011176803838,0.1766605406270219,0.13526559366835744,-0.18360689946665537,-0.3087836387013338,0.05815341146802441,0.019618090209565932,0.16607778982110094,-0.0010199168677116138,-0.17777865165792428,0.010702389249655381,-0.2757740053832793,-0.20515701688151383,0.09852380261341187,0.12162323578099238,0.04124853805102741,-0.03896434302279096,-0.12739609483410952,-0.2432805994720594,0.16288785469343162,0.2182586248143026,0.08000768628153196,0.19861153036522955,-0.033668788015833354,-0.10027339890873756,0.04417720208614489,-0.002537829003124147,0.10061906604777698,-0.07747022887491656,0.034402967080942704,0.1761729133352296,-0.15347781567399846,-0.041022853414100495,-0.01432872841137387,0.033528272207293416,0.3578686214983986,-3.774074074074074,8.827478641630377
11,-3.2436909658884,-8.70913436491794,-1.95417387024989,1.74717112178622,-10.402285501647,-1.34205822551695,1.60814184799726,-0.840049053610988,-2.78835509398222,21.7702318334096,50.1682903709094,51.680800974796,27.7212641588568,11.7669552603487,8.34643612716113,8.5694065677006,1.75698323987833,3.99930644537731,-0.91039672795426,-5.96410659965704,-2.63288757597535,-8.79461120370656,1.23489975892157,10.9071014930151,7.18479297243204,6.37143777596027,2.17045839234569,-2.9536529336615,-5.74152240397896,-8.90399238493438,-14.7469501121223,1.43440044052862,-3.26932400218261,-7.08307190548244,-1.22931039589776,-2.57288277144919,-2.8932261028906,2.75877545530593,-0.515698886482704,3.4102259811389,2.69128313778631,-0.430740569927356,0.036483689863108,-3.37775534491484,-8.92708467133515,-8.75083351877661,-1.69001469516558,0.747506029636709,0.959788494363491,-0.12397200520666882,0.10700834750210253,-0.08597284832753722,-0.07627128428959258,0.04216065422595789,0.13824548398307102,-0.35800804641723655,0.21183674861744875,0.09445641813915423,0.11291940034691014,-0.5835879699103819,0.8288329656917458,-0.18308425593670816,0.19282583771851883,-0.255641890584465,-0.1449287249101945,0.5005977229128346,0.03463526673468724,0.05512432029045991,-0.14437808495022947,-0.09523366520928796,-0.09233672479876168,0.08002569736047205,-0.0003141121433993012,-0.0530057190619339,-0.14982754302320136,-0.2159058545767742,-0.04589822846121786,0.02680065267839232,-0.13625065343615253,0.23658501444112365,0.16411221038890525,-0.057228330347669124,0.0034521243629314093,0.02793713925359549,-0.25438676284983164,0.16982493012697855,-0.07069406680565468,0.0025324684509665176,0.049200641492641584,-0.05044036183705499,0.04617562983685891,-0.04962240150848254,-0.16892522281693328,0.26966440293491317,-0.09444022362451726,0.027912079451336926,-0.0929501673836961,-0.22393404002151523,-4.746507936507937,7.188240464452761
12,-0.744914113976334,-4.21096294204285,-0.198403577214762,4.83987032432713,-10.3458428496173,-0.18302541155671,3.72928159242527,1.68443114482453,-1.92818375395896,12.2796504169769,29.8657804809774,27.7212641588568,35.5515595317735,16.2418760191677,5.16221135472574,-4.05837307506922,2.56278255051468,4.65203228817385,0.507701616186507,-9.09326479056689,-0.204504476163592,-7.49240243401648,0.67699816562187,10.6916310930085,5.74685088469075,1.93111840630079,1.16137769949939,0.464888965788676,1.64950531417196,-0.646668970409336,-4.140589208658,2.35935715636117,-2.4131807268475,-5.24118076966457,-1.64176778432227,-3.17184459907307,-3.22300501143076,-3.79696191287506,-1.56704968854631,1.31601249633304,-1.40448229914594,4.59933876706897,1.26931726069314,-3.69085775863857,-9.24795347527188,-8.90127971233417,0.150644656803881,2.3563745231695,1.67146758440965,0.0763204899436641,0.11172433602196435,-0.16915276483183148,-0.029269193162231887,-0.10721119644857026,0.2639639643924228,-0.1648623383030743,-0.16948652492774202,0.059230401802406775,0.1736512605860219,-0.017715963475516336,-0.18581599723244893,0.7517887016992145,-0.6098042696065841,0.08641984698231835,0.15156760787069792,0.011168749292922428,-0.2905378744681569,-0.1314991365698905,0.3226288635056863,-0.049408654456137874,0.038305235847513275,-0.19107180777917696,-0.015933511328340127,-0.26445365868006754,0.36680305705815647,0.040609093050866504,0.007982408402809917,-0.07375866251013434,0.04563967693735929,0.12775303366803,-0.16582411000189112,0.006460529052973842,0.017947905789918044,0.21679833010569283,0.10332169478714506,-0.044539520661528845,-0.09932736645787743,0.020352325977330426,0.1323499760369941,-0.014036426975521354,-0.06254197208524585,0.09502039131051276,-0.03553119613497253,0.1921793408338736,0.00822170181882322,-0.018848646182443984,0.20907924579491707,0.03805051004054214,-4.715978835978836,5.961674222210867
13,0.71825697693888,0.598201438170699,2.41938253162656,6.26691658899429,-9.89512751243717,2.74690004998438,2.40219255279133,4.23719898540768,3.01020759975605,6.00538684707405,10.1952283985186,11.7669552603487,16.2418760191677,20.1288515340151,16.4026964189102,12.5057717052795,4.26696267836554,0.884177681674881,-1.67129341022488,-7.01135228023959,-1.56999132557627,-9.67905078939172,-3.92025615919449,1.15190727011787,1.96396055164445,4.18902339464566,3.66521957809164,3.82139902890466,5.49552410107559,4.794810205876,2.7495839401564,2.05664416508503,-0.543627139798186,-2.53337240673582,-0.65163351504405,-5.34543345923223,-2.75783384695485,0.3209961724431,2.8122330587452,1.12566120517671,1.78120079368526,7.12790731684583,5.99318977235587,1.82680821262911,-1.85057359596249,-0.180092521528449,1.60471919334478,3.68154246060254,2.84885384896427,-0.12580437531247254,-0.3051325206999033,0.31057980102614585,-0.5277707659515248,0.11970731296368829,-0.17385773594809784,0.0543658069888688,-0.026142821117902938,0.09802361609712527,-0.00915486163865002,-0.10783886422463582,0.1946105235490561,-0.6087741128076525,1.6190471714587182,-0.6178329039368234,-0.11361111180842311,-0.20880716178948783,0.46968241747057704,0.0988144768827911,0.2754087251466035,-0.12755957090831865,-0.14916315365324406,0.008147000531653294,-0.004003758572996175,0.14144459608653548,-0.580201698281642,-0.19466899628141332,-0.03211790860412076,-0.05366525653924471,0.01911076096928764,-0.10149829891828427,0.05885369864932114,0.07726096736387175,0.21078825680886948,0.09116213909034701,-0.009330456306352828,-0.1808223287393558,-0.006951583664830903,-0.3152989766182335,0.03278446147964576,0.15870185014372448,0.1191327822961704,-0.1593406894857099,0.1655956781299476,-0.156376089248593,0.001517617840237248,0.00405135204971009,-0.09233188409239076,-0.048905810104238064,-4.110449735449735,4.485404277656034
14,1.13245321624958,-0.0194653646787876,-0.228964621229212,2.79358379616107,-10.0459611372021,3.11093148461669,0.358335811860104,5.68839656437891,7.38086149551323,5.7541072456078,5.9502362716689,8.34643612716113,5.16221135472574,16.4026964189102,25.7570619021555,22.2845201164873,4.616334120436,0.231844867450175,-1.82030827999313,-7.79355100546525,-7.33080335931498,-15.7517515811905,-7.26171762719139,-3.20271535614541,0.867665989790579,2.76020039597828,-0.669505817520377,0.124883141487495,1.39940439841996,0.58252982840502,-1.7787050867441,-1.58468526493218,-2.65929876412348,-3.83969910214679,0.93619948680768,-4.36290349182947,-4.76497543714743,-0.0232116656248218,-0.0836545770736233,1.15320131790985,0.273749311283115,5.09392636388326,4.9413226806902,1.4433054888157,-1.6657914628581,2.25207982473387,-0.756540502920787,1.68069977989655,2.61598503575781,-0.006495051243628254,0.05003709414130861,0.39563481411081936,0.19414272649104655,-0.07433886276402776,-0.0426341695048509,0.06019610697564806,-0.06863034055982614,-0.3103641625890898,-0.0342831274999918,0.1804929432350918,-0.2599911679523237,0.0853898413100598,-0.6182948798677166,1.1428725478858974,-0.37163477499181957,-0.4182043955809425,-0.17401594977683618,0.14298181606994084,-0.09310605388325752,0.15022253440517677,0.029111714685110226,0.16983736314507675,0.014099200480946747,-0.004042305549349702,0.2919025617469595,0.009484540578616203,0.023089359627964906,0.2799027502019791,-0.2786419272962081,-0.18816947269820328,0.10445393421807235,0.034349785324848704,0.22798363450620632,-0.4238205669011891,0.08191509541417819,-0.006161007411799971,0.26274005929494687,0.09407229421108218,-0.2746583621658355,-0.029227682144732516,-0.001809738054230177,0.14580067797392562,-0.1970266215391461,0.05052768929289154,-0.043957227771503515,0.021704341151354015,0.010633622652755645,-0.020609015145871115,-1.8815873015873017,5.074156274904775
15,-0.58963451564356,0.485207392819518,1.82794393249614,2.95337090024885,-5.22135102517298,2.97984483749796,-3.2667570750571,1.80644330277665,4.65903848995844,4.08596453300318,3.77966594415322,8.5694065677006,-4.05837307506922,12.5057717052795,22.2845201164873,37.0440978510178,3.98307119833646,-2.11966903542039,-1.12085681254488,-0.98698391232237,-7.74130249116193,-11.8695665872456,-5.682399574981,-3.71432693778908,-0.462739500715609,4.1817576964391,2.74562812450843,1.6597984041413,0.249858758450302,-0.531298582988354,-1.06618710032636,3.43642574255009,1.68447847966104,-0.681638151822493,0.0010538146487788,-1.76008643080503,-0.401963448144692,7.26501568249957,-0.191021677824589,-3.31797353799882,-2.36009770925702,0.843165113419171,3.57165130723435,4.45263627555487,4.05115751260661,7.67858186249775,-2.02278131739503,-2.14566860763081,1.40201201903793,0.1380885590213297,0.09247173931951888,-0.3068806263575247,0.05699772823192166,0.09690825748447257,-0.17428613877399066,0.1791072259254338,0.1527399764410148,-0.004666860085448414,-0.08631868380979403,0.13226778389302007,-0.14452324318144302,0.15258939816680475,-0.11585991706482032,-0.3697149961885453,0.6815776673050598,-0.14377239588839594,-0.07725313492539557,0.032631981113590024,-0.008400181419500136,0.07188668951286896,0.05761242014276061,-0.05711000680182129,-0.06254636309242077,0.2169455767280404,-0.08165777597317564,0.1544565433463977,0.03640719164312744,-0.21169102124083514,0.2080183991718639,0.12014919256344427,-0.09406094867318923,-0.051792042561116615,-0.21445810894702455,0.4291449707502559,0.04468450829087356,-0.15346686404160514,-0.31093930064325964,0.1106822344464273,0.2075994731161199,-0.039899977991344635,-0.028118916747151626,-0.07536738711444904,0.006375562641007353,0.09526902062137976,-0.252462120342265,0.20865594383963396,0.03493480832374419,-0.06983697554673375,-1.7675396825396832,6.085564710938321
39,1.01870828197802,1.92882927835708,0.637363788697377,1.87772392941751,1.26157039701025,2.67508447021655,1.45463279707453,0.681183902400556,0.763001992860233,2.45236341877271,2.63410660258017,1.75698323987833,2.56278255051468,4.26696267836554,4.616334120436,3.98307119833646,4.8187539030938,3.32286605751199,1.38523447526417,0.7178848220971,1.66350455329744,0.0435893054732236,0.497201571595267,1.01841099658118,0.938657484137643,0.853839079104533,-0.199307595442643,-0.735500645618189,-0.621216025904247,-2.48202115396184,-2.9251793205769,2.04707438893989,-0.0916037724376185,-0.909988368760724,1.15447082460444,2.73957276102281,0.952583751384579,0.246740227179052,-0.512035712592175,0.847840382836939,-0.826905088127119,0.119885586593596,0.393606134882173,-1.13682955884319,-1.5077485331505,-0.99804196647713,1.20685947518038,3.60437108974422,1.39520506589509,-0.1655100908922139,-0.06234531660355844,-0.3276446299237663,0.3427168510122497,-0.1163733537082015,-0.21221092254043028,-0.2214728147351428,0.06172026554030044,0.11634927810610325,-0.27538925184590585,-0.1870164284937779,0.5020749820064219,0.010956121205946022,-0.20261878642533096,-0.4216002129201577,-0.1443289385218419,2.4018485343844835,-0.33655992245287936,-0.29094104872246224,-0.37158938452234236,-0.37786157058789976,0.2008410160204358,0.04814039553103373,-0.020810912411327535,-0.2735910818984546,-0.42706010442648096,-0.005534700519092295,-0.1116277775832095,-0.30056722709939204,-0.011396552272640793,0.37672864080167706,-0.30642433014522985,0.2036652293433514,0.141439140324249,-0.06524569824438468,-0.3969009009850081,-0.0005524774890167124,0.11871900024808302,-0.05753962347282272,0.026305380265288402,0.044377331575573734,-0.09628776348101639,-0.011346820383828228,-0.011288592837971324,-0.0712808332956732,0.4825890078463594,-0.18053903296055857,0.022597902168985565,0.273263195796257,-2.2312698412698415,2.1928871159030976
40,0.854436070945576,2.36320953050049,0.516555953129385,0.685291327603992,-2.05281247602651,2.68656518401544,1.6591039439442,0.10743442245867,0.305323839375992,4.4146289647006,7.8247273850544,3.99930644537731,4.65203228817385,0.884177681674881,0.231844867450175,-2.11966903542039,3.32286605751199,9.20658492975734,2.91170169748687,0.813397248074243,7.60682550661842,3.67449301790045,3.48494705195862,3.52434158766869,0.89278503086498,-2.98935972864588,-0.362686147247461,-0.824754393800094,1.61864491976705,1.4903631921804,1.94459951213912,3.95358085132089,2.06350606022776,1.34715134538481,1.53698965777695,0.270489781926044,2.55759225380807,2.95085714356161,3.96339763850237,4.77250020896933,1.06142918430508,3.52662474594835,1.54002012922183,-1.40465136494543,-1.37365328833981,-1.19161027479296,4.21327480105274,9.66639472166293,2.80325678549295,0.11326755170275207,-0.42441013847257,0.09914397053054219,0.09488446664301593,-0.03967885598043995,-0.2523783133084442,0.02914327509183976,-0.004025559982324406,-0.19137090416381208,-0.12750327491743849,-0.2955060118436866,0.035146478559418944,-0.2824538860643159,0.47610295237132205,-0.18097935489375544,-0.07443617020101273,-0.33811791100093397,2.0563014090119025,-0.6853403508812886,-0.04078190228988657,-0.03758919065612463,0.08940116098513762,-0.1558171636747481,0.08890397504538228,-0.032829305402486096,0.5879365753135217,-0.3492381415665894,0.0396016565580014,-0.017105690357622157,-0.00036965070038170387,-0.11289471409948602,0.015068500205786413,0.19016049827853854,-0.5543734302370167,-0.08930147277265175,-0.23495450549415733,-0.29352152567334666,0.2756303178839262,-0.007696757197813075,-0.17669088042373002,-0.18075496437137253,-0.13671406651052917,-0.27472313801353054,0.4905875646572673,0.09512823969477678,-0.1864201175840903,-0.13244654267116135,-0.38273355070748083,0.2175398666383286,-1.847777777777778,3.032587167709668
41,-0.355695758791553,1.54002856796906,-1.28638601064422,0.36063562277115,-5.94040090131287,-2.46117880293858,-0.251121689555033,0.127975151183277,0.409902446280607,1.2600665761492,1.62270589615683,-0.91039672795426,0.507701616186507,-1.67129341022488,-1.82030827999313,-1.12085681254488,1.38523447526417,2.91170169748687,6.63784163473819,2.32497895063471,2.42170372605537,-2.80449631811241,-0.705742219875366,3.16458258289436,0.536281390557546,-1.72818676027462,-2.5750369696542,-0.462385047945907,1.59509942259116,2.83330881860109,2.55214271709077,3.73696595101585,2.63117911920998,0.398469696622087,0.293116198973132,-0.22363832578732,-0.997308642871345,1.09914006320403,-0.429337847922404,0.0194417116167207,-5.76590523617086,0.228833813779871,6.03003961491816,2.04957315305107,-1.12985603552917,-1.0090994473673,-0.605347454516389,0.923082023323835,0.681647651317327,-0.11014486299589857,-0.5662441981297075,0.5278232158520002,0.03107292409480655,0.03004355621640614,0.5538614607402698,-0.03488315489844506,-0.01219498922143413,-0.0006218587981699382,0.019905296949261075,0.05039046238861563,0.05711988163889669,-0.13473632517614112,0.09629160641524705,0.148606711979877,0.033784723628291234,-0.29033852344724714,-0.6780309349028342,2.3236888934894555,-0.6655366765116784,0.08286518756156976,0.2490416265269134,0.056699632935927315,-0.3749273268222304,0.14324757999170817,0.059966184958398866,0.20882167084410322,0.059787176215418174,-0.2510961267410914,0.04192059205408928,-0.044045927971663075,-0.08953639011525771,-0.20258804192247237,0.6144529333339755,-0.05453361522165152,-0.07740366283768679,0.22091681458180712,-0.32534529208394436,-0.05787066320574745,0.2993695597833749,0.061718039055358775,0.15351192090251342,-0.3441113559177595,0.004814322611328205,0.005838922035050357,-0.04001609046392623,0.2139507942307586,-0.03157046882617417,-0.040453918926385786,-2.1888888888888887,2.57445948399624
42,0.360521722025154,4.73960019632717,2.52583956747328,2.93007699414268,28.617102925585,4.2581436096337,-1.88742613608611,-5.33931829129654,-4.15519115993526,-3.1625056853398,-6.98740542576701,-5.96410659965704,-9.09326479056689,-7.01135228023959,-7.79355100546525,-0.98698391232237,0.7178848220971,0.813397248074243,2.32497895063471,18.6791109692068,6.58729381339135,29.5881293695993,10.1195618596071,-1.61133955627377,-3.16214174703114,-1.86770385667671,1.07348351794845,-0.0894565487470568,-2.67184737675264,-2.46201141524997,-1.05941392852951,2.43130452702914,2.65373952877946,1.66984270168212,0.842569456125109,-2.56735071889921,6.71966896696938,6.02351379956305,-0.491262620958964,-1.11618202664141,-2.16161060239355,-3.20273793816927,1.01611230452424,1.15456045542648,0.190852033872397,0.31989427252197,-0.470245922122307,-1.43303182081008,-2.90405154256356,0.1910000188369479,-0.5164758969089851,-0.03207777288622967,-0.01367543074942475,-0.3095716707757248,0.23010815656786168,-0.005604351826376569,-0.23162094370028588,0.2911243162050508,0.05187607075747164,0.01203283562164556,-0.14660518820297513,0.3140663392414399,0.28964047099545664,-0.09565352751817352,-0.011041057691617603,-0.38273556343437004,-0.04047426651711055,-0.6680732648752835,2.2428570020344125,-0.08760320068946321,-0.5379880250050415,-0.0288281240752401,0.1441310371952768,0.00971313332787386,-0.08842927378158197,-0.1935469043591425,-0.26256349400085754,0.2902777512678121,0.06308365763084404,-0.10303695208717933,-0.17380475858839636,0.0017510464486309525,0.26245399103800404,0.279070627396002,0.22561000828111397,-0.22993661663678405,-0.3574368373437076,0.09923104305665162,-0.015011483719022098,0.20620383745295182,0.22415646996384367,-0.07098995568543374,-0.3999575533975473,0.26915835400701393,0.09383331972201167,-0.315821771623844,0.29232869775722337,0.029867728183073844,0.22407407407407404,4.320776662731684
