,Cov_0,Cov_1,Cov_2,Cov_3,Cov_4,Cov_5,Cov_6,Cov_7,Cov_8,Cov_9,Cov_33,Cov_34,Cov_35,Cov_36,Cov_37,Cov_38,Cov_39,Cov_40,Cov_41,Cov_42,Cov_43,Cov_44,Cov_45,Cov_46,Cov_47,Cov_48,Cov_49,Cov_50,Cov_51,Cov_52,Cov_53,Cov_54,Cov_55,Cov_56,Cov_57,Cov_58,Cov_59,Cov_60,Cov_61,Cov_62,Cov_63,Cov_64,Cov_65,Cov_66,Cov_67,Cov_68,Cov_69,Cov_70,Cov_71,C_0,C_1,C_2,C_3,C_4,C_5,C_6,C_7,C_8,C_9,C_33,C_34,C_35,C_36,C_37,C_38,C_39,C_40,C_41,C_42,C_43,C_44,C_45,C_46,C_47,C_48,C_49,C_50,C_51,C_52,C_53,C_54,C_55,C_56,C_57,C_58,C_59,C_60,C_61,C_62,C_63,C_64,C_65,C_66,C_67,C_68,C_69,C_70,C_71,Mean,Std
0,163.17049201788,98.3539256304326,34.6044481304808,160.673488479076,53.904424616333,81.6451706006576,9.55929032891792,31.2016493649827,26.1477914684812,24.8831784738544,-9.20095282399104,-8.70485176760921,-10.743158627153,-5.9412504250975,-6.75295045479662,-3.92935118503821,-4.718315941971,0.153464921458557,-11.9826514281749,9.79088939000574,-1.17136181850764,1.94427123403186,1.99796572598237,-14.5238244623885,-15.6305830191906,0.714469573966766,-3.41758800506374,21.7190712193594,2.49841744434068,15.0039982647323,5.60878466256933,10.8281533591688,-5.24762776393739,-8.01858896273915,-4.18220911969038,-5.76311931101003,-13.9860398514655,-1.63279389888481,-15.6193249317117,13.3485080450186,-4.6812401212689,-36.7643427255596,9.07202740733185,20.0456136201081,9.97910540790031,1.77404953974151,-11.915660389592,-5.47037762160249,-21.8577465060143,0.3301744639938932,-0.06637385130420229,-0.034433275789404645,-0.05517047890506888,-0.031447767978214754,0.05937934055410377,0.06567715172365937,-0.0901573913027,-0.10204739873469344,0.09394258757247946,0.3214180669809641,0.089713432503146,0.017412313101709948,0.04512345260372705,0.022311085710846053,0.28430260825195086,0.10455128984354524,0.12005270387290917,0.1322236981806997,-0.19605981201116549,0.05603855051078714,-0.07800596589638056,0.09044573633844682,0.14613013507188122,0.057163129352947754,0.18127704652382295,0.22565535602821532,-0.03810022465692356,-0.08412752188094408,-0.03411281585991118,-0.06354501272839354,-0.1324659407791124,0.09322896729572183,-0.24115355355051682,0.08891096613721292,0.12932248494340312,-0.07169718346598197,0.09552705626820339,-0.03422485170301001,-0.07724159790256331,0.10292096004761248,0.031033692062938985,0.026261223878460034,-0.2628015526027034,0.05591551101033825,0.0575168046104766,0.02783419458955361,0.034038371811904784,0.2178044058241394,6.890555555555555,12.773429140911219
1,98.3539256304326,148.893014048531,34.0253200526489,249.98218600655,83.6431412435845,127.77711190139,7.08832721488352,56.5577499458002,59.2457765101196,105.673991004098,-0.949315564554491,-2.58235309394718,-7.09334630789055,-2.98494458474528,-1.72595671384026,3.5589247979142,8.69750553893359,2.49233438006773,-0.183765285837344,23.0328688779479,-3.28238470211508,3.40537393321122,12.6902333425647,-9.78522761472965,-1.26567793906813,3.10834962441342,0.0778591818176034,13.2874967357733,3.19236167073968,12.5491842761855,3.49868887055397,0.956467682031842,-5.50600716928084,-1.70732917166648,-1.95130219687142,6.8141787869959,2.15532799177085,13.0535464978884,4.33806232193603,7.70305676238391,-4.57543471730129,-19.6529834653664,9.17381317444631,8.68424014190336,25.7602737685123,-1.64053865981727,-7.20678155501862,0.232624760281481,-11.8339247431868,-0.0649204835280997,0.8623926192607659,-0.034560706914559224,-0.4114643019714041,0.1942018983004519,0.09871230745630814,-0.028469153953153394,-0.2657184362008484,-0.048367925835114706,-0.0013425496837245836,0.05155469226788166,-0.1027719792757701,0.49136157061911107,0.2167883915704905,-0.012630083757990383,-0.34132602394792877,-0.043644290699784455,0.17101125887335303,-0.19445253805486842,0.08719373455545153,0.1880886885088621,0.3071585346894089,-0.3760856699500282,0.07633736237293795,0.16191909713582928,0.1780377945338932,-0.13196238152053014,0.04161170445550424,0.12816950821687223,-0.21525728586326215,-0.37234655932864585,-0.15115194735854448,0.04161257164334506,-0.18128800233252992,-0.07377873660738443,-0.32456564334575505,-0.08411632462615931,-0.35196072945157686,-0.03161589867847301,0.18279141121649697,-0.07910857419668103,0.19096748521727727,0.150524560405474,-0.03344816654375676,-0.05193336732075519,-0.20457456199159735,0.16500964869652324,0.22806983703823733,-0.018708554744813838,2.961111111111111,12.201762743494534
2,34.6044481304808,34.0253200526489,65.6309200272617,77.0656261675371,74.9986347973725,92.9559367133813,11.2760983414597,20.502628221728,7.27816704838041,22.2850766916516,1.06281274458757,-1.52351764194513,-0.934176974119827,-0.638179428180651,-0.759066844144451,-0.0579448568879839,2.83349284726045,0.607185202783898,-4.33535074091132,-4.44061733867903,9.4748903466441,-1.91249542287438,5.62735773758056,-3.35738534145311,-8.00946343548276,3.43115763839576,-4.070266345824,1.3724957177876,7.85256086997061,15.8855476400022,7.14454644337602,11.0396643081907,-5.646439580048,-3.31998958018098,-0.0488824067434595,-4.92013623277817,-2.99919606036004,5.87774834173253,2.40149311727828,1.8218403416084,-1.3563947895003,-17.8370137415474,6.1527582099507,2.54307151530335,1.13851835289305,5.01707214104907,15.0360930934475,-5.45438072219671,-9.62262438456876,-0.034596680579633145,-0.03385406971249748,0.7015495130643313,0.08443418174773396,-0.13414609589008275,-0.05645082544214647,-0.0950033426217957,-0.1551441313969295,-0.04105677284513331,-0.0835517519052779,-0.10016469369275438,-0.06030719882929644,0.20155302915391715,0.03403195457808806,-0.11560427197059797,0.05503622998101729,-0.06859601702071912,0.23885695094164952,0.12929108328135175,0.40061085959138815,-0.08155211855567365,0.3050649630574374,-0.19657058785597994,0.0038559231393674462,-0.22638017726968895,0.029687398674533797,0.12975094813093843,0.16324843637073277,-0.46784276524181434,-0.4150884193889061,0.22363799731415193,-0.3068375365080893,0.00825786405075653,0.4241703102590637,0.07063931413155417,0.3383138608647055,-0.25519052263789155,0.008288521893857991,0.15821749410814945,-0.09732084724907461,0.15688206421837114,0.14603774641549414,-0.010752754585854134,-0.005858917615699228,-0.025904327999106757,-0.0913869826230874,-0.17491702350395325,0.030904917523490255,-0.1744678940566876,2.808542568542569,8.100674047711196
3,160.673488479076,249.98218600655,77.0656261675371,597.020622149526,281.357765366135,419.401596338358,-20.1316509592725,73.7839235055171,97.0830986611977,185.463168191259,2.11712093834959,-6.04289583960555,-10.5346469376593,-10.3341375510003,-5.63860485607447,7.74636264589803,19.9904459291991,4.75416632792618,-7.56597003257521,51.3927089527455,15.9657112058857,6.95791345165369,29.9959440756877,-21.3116713151971,-14.922001671472,6.67069778546993,-6.83294177864139,-7.19380248411748,1.41058369202313,16.5480886015865,8.67420649667155,-0.644398724534733,-15.0169537638644,-8.95113257141497,0.955068731491054,-3.44949471168853,-31.6280622011215,22.7555659109063,-0.333746524983882,12.9329905088117,-1.72356341430462,-48.2079129123527,50.3470543765006,23.4128698244841,45.8461378769344,13.2151058780265,24.1481713228254,5.70245634376831,-23.1210671477083,-0.05711979377651388,-0.409159384085675,0.08545075825595219,0.5454422027588278,-0.14663760407229753,-0.3136398012062643,0.12393252558424742,0.07668592256346958,-0.13940506493504717,-0.06378477429851849,-0.08779060369496393,-0.06108904249555121,-0.2797983675939451,0.031077566638500653,0.05616756350992687,0.15273631741612265,-0.1942814389817671,-0.03198225218405305,0.27546688229200533,-0.1857995533632265,-0.14026713432834664,-0.1351653155346448,-0.0337140091676344,-0.1310181898333872,-0.17864958324353017,-0.1927295236491167,-0.039122590809180534,-0.027055735218143716,-0.2579847800894831,0.22034331954269185,0.41688375583456333,0.02131187892810854,-0.07912459685710437,0.204058902644802,0.04266228863087229,0.00808990170408167,0.04710639555218187,0.13866459353288177,0.25100447431061956,-0.0544187083820862,-0.12513638783209025,-0.03747017806905462,-0.11338476489986823,0.10934658462408495,-0.1806143395367704,0.1010179030396564,0.26245173057917204,-0.006208580264077741,0.08263137787177069,8.479267676767675,24.433800812594125
4,53.904424616333,83.6431412435845,74.9986347973725,281.357765366135,266.838605123861,319.925975299438,-8.06766178099966,32.7109506862145,-0.750347969505277,71.9014372586541,3.5271426614659,-1.32963478386548,-9.57281716006436,-9.28050406868607,-7.60474900521875,5.54686420443315,7.86715670580191,8.13326150287579,-11.9513860724448,14.6915832414276,28.8932717900284,-0.122197311622143,11.3568896377871,-14.0788953535599,-29.6375916696752,4.36659966573204,-8.91371775507602,5.49662922778311,-4.55861476393747,15.7436138820227,14.2798444518938,9.77216209461056,-12.9626281119159,-4.98462181186616,6.78077628119281,-6.24570891062041,-14.6141896857195,20.2005726932852,28.5984963998216,5.29617071728646,1.28192840062466,-29.2827424298031,33.7904160342227,14.3279662825733,9.12099277938738,37.9837579787977,33.5870460230228,2.25470585485246,-15.2270822669143,-0.031885139899342434,0.19491756605199415,-0.13470311372764196,-0.14593181559580623,0.5893859050384935,-0.2557838027658133,-0.07710734572099241,-0.037693669516302826,0.23943996148445432,-0.09019612292611084,0.10603597462626099,0.08180249790898374,0.024319643854851063,0.15333896891009413,0.1328177412461338,-0.5189428274034631,0.014948118738931237,0.012753828933911108,0.062210912389121666,-0.10327958626104014,-0.014058890732761195,-0.03266404114671889,0.08563924829391673,-0.010408036399541715,0.10475636383327039,-0.12542742623057543,-0.20060015190256114,0.055138297781697244,0.2174404504933372,0.010515239712843684,-0.24669340673516382,-0.21507480493517842,0.3081424933818607,-0.2441395253116357,-0.46500053387185786,0.17053242069798052,-0.05051668789131437,-0.05531030904626592,-0.1304770300744173,-0.12121112593425408,0.018609135968857785,-0.04763363201822019,0.0004171198517952865,0.30603832235599804,0.03994215742726957,-0.15704999893034804,0.1904819369254145,0.1257968215552681,-0.028537618710254835,6.624595959595959,16.334889198395604
5,81.6451706006576,127.77711190139,92.9559367133813,419.401596338358,319.925975299438,492.801426480178,-22.5294306249665,29.1296379235706,36.3332745113264,115.319170177492,4.98274954164978,-4.2801130955832,-15.259150448071,-14.3339593162977,-11.8333182014122,5.28151087452217,13.3085280642124,7.41458064901984,2.78071544869933,28.5823252848956,36.2825187260281,0.0273074515873524,24.0428120846368,-16.4870454074886,-24.0363461108311,6.28604393265358,-18.1999664203779,-4.14041730777068,-3.00714262878301,17.7641796773903,18.3911488690059,-0.417974350986473,-15.4475369852015,-7.47129931532938,2.65665783668276,-4.65386992338196,-24.9225012505297,28.0790234364328,45.7602867624334,1.49230187953085,-12.0061070447252,-41.3473718287613,20.0860504911018,31.0063963525567,21.6105955474827,21.981806914517,74.8036130114233,0.50180802605153,-23.9617454936931,0.06132381552317483,0.09514893315598542,-0.05690967502491613,-0.3124311828241539,-0.2582600654448963,0.6168669566827679,0.007871330197957771,-0.005927332956534734,0.05204927161898073,0.10753832310445867,-0.09770690122308272,0.02482084083257006,0.19454640245327345,-0.10218027891699592,-0.03486558230092555,0.2290311792634068,0.06907546762869794,-0.24508875381265033,-0.18837701127571674,-0.07461235352047864,-0.03230225538806075,-0.042307252643808656,-0.16740246261963895,0.12206960025546727,0.012804577054792909,0.026725725523930485,0.36696983689052093,0.04053302738806129,0.19253576711275944,-0.21863379939429256,-0.33806002455583445,0.2071856340624456,-0.09229733957443226,0.028083981415600666,0.26284913271992544,-0.0710911148827764,0.07755306479487419,-0.10529122969328837,-0.24475660824807344,0.046850996486270974,0.14337581334139368,0.18032594406039082,0.07850711837518977,-0.27010940144367174,0.09009596608951495,0.004815553120246359,-0.5577846340976671,-0.15165721963407608,0.02297281117477779,6.3946067821067825,22.198905974848802
6,9.55929032891792,7.08832721488352,11.2760983414597,-20.1316509592725,-8.06766178099966,-22.5294306249665,61.4067281248714,7.59926045649333,35.4800438596661,-2.93789460592118,4.66930629369454,2.13175068829183,1.24508059171869,-0.655730108693696,4.79228522228442,3.59398836594514,-2.41145458801534,0.325828296088204,-4.00538855201295,3.01853427012106,-3.79983996363447,9.61628940826879,2.95463467434798,1.86019324578083,-10.6655074145582,8.86487287431167,-1.61834186863136,-0.435234044085007,4.04480558288446,8.03991529509313,8.12370743541151,9.34620286379908,1.48897640400922,1.17919866031055,-0.0754494445421778,2.35549011863827,8.04277897530614,-1.99976253590118,5.81832224290059,-0.850220359392016,-9.03488882472474,-7.8901296656077,-20.1288075271302,-10.4704513923974,-2.80823253034966,-32.7271518154571,-12.3072949822519,1.0341702910086,6.55831099591116,0.06539227106206152,-0.026628660734965396,-0.09347358083846927,0.12003615269541208,-0.08240932910390511,0.00802416013898521,0.9604197869706921,-0.14791358507104305,-0.3996019434541063,0.14014765941434815,-0.2657287232059441,-0.23197035314467485,0.020915660446318318,0.2891490192312961,-0.06448714318381439,-0.03201096325870018,0.0061031085428257135,-0.1672291050789837,0.0029893256635078543,-0.018055103154893858,-0.24623822773685244,-0.6405404303928228,-0.19768790469353006,0.08186517160016335,0.23225590508881452,-0.5451916766146998,-0.03188247060489915,-0.04070962381327901,-0.04109090504193555,-0.31452666379538013,-0.07372523782754448,-0.362703153233216,-0.3501192263654607,-0.17531596752266726,0.15639246101670978,-0.027681243450232314,-0.06237923256397235,0.30273322719381607,-0.1533688375456615,0.16889485920343697,0.23855100550905017,-0.018508426807882353,-0.06277106216075005,-0.1467247032668846,0.04545208330180578,0.17201073462999844,0.4238712207009146,0.006996530739195545,0.1763281416387468,2.3047763347763346,7.835606429937088
7,31.2016493649827,56.5577499458002,20.502628221728,73.7839235055171,32.7109506862145,29.1296379235706,7.59926045649333,76.4779570240852,13.1946757695963,72.1269055463991,2.08854887880375,0.781980089911922,-2.25827387465001,7.67887155869574,-0.321529691212681,-1.15407457650894,8.26206143476904,5.90115228333355,4.62212358343778,2.96208157665801,0.0641263834233508,2.33124107505474,4.25935478431743,-8.38843410941136,3.89934834952444,3.48749745273115,6.2168605688369,23.4637557019366,-1.00867446486258,7.05900628971493,0.957983335355242,-1.09959211315418,-7.06930906664829,2.27263511465929,-3.09988868319589,4.84389501689331,4.17701763922794,4.71696598035667,0.510554958140422,10.6362639035989,2.70571303809816,5.49694526895675,-0.873866325856674,-2.85206205885586,0.951996850169192,-5.252755915937,-3.69678511889262,1.13685035175419,-11.1734291886994,-0.0902841962399146,-0.26475459645266247,-0.15463866995843903,0.07675086748452453,-0.03707816432217738,-0.004612542188790473,-0.14870005442151696,0.7183972202165103,0.0420577008892329,-0.2013603521128808,0.006800360587796327,-0.08442070837673747,0.006173947177418613,-0.4644029114808832,0.000580460264097212,0.3111011569813404,-0.1978847761691582,-0.2814948655942238,-0.03476387726949235,0.03591881290653067,-0.28727703594173754,0.11889341891313192,0.08112715840220787,-0.23170840130781256,0.023193666588987884,-0.1242032448569664,-0.14039131230025603,-0.22699150704870913,0.2708066400015589,0.0528910901259165,-0.01763264044997988,0.3840872237123882,0.12331291600352508,-0.1452887990891545,0.010385069182039068,-0.12446376900608562,0.04292233846828757,0.12799561136900867,0.18348080372813705,-0.4076375456988647,0.02785008677731309,-0.2586096451755593,-0.10521901463990854,0.10069261343399492,0.3852340054480982,0.07092433640102049,-0.03385892469201342,-0.0009449427278310925,-0.21920478112332345,2.7191522366522363,8.74459587540129
8,26.1477914684812,59.2457765101196,7.27816704838041,97.0830986611977,-0.750347969505277,36.3332745113264,35.4800438596661,13.1946757695963,108.082278337772,83.5894388688724,3.61253466214153,0.49626112902381,9.10564238894665,-0.169355466494262,3.54814939878152,5.88388660537449,4.05812342083285,-4.69155704401114,3.41068439457976,20.6237653327417,-4.39945657343481,6.41068057681403,3.70386192999746,-6.38533317975515,-1.69515515565712,4.22513916847785,1.64226061078548,-16.9654439867405,6.3907351222617,3.1184450547414,2.31123160080696,-4.819059845829,-1.19942513152396,0.666386474066249,-1.13858121130645,6.10113292853451,-4.1136682442972,8.00235244535583,25.3777428951626,-1.86620164474859,-13.4826275694053,-14.361891133844,2.35703917916084,-6.25989680937596,16.2400608182225,-26.6069518050094,7.29697041194337,-4.90995671587705,9.06230517255408,-0.10270900099833127,-0.048650308649120864,-0.04078828344726285,-0.1373535911105399,0.24214473782388335,0.05164148047379294,-0.3996000712698186,0.04317967314251507,0.7253923257739496,-0.1268961287249052,-0.14627978619440293,-0.009057497942692694,-0.19575304975217245,-0.08436477819225258,0.16274367762045755,-0.3249566702593969,0.21288827084102285,0.3457823595487622,-0.10729360365946376,-0.4070709069029076,0.13328029205283726,-0.003190038877572169,0.20447481229633108,-0.09445719957941798,-0.1656393149946052,-0.04812103294115004,0.0562284944472292,0.13804244790742062,0.11922247170581547,0.023653846625023706,-0.23900634794216163,-0.004747517677085749,0.16892459482940506,0.24767403848430594,-0.17379878254352876,0.01919413066652908,0.20605426793730972,-0.019550330852694062,-0.28554209008406145,-0.22522951898462618,0.0612303722256091,0.03223941980664198,-0.08837048396332711,0.3620339627084439,-0.05283794491418524,-0.0842378531398702,-0.4233417726208804,-0.05927051471416989,-0.11676705768122042,5.906094276094276,10.39578175693258
9,24.8831784738544,105.673991004098,22.2850766916516,185.463168191259,71.9014372586541,115.319170177492,-2.93789460592118,72.1269055463991,83.5894388688724,290.600783286192,6.49736227228378,-3.51999430923049,4.89350537176424,10.8219302785607,3.27155268301058,6.72359762549303,19.1970843254785,2.71380918098152,-5.46500824318731,10.6793050598079,2.77740937357603,2.72736832952944,5.0993282048683,-25.9574730940112,-36.7866888607476,-10.0616300272775,-4.14195056176207,-15.9902547400521,-3.23925750943682,6.94004794684985,-2.64696141318306,-16.4592343425437,-7.57388412958562,-11.9876278106244,-7.48658704305167,12.9628100531904,-4.47670332063283,25.79623582924,63.8475527100794,-13.6203383796561,-3.41230775813759,7.20574114102416,13.8457004548398,6.45999883922351,23.9212137770337,-33.1007095209623,18.935911268939,-20.8830251387818,-38.0395124535777,0.0942499596651566,-0.004002393212140011,-0.08470863108492957,-0.06270406391280653,-0.09250249709466216,0.10630925661465479,0.14110397864655505,-0.2018274612644348,-0.1264910164012182,0.3720340198385971,-0.04092029760350047,0.024233768713384698,0.004987895893775859,-0.16225351238840807,-0.13802100024379782,-0.08795517866728007,-0.11953860959947422,-0.050047107497612625,-0.1646594338142594,-0.10374321393424674,0.054103453568717756,-0.22317817108022886,0.13126369335602175,0.20874781572658258,0.13112595481438102,0.2914062711258676,0.011366224487868521,-0.006379724917573556,0.09383031838777324,-0.09504117986282662,0.19794737237645152,0.06587250554162759,-0.0773804934787658,-0.006228665910289273,0.0591968854955738,0.10532412465576838,0.027073300647543604,-0.08084358006790952,-0.21992796508902818,0.27754242860217776,-0.04216158642042607,0.043896552743867626,-0.0015775641115900615,-0.1501774551723278,-0.2575748543933908,0.1622442371482014,0.022215152322951612,0.03508621646698393,0.2660087229443757,6.150079966329967,17.046723535219076
33,-9.20095282399104,-0.949315564554491,1.06281274458757,2.11712093834959,3.5271426614659,4.98274954164978,4.66930629369454,2.08854887880375,3.61253466214153,6.49736227228378,4.83930611562332,3.4148091844064,1.7589226867416,1.14875391268615,1.52013785300501,0.0134895390337249,0.110068919171704,1.02573774346983,-3.54912479360199,-0.628566025920633,-1.46800817825403,1.85090402664943,0.507418355663673,-0.143688525887682,-6.76436562882311,0.478324017354866,-0.73897108603773,2.1933214609638,1.43783491615794,0.409134836139564,0.866220523434473,-0.684666865048392,0.12124631133421,-1.25299506877385,0.137351225326785,0.312803246879387,2.41205674213522,3.54307853037726,4.31297803641764,1.88293188136643,2.9497905298028,3.17485769100305,4.7665715440398,-0.199965661822293,0.114273260333306,5.57110805691416,1.57672759049944,2.44991672890507,-1.95003222731245,0.3186687031942721,0.05152443368532944,-0.10033363841780703,-0.08963038619626126,0.10785479476056677,-0.0971486496237752,-0.271341327003771,0.00904920546677,-0.14813759964892906,-0.0420515034444454,3.783655784928067,-1.155966605986302,-0.19798960878078828,-0.3869054204262048,-0.18081892788857987,0.11541573774128641,0.55387998413795,0.06820066540862839,0.29938708991197877,0.04543769710775752,0.053061696586209434,-0.5647667079892618,-0.1119031988246755,0.07009850712229597,0.12318535820519108,-0.04929849126706554,0.04812121341325824,0.0042336411835176245,-0.15967988133858815,0.0313265309067535,-0.042900391381878365,0.28520571462773797,0.2538417566441786,-0.038165543655238894,-0.0836727106508239,0.3793505516270912,-0.002041654704236619,-0.4528171297763127,0.10395574907132686,-0.1878570266956933,-0.39398617149387116,-0.18562284829086576,0.3685797079082695,-0.30834631562287373,0.09706078736926252,-0.1811430867568473,0.063237281259404,-0.2911014725586187,0.2367460896892155,0.4312878787878788,2.1975682277516024
34,-8.70485176760921,-2.58235309394718,-1.52351764194513,-6.04289583960555,-1.32963478386548,-4.2801130955832,2.13175068829183,0.781980089911922,0.49626112902381,-3.51999430923049,3.4148091844064,5.17096457634006,1.92851031868053,0.309749894750405,1.47648722626607,-0.406782376798509,2.14289171792157,0.577807534664516,-3.06604748824359,-0.451296425025732,-0.641717370975092,0.0880017926453199,-2.37238845142181,-0.993705613727213,-5.95698264316156,0.0871863884280185,-0.299694138298719,6.7026644577833,0.762886382498551,-1.61379564205296,0.247807002867307,2.24703649254745,2.81637499720738,0.609474983372865,0.490779785096237,0.85788281063102,3.14179148461769,2.44641982606286,1.90374849178008,2.60738909409817,3.64094736585367,3.2204812197268,5.85691051735824,-1.26177943996574,0.611326750316192,13.8799482501978,2.61638814597794,3.67858797885662,0.413683122704632,0.08802683500184401,-0.10313996074082447,-0.0613461901047467,-0.05835765549081252,0.0799689214190959,0.023142216897153883,-0.23566417338730422,-0.08209884578352526,-0.006823863317925296,0.019558525924146496,-1.1529098641540931,3.379506668319691,-0.07847915243240125,-0.00023481292530263146,-0.091484779694026,0.08159993041699538,-0.4242219388475149,0.13284674253290005,0.1452022515412847,0.05375914843243115,0.02322938913583055,-0.24963551614385684,0.19791409838733973,0.04482283838381068,0.10651337465165027,-0.017150710727066268,0.13987984032189976,0.07902495253711507,-0.08857387299753182,0.6839045994361435,0.22031607529595848,0.004846159450273367,-0.5549036244523095,-0.42765011076018167,-0.33734083484249605,0.17625021280529696,-0.09025597119680197,-0.26858369546922634,0.0005999982436462254,-0.17140890948843265,-0.12018068342848881,0.016840132450206605,0.3663884799354658,-0.18950504768970317,0.43388540214104443,-0.49360518862467456,-0.11605843984199862,0.029572733460484463,-0.07168661432882745,0.8644534632034631,2.2717756439270267
35,-10.743158627153,-7.09334630789055,-0.934176974119827,-10.5346469376593,-9.57281716006436,-15.259150448071,1.24508059171869,-2.25827387465001,9.10564238894665,4.89350537176424,1.7589226867416,1.92851031868053,11.8721088761175,1.33075176733068,1.98464879394036,-1.23477804974371,0.824107576935746,-0.426395210526985,-1.23490219811151,-2.1037434341368,0.794368733146502,-1.88984264800143,-0.94315840680634,-3.48009998571708,-6.63770221884589,0.44362647396856,2.55528636459698,0.0263732698582486,6.10620815786877,1.8659765544113,-0.0396915253348841,-1.41148155193233,2.4697917673655,3.70473870090848,1.40208626477217,3.07997427310966,4.98557819313119,1.05670144312914,3.07789930695456,2.55699631358682,3.37005230177424,2.05264643453002,8.98768170631744,-6.33237205900549,5.37807875506454,8.00545873235417,7.09436632429382,-2.41610287924999,-1.01398714529305,0.018459247078258464,0.48863019441826244,0.20556858947719198,-0.2805804393857916,0.027344529110802547,0.19712905389921406,0.015093973849674576,0.005932008229411661,-0.19132768830765012,0.004967140323061051,-0.1956200017716885,-0.08230055297037313,2.8064362499047886,-0.45320067051350055,-0.0412392729735233,0.40126440304465705,0.06792104336090148,-0.03252766313478635,0.10718218237759039,0.019905574747006438,-0.39118438785410753,0.17683078026640156,0.17786456682015148,0.3567431667322044,0.17830466328929503,-0.2329891374928758,-0.1354204162932268,0.11183369684561066,-0.8197088612857973,-0.6484894996413658,-0.18218939513646393,0.2841934853130022,0.033436918853000396,-0.4968614189289791,-0.11049472210251975,-0.1509151819466054,-0.2963003679880243,-0.17106617882248726,0.16121400270389358,0.05383300193873175,-0.111419429912017,0.03588262158771441,-0.07064256267613878,0.5567613005350054,-0.2918489938041028,-0.10407997819447887,-0.2662708526310463,0.5574614475246845,-0.038964076948501285,1.3194444444444442,3.4441412392812083
36,-5.9412504250975,-2.98494458474528,-0.638179428180651,-10.3341375510003,-9.28050406868607,-14.3339593162977,-0.655730108693696,7.67887155869574,-0.169355466494262,10.8219302785607,1.14875391268615,0.309749894750405,1.33075176733068,4.71722094508301,1.77269870666459,-0.800449903837973,1.28946724861819,0.279021864323143,-0.338387529097041,-2.71975867406556,-1.83116829580266,0.458660311491895,-0.897333807894025,-1.44597538979279,2.48537302429845,0.259866084513729,-0.310272072234636,-1.79619389458456,-0.459018259815765,-0.501693069758485,-0.215993778862785,-0.670701461401946,-1.33216233395339,0.0801233508636005,-1.04512132749865,1.01102611447975,0.495161059757429,-0.107025196243508,0.107706927213236,0.1273815014995,2.10594787911203,2.96646075347393,-0.860392902779209,-2.27379808305884,-1.3889685467134,-3.91178728165466,-3.20012211027128,0.0104384086998024,-0.938723611549523,0.04457676443789146,0.2167374221784031,0.030452685437490655,0.028712020661508467,0.15415856570462422,-0.10143469280874878,0.293268442954463,-0.46417779538515885,-0.0849624561733691,-0.16392920012085446,-0.3874472821864466,9.004185294034708e-05,-0.45513827888233327,3.0641479591536447,-0.15560119694002952,0.4711611040247217,-0.0008284816847574977,-0.011434623945517529,0.18665887688539734,0.4772302439564847,0.2824453283844138,-0.008014112757377472,0.2844454709693748,0.0007413154540001147,-0.21801275576990162,-0.4766288374822169,0.5020974261561935,0.1496387554786776,0.17806046813627413,-0.09095767864459432,-0.869471555612464,-0.16314796134883267,0.42651043916030135,-0.04387032203857311,0.24857414256743235,-0.005415968671337425,0.19983587408498976,0.08593888059067588,0.034349719092800664,0.16872374036374174,-0.44056964281997185,0.06144438344523994,0.1652866694564901,0.03360318042227259,-0.3344534567146727,-0.09202969545758334,0.3809585085268471,0.01952033520548257,-0.204673850172673,0.3622222222222222,2.169613086493307
37,-6.75295045479662,-1.72595671384026,-0.759066844144451,-5.63860485607447,-7.60474900521875,-11.8333182014122,4.79228522228442,-0.321529691212681,3.54814939878152,3.27155268301058,1.52013785300501,1.47648722626607,1.98464879394036,1.77269870666459,9.40287994891443,1.92455893671118,2.40360703725803,-1.14473270820555,-2.28852503230391,-1.62549575077043,-1.87139903480458,0.279843686550987,-0.145363970311414,-3.40253125360656,-2.02013985996667,1.19480811419824,-0.637837771529865,-2.99962167363147,0.937243002796151,-2.75054409108716,3.17533601231571,0.830008645751073,1.76115160981146,-0.107825555504111,-0.0105371355037696,0.404538226295867,-1.65048385453336,-0.693784545156973,-6.12100143467301,0.313640256384805,-1.417765120232,-1.78543393478841,0.426638556446048,-7.12113971274466,-1.86916390557756,-5.63946651379232,-1.3775623210269,2.33040022005402,-4.67707604134794,0.02181248464883252,-0.012855019254562778,-0.11652542211023269,0.05923138494377766,0.13340469309367126,-0.034875356026884796,-0.06301942930587394,0.0022173359080467194,0.16526281956453542,-0.1382756181357359,-0.17587603387936107,-0.0917050963810146,-0.040346354511965415,-0.15572314018955227,2.016186184257776,-0.2004711626302973,-0.10164351703348279,0.33422546137129544,0.31533466390207343,-0.0478080035359432,0.009998656520355247,0.2587394976882196,-0.3155921053220894,0.1475315327094854,-0.09571452314704959,-0.12602238294003712,0.18253626276351068,-0.06486647372086059,-0.30408238937029647,0.7535310355117686,-0.9558730688763726,0.3016757451400869,-0.20154686304058445,-0.2917713117857615,0.0009271523405106504,0.14810902464118214,-0.06569609668867882,-0.1288076186942884,0.14236908946143298,0.24779139757023835,0.5108397766643894,0.24272809046007904,-0.35421503333123017,0.40660625030663894,0.010817389270373552,0.07995476148690721,0.15510143312123556,-0.503728286958666,0.20629781025038788,-0.3055555555555555,3.0647805710873386
38,-3.92935118503821,3.5589247979142,-0.0579448568879839,7.74636264589803,5.54686420443315,5.28151087452217,3.59398836594514,-1.15407457650894,5.88388660537449,6.72359762549303,0.0134895390337249,-0.406782376798509,-1.23477804974371,-0.800449903837973,1.92455893671118,3.26208205619412,0.825987835377982,-0.750882917501493,1.02190512691584,2.3323657705429,-1.35240651074339,0.673648920951438,1.0746759392615,-0.765782474651121,-0.851989148464758,1.42318024905433,-0.485671257334988,-5.54817295907064,-1.78289560569089,-0.998990055884205,1.62358281341391,-1.25422284731588,0.526927671636987,-1.36076527268312,0.830349093991924,-1.30423466885425,-2.46279868561781,-1.08716076986498,-2.88145815107846,-1.67869770732041,-3.01039518784745,-0.783286779049326,-1.83607818305633,-0.934048122543521,-0.257875151834706,-6.49394001100301,-0.0523415490572292,-1.97267505636355,-0.0853491476245489,0.2833750133707064,-0.3423869518574476,0.04975680748491208,0.15139787307995833,-0.5170309688547319,0.23122224262374724,-0.03258940032545368,0.3164146073586686,-0.32893701009225956,-0.08522570863615012,0.12167327390257557,0.07132418107998391,0.39922679032683195,0.47314031267731327,-0.19731883767901587,4.198395385485103,-0.0769177471655072,0.13024067308352671,-0.36310639358383473,-0.18911458943015128,0.2544731446405086,0.10384046074925908,-0.005067033559469597,0.1053216810818207,0.004922188509568227,-0.31404576296306536,0.025759349579347005,-0.05031848110905041,0.10735820971214843,0.24135322519482874,-0.44165404892840143,0.012073152510114659,0.021490010890002437,0.4662969482599999,-0.2716800904787235,0.02986913854754412,-0.013361495002315973,-0.04898988655448466,0.32313376903625446,0.054508437400197646,0.2188868210277747,-0.14736461383388563,-0.09230122799119389,-0.025962792490037374,0.13980370177998883,0.09560297884727713,-0.021046103586626848,0.17063270595208394,0.16463308323277073,-0.4261111111111111,1.8033530037666297
39,-4.718315941971,8.69750553893359,2.83349284726045,19.9904459291991,7.86715670580191,13.3085280642124,-2.41145458801534,8.26206143476904,4.05812342083285,19.1970843254785,0.110068919171704,2.14289171792157,0.824107576935746,1.28946724861819,2.40360703725803,0.825987835377982,11.0698017241379,-0.457898191668649,-1.45821566180161,1.82604201135284,0.751990932519459,-2.43813120248128,2.42413746918385,-2.05967105262224,-6.21735985223968,0.697544726613979,-3.75968577227175,2.31877902285577,0.290556981424065,-4.03863950432681,1.28187203669477,5.52938342502483,1.93660039412395,-0.195237619127238,-1.42860534458048,3.55198649179385,5.01733957748506,0.327402024157402,4.02393930717041,-1.57361322563986,3.22967991951235,12.5238473680689,-2.17048226617956,-4.90278142534849,4.95904313013784,-2.57796152128129,10.0564022121575,2.69850920397799,-1.1111636605524,0.10445533862554258,-0.042502238654793315,-0.06399852424655376,-0.19138479200849173,0.016103803208207156,0.07039333722818816,0.004542707105767465,-0.20110456158205148,0.21400231804493677,-0.12042321199559854,0.5382440745416697,-0.4289890826207324,0.06694463926605987,-0.0011558404486540813,-0.09770856397711694,-0.06615247215753721,2.5524279580806204,-0.018904337638341928,-0.11693309200157294,0.041639997449123375,0.5242183484568309,0.045228006852802274,0.3264687298494918,0.066498996622804,0.12932322459757453,-0.48002253270411016,0.2925762680781673,0.16421993613386032,-0.21020934732289331,0.6846109568620842,0.34520137691412595,-0.8220990120795079,-0.07737336526694256,-0.29325153588602976,0.5521158986826963,-0.2281296510338824,0.03313438184857016,0.10544557140873108,-0.018357844454127685,0.12164767155437738,0.19413957191871425,-0.2411721370597265,0.016859622145112697,0.2839429356456315,0.07587870465762589,-0.015559618563386945,-0.5574433921184551,-0.022595242346596357,-0.09896138013704472,0.9633333333333335,3.3256280195081844
40,0.153464921458557,2.49233438006773,0.607185202783898,4.75416632792618,8.13326150287579,7.41458064901984,0.325828296088204,5.90115228333355,-4.69155704401114,2.71380918098152,1.02573774346983,0.577807534664516,-0.426395210526985,0.279021864323143,-1.14473270820555,-0.750882917501493,-0.457898191668649,2.98222094508301,1.42016963860571,-0.931629975095005,-2.1838598674756,2.48792110493777,-0.0523515155817994,0.739098693055701,6.68813967596586,0.206699841388833,3.10903267277305,6.44237168320615,0.118164952842524,2.70726043051104,0.259961894890504,-0.119337542181763,0.0364175793810153,3.35089004661464,-0.478023698166395,0.484192104381368,2.52064576682535,3.56753678912022,1.69819073303025,2.44148609676208,0.0903211905384559,0.595616374387854,0.990613226566414,1.02386435890276,-0.318549538795413,3.63062791900368,-0.518381274030264,0.60314889818353,-2.80567526767336,0.11921995590789207,0.16731385218037914,0.23550762553695226,-0.03129538068577824,0.012799249106743953,-0.24336548251446033,-0.1702185766388077,-0.27944238311409836,0.34607721616932474,-0.04478852794933922,0.06849046645942912,0.13410317259778415,-0.032738484812495985,-0.011324457173660976,0.33192554789385914,0.13056867121936608,-0.01754415057693274,4.492020785277686,0.08605989776774675,-0.03732898716197898,0.6115903128591916,-0.46464151696488665,0.20050801515813985,-0.12360171407504479,-0.006351140944928716,0.0974242846219685,-0.22193983809849155,-0.2505868681576894,0.02271605917847369,-0.7508807679262949,0.08880008701107978,-0.0049992413597510325,-0.35781285701711585,-0.04449527324971546,0.5253039862741892,-0.23712543904877437,-0.039518167828461764,-0.053002950304243984,-0.01372192227026814,-0.06585644181792233,0.15605947660368644,0.012356560639551244,-0.20745668592239774,0.250627896422655,0.01934251486087057,0.025814319413026785,0.16161613694468643,-0.005504429022407473,-0.007310401581357634,-0.045555555555555495,1.7240130350676048
41,-11.9826514281749,-0.183765285837344,-4.33535074091132,-7.56597003257521,-11.9513860724448,2.78071544869933,-4.00538855201295,4.62212358343778,3.41068439457976,-5.46500824318731,-3.54912479360199,-3.06604748824359,-1.23490219811151,-0.338387529097041,-2.28852503230391,1.02190512691584,-1.45821566180161,1.42016963860571,30.8902362707535,-0.542721854667192,-1.61522970569236,3.94750667654444,2.46565697113848,1.13887309833045,57.4258502096931,4.93544599835566,11.7100405087518,-2.78109254399235,-0.824837900849214,2.67669035557318,-3.02188992625253,-7.94620569353507,-2.25289276050766,18.2234447923045,-0.582808615599949,2.59452074990283,0.0637952334771267,-0.782528051067872,-5.76274865724108,-0.586831254258996,-11.1833067717895,-2.56661284170885,-13.2975676378664,0.924434811432675,-3.20300768091844,-7.43069523957732,2.85455841270532,-3.1062217760628,-4.32627436738977,0.13264150722084195,-0.19447171695378096,0.12930502272911376,0.274701799835075,0.06277126607360956,-0.188957834111612,0.004212239904328414,-0.036716149971390555,-0.10714947537782028,-0.1642866801400219,0.30058656374329035,0.14697150981746246,0.1034906566418341,0.18956143271957354,0.3142546867332536,-0.3622851193703124,-0.11366869152612952,0.0917266208320568,1.6364931358472248,-0.24733408552463654,-0.031400277683600174,-0.00542005094435291,-0.12554664354848927,0.016187786045081764,-0.3689595425033864,-0.37997182685642694,0.11437260366156574,-0.08614855883906335,-0.14822249600830245,-0.13218207178158953,0.35012480634496557,0.2579781095128088,0.5036556335588113,-0.5019973167955714,-0.15365366722066912,-0.19109705124664014,-0.24948909457844104,0.5081856356945761,0.3790584404651969,0.2002122892795038,-0.05902064939888773,0.3129437257725336,0.05939879306970174,-0.17105329885397708,0.07636250774789866,-0.1097625076239913,-0.30168732461416586,-0.2636295593842679,0.12131253971579745,1.7555555555555558,5.556998854665485
42,9.79088939000574,23.0328688779479,-4.44061733867903,51.3927089527455,14.6915832414276,28.5823252848956,3.01853427012106,2.96208157665801,20.6237653327417,10.6793050598079,-0.628566025920633,-0.451296425025732,-2.1037434341368,-2.71975867406556,-1.62549575077043,2.3323657705429,1.82604201135284,-0.931629975095005,-0.542721854667192,17.1921519795658,1.55184510308952,0.672487833757654,1.84889288931446,1.63148710650498,-9.62370120064512,0.43992336988061,-3.05668715859802,-4.30949461314741,-1.68055178377504,-1.34861062250397,-0.139893352252382,-1.46356045949135,-0.697413293337086,-3.3392571255711,0.162827922276714,-1.17045707513238,-3.08271774692438,0.981818498659883,-1.97299652511493,-4.83133302936882,-3.82231712081703,-2.39020223379893,-1.64898326803375,1.21987980617161,5.151804356547,-5.96502989716078,-2.03624228572836,4.20482754147931,17.9020098948181,-0.19222267108489186,0.08030176836212918,0.4030926481386632,-0.18125682043371039,-0.10562419397030968,-0.0796430992677427,-0.019429966550787426,0.038974015093632235,-0.41306511432831217,-0.10439693652882404,0.043550080918390494,0.03849902359812284,0.018953561351074993,0.4733806536276667,-0.04819385838735349,-0.18889582448606362,0.04130667377419087,-0.039634106891914836,-0.2466292552290732,2.947696285631841,0.012028181736661333,-0.028663963761786346,-0.022144746909344745,0.13425875084656141,0.1427217144639321,0.13796525000591606,0.0008689552218802088,-0.27854156398211377,0.0023594296266011084,-0.036164192193819375,0.04029591204211479,0.3898221181518567,-0.14212615169636392,0.02190879827384457,0.025457500834393267,0.4017516252491487,-0.25761645072585826,-0.07295199318713075,0.4225103270719618,0.6282392732506732,0.35969860824091043,-0.35276868234924547,0.006477917102981268,0.06877191579939519,0.17949744011031804,-0.0638518373198648,0.07269370352171002,-0.3883322958884975,-0.9952022173007526,2.194444444444444,4.145135942229853
