,Cov_0,Cov_1,Cov_2,Cov_3,Cov_4,Cov_5,Cov_6,Cov_30,Cov_31,Cov_32,Cov_33,Cov_34,Cov_35,Cov_36,Cov_37,Cov_38,Cov_39,Cov_40,Cov_41,Cov_42,Cov_43,Cov_44,Cov_45,Cov_46,Cov_47,Cov_48,Cov_49,Cov_50,Cov_51,Cov_52,Cov_53,Cov_54,Cov_55,Cov_56,Cov_57,Cov_58,Cov_59,Cov_60,Cov_61,Cov_62,Cov_63,Cov_64,Cov_65,Cov_66,Cov_67,Cov_68,Cov_69,Cov_70,Cov_71,C_0,C_1,C_2,C_3,C_4,C_5,C_6,C_30,C_31,C_32,C_33,C_34,C_35,C_36,C_37,C_38,C_39,C_40,C_41,C_42,C_43,C_44,C_45,C_46,C_47,C_48,C_49,C_50,C_51,C_52,C_53,C_54,C_55,C_56,C_57,C_58,C_59,C_60,C_61,C_62,C_63,C_64,C_65,C_66,C_67,C_68,C_69,C_70,C_71,Mean,Std
0,180.24610062221,-8.33346505481768,-6.17694531938183,37.5343617076249,-0.420328618761389,-19.8307067793342,-51.1645026369246,-7.20084426178243,-0.658319797970086,0.706404903899247,8.45423928244212,-10.5076137647043,5.41558824745672,-2.38125170798116,-2.29703164011952,-1.21069034283866,1.61179245084435,11.9549578642854,11.4343167388121,-2.40149488272429,-5.30793885993412,-6.52786167736622,-6.30338246330338,-17.9529233190506,-3.60461772652215,8.67916237553118,-1.3759176052717,2.55340805928075,15.8412661641914,26.1012467241303,8.90605677028212,-7.53270688595761,-10.4163570052316,-16.8595400194145,-25.3329637002693,-0.665769539724365,-67.1668759766884,-82.608574547355,-4.84780929813444,-0.181473571806612,-20.3793591842429,-61.3754929453022,-23.2545524705419,-10.240701655035,-24.0233435351338,-36.9096000380381,-61.8689575312284,-85.437239164049,-55.3608551486065,0.29747784586924547,0.06761043216498208,0.03495675899186318,-0.15124472246010623,-0.03839778729049458,0.007746474880332026,0.020558137724107493,0.19343700485740065,0.012676826408085894,0.05772418730919731,-0.20214504941829325,0.23060922325054914,-0.2601398574823291,0.019708086071447695,-0.020142052935772082,0.018546649788876737,0.004293657870909511,-0.10564129193872455,-0.2033542080182583,-0.038963921894159724,0.08185184407799394,-0.006857216584850273,-0.20053906419884138,0.23917717752426976,-0.011083199665347893,-0.07923540363640554,0.1573207126173835,0.10728676407934636,-0.19718632372451536,-0.3423606423735813,0.005160224301179859,0.0023781897571791967,-0.07801227681421032,-0.0325081726112322,0.14250117126513676,-0.08549520867799712,-0.09938862849683615,0.055849698043083,0.0024721067270418538,-0.13434131906793612,0.003999405591373721,-0.014596467104282746,0.20198005617924847,-0.08955364863886789,0.1620434456657327,-0.04838866881737155,0.0367094804956422,0.03241050921446244,-0.05526790472260262,0.9022727272727273,13.42520393223915
1,-8.33346505481768,52.7662715055466,91.6045759675635,-1.09691553135233,39.4995996792706,84.9456810276669,74.0126479118683,3.82479934220609,2.1624255689902,2.11802111514285,5.89289415528674,-3.64448642898719,1.56367697115326,5.66732166085665,6.62529745061404,4.78104452491778,2.74052559144619,2.49408477530996,-2.0325630430029,5.71405715436627,2.59471514987483,-1.72580590429116,-1.90754469880229,-0.871396443306416,2.73149698970892,-0.52293014160951,-8.80946866793265,-11.3400924156278,-7.31815957563271,-2.14393288278102,1.43479389403451,7.43702659121001,13.8607680630741,19.6338228839788,13.2063399107118,10.6317132281622,53.0356139621998,4.59105814519815,-6.65393498034965,13.14529113736,17.4009106638186,13.5164069312668,2.88736067920358,6.25667736892498,4.95339654657349,-1.59769965503736,-3.29027276360547,-16.4318304713584,-47.3559439494405,0.06403578339326797,1.3582927619804293,-0.3622509607701072,0.1841147733779016,0.06369216812409054,-0.22296944080184417,0.3304221005062957,-0.2319834788547475,-0.21363137286892675,0.07617033865556526,-0.11552792837152268,0.405174582969952,-0.01354887439159281,-0.25627553746184245,-0.4964737458014451,-0.27523279409514456,-0.04256005251433422,0.11060730093760222,0.20429184425894098,-0.1627640341262428,-0.1625826405445896,-0.02342263504682425,0.10241047556462084,0.39377706921653083,-0.35455748780038676,-0.015592048440181954,0.16880615533895182,-0.12561351446208127,0.2391619126915672,0.11354673929529666,0.027639181681579878,0.19501364101688445,-0.02146626340884343,-0.24417894733404905,0.16021850362669104,0.07632963828940126,-0.5760714514157066,0.1927017604543159,0.09889833876529434,-0.22331348333161505,0.25464439457124305,0.30922179209527234,0.0517718288086342,-0.07817514123999214,-0.013199211762389999,-0.0054617724573385465,0.011075883659182561,0.027394063857763776,-0.056454191419208925,-4.283080808080808,7.263351258582129
2,-6.17694531938183,91.6045759675635,407.266900131291,41.7805998945843,150.996376509574,270.960109190911,293.498921478899,5.43981374340911,5.51254708876689,6.54479624092932,9.32665315761239,-13.8732271374355,-14.7569125064874,5.05596339657781,17.0020272038845,11.5175380502461,6.29123337548054,0.400010229845319,0.229824523627945,18.2914927105393,3.07688916861774,3.34419065727498,13.048066921625,16.1640812766717,-2.65970083857682,-5.14551117207326,-22.4991227474022,-31.5375414368951,-16.6480621051801,-2.09716625618887,0.127779181463491,-0.780679701936791,-2.66352872420573,-9.34963218432632,-34.3884009762703,-21.9127147019167,117.041132237063,19.6476221494491,-3.7808681906048,-10.0117438653871,19.3826373453523,181.042651342749,-9.79017015096267,-5.6422851281332,-1.13970744711492,-54.8811430270603,-126.43494158051,-229.454213700444,-186.860100414771,0.040240428037550915,-0.37121820447544696,0.42446283492201736,-0.012201296733374632,-0.16902178141430732,-0.231131449972344,0.05946620602204806,0.012536152396780563,0.20696382222253462,-0.20928415969386394,-0.17478243430858373,0.009790265291501914,0.035143582672205825,-0.00016787941428320503,0.09157060607419568,0.09377104908134269,0.11798452965814712,0.11889501253731302,-0.12409975969138508,-0.06563694855024921,-0.08928261076599585,0.14945405671496456,-0.1260458022663067,-0.11792685566143099,0.15051544851081752,0.09198644722475915,-0.068957801490914,0.0596652278429602,-0.08224454524055737,-0.3356207903567758,-0.12157531811628733,-0.0839131483681663,-0.0015080492361578526,-0.026609769255923215,-0.04319509378900448,-0.042077082281557245,0.18611174830038116,-0.05442335903551897,0.0013565606429673202,0.04234942330116462,0.0746790712968239,-0.3192113422857696,0.2692108028495697,-0.09502726503994312,-0.04977811916391318,0.18887145169318523,-0.21061959901722804,0.13194247464147046,-0.0030916665921427383,1.4758249158249162,20.18060703079297
3,37.5343617076249,-1.09691553135233,41.7805998945843,120.141406691142,93.9810821347871,68.7452064888449,31.129739975789,4.52501448585759,1.4207717595125,-1.08695907464401,2.65981337151328,-3.41018162850204,-8.97242461638094,-7.050440983461,-5.84351299830107,-3.25578546100187,-0.53799830009082,-2.6343687540532,-4.68007731353513,-1.45653702053119,-1.73220692997954,1.73621632193447,-3.89528771953416,-5.16230797137991,-6.59024828453985,3.69181238624401,2.77067264827606,-13.4667703651764,-12.8908359193071,-5.22730151067855,-2.80003714274097,-8.71691288773699,-13.4091738577146,-19.7905553544696,-15.5465384102433,-31.8852506612772,-27.0944299866387,-27.4917394585425,-23.9499870044789,-6.16512152728526,-10.8394477684829,-51.0611685380536,2.01420531102814,6.69707479246545,0.0210537073694529,-19.9242234411023,-75.1806586865587,-120.7120132532,-107.150086716575,-0.15144675134273786,0.19974777314829523,-0.004748612597625231,0.6952474332711185,-0.588257835831477,-0.08972343540656269,0.21382033650670026,-0.11379438790972048,-0.08271802844677885,0.08831364528870665,0.1390955361737103,0.025231460805362798,0.3313414427032234,-0.1541548547511257,-0.01675380422112642,0.010572649204616527,0.26726315331224104,0.255464052054285,0.18522902661202295,-0.2989715587795912,-0.04098136069042632,0.004602810412307877,0.18568986220090833,0.17191276317937196,-0.005468697994905484,-0.011762727122959374,-0.36402035478758515,-0.005872169624639731,0.1783304601738789,0.33458483989941457,-0.2355635838102326,-0.09996211654640894,0.010980738395579979,-0.0722080044788776,0.17639287404980658,-0.07897766120827177,0.127654557463384,-0.054928467915510426,0.18552347894770657,0.2950042206535343,0.010281694400563344,-0.00929584214801874,-0.20829099276560942,-0.04203525496003006,-0.041270403368273555,0.12393778123541455,0.09058152554383994,-0.14852558724992984,0.06431990675338461,-2.2141582491582494,10.960447376414079
4,-0.420328618761389,39.4995996792706,150.996376509574,93.9810821347871,213.381620077473,310.626943634096,369.009686779095,10.4263638995342,6.44800551344215,3.38780049782129,2.18132485938801,-3.8644504603777,-1.31736069917595,5.80358014703039,8.42696302175326,5.43107372500931,3.15287710612842,-2.40053336753588,-3.56358640624768,7.38585396062979,-1.93704373316633,4.52210072282553,8.2975423365965,9.33306286109645,6.44209727391571,-0.544016100292331,-13.4342327209475,-25.1287582935086,-19.4588719540324,-18.703574559165,-5.80907968926858,8.96309067368387,4.71137878941279,-4.92737783032027,-8.74399415571664,-31.4771504113824,89.7077742267757,-43.2302434089298,7.50552500072348,-0.0427296321021613,44.7499501824099,-39.6492869695529,11.7040158212214,7.24135991148126,10.820645525841,-32.3872103399928,-72.276831458682,-144.681961421142,-135.999101434932,-0.04547657879485242,0.057148970127091546,-0.1885577468698243,-0.5784709727093778,1.177722790199482,-0.2277498410874784,-0.1367938382283032,-0.3595048214229624,-0.04526251275167949,-0.002142029230401999,0.17678110143128256,-0.2106253765003265,-0.053801963569145406,0.04209702374268091,-0.02344663227704637,-0.15291669561924898,-0.5527154293175567,-0.19112368975014069,-0.08676742472338794,0.48571425604160257,-0.10721319927360796,-0.17885320107979755,-0.0729611797231506,-0.1830067404598198,-0.004685431883976811,0.25532273064166205,0.17291091985340964,-0.06543401017803607,-0.06537694758264515,0.08383054498989151,0.25847197898200575,0.18877807795151672,0.19129262164921673,0.37006203128951826,-0.42044664535416654,0.14264696808371977,-0.1991500586024721,0.030760543206235915,-0.15710077673821662,-0.22559457734094482,-0.1149593281179083,0.1903316406689004,0.00874663726198123,-0.05461980137879753,0.11263441256914651,-0.2141199666088946,-0.22101509992164017,0.2136122249747663,-0.022238716226061696,0.2197474747474749,14.607245465092754
5,-19.8307067793342,84.9456810276669,270.960109190911,68.7452064888449,310.626943634096,558.230297430652,710.279643363394,15.0194235925803,10.3064674232875,9.93538927767104,6.28574647107255,-8.34535959699766,4.03938870609236,15.6853175966528,19.2259113740616,10.0588657567273,2.10411485890404,-5.83652666399133,-0.841786313072992,19.8061187890047,-4.00046796655673,2.45440117943944,12.0490997090246,15.7959430921729,21.9006022587,1.31259599693904,-20.9267306171948,-35.3293995433885,-25.351401259011,-25.3343863350502,-6.07727855788554,28.2782015784146,23.9352434269354,12.7274723342948,-5.18754227267165,-34.9476853476908,202.312073694314,-63.6139404594338,35.2101685346098,5.40510827100156,96.8018162895137,-33.0594718845699,13.8178473192038,-3.82174535937914,4.24719326632768,-66.7731710953458,-78.9310286259791,-161.52897677661,-158.162000658887,0.0038091542987644294,-0.2383071232534334,-0.2293764806059566,-0.100410659631979,-0.22380945765682203,1.2985660317728527,-0.7687612885803845,0.1338923316818515,-0.172159054000361,-0.06936558596508917,-0.2668264056686329,0.3289299652722849,0.0690596544883366,0.2687450836022985,0.16757694226897452,-0.004882567383681631,-0.08554359897827374,-0.2036267660373531,0.11893527182362418,0.15000230856392285,0.2665837670532093,0.022754791922307217,0.04621264828477558,-0.019829271974004584,-0.01832609006305016,-0.2873610454531625,0.2354398225989568,0.06931604341692364,-0.06306368537818122,0.41643086987147826,0.14222764203970914,-0.2670106321270497,-0.35155588793135834,-0.05070015166292081,-0.06956223548013268,-0.09992932321656967,0.04819585559365743,0.03866527839917586,0.2878693671599245,-0.1688371824894163,0.1943308130380187,0.15850253430818614,-0.21765641159289972,0.0798902563773707,-0.1601957103007135,0.0499443548922253,0.36365179625646965,-0.18820089887528746,0.012201967688497375,2.32587542087542,23.626686128838543
6,-51.1645026369246,74.0126479118683,293.498921478899,31.129739975789,369.009686779095,710.279643363394,1003.51891898647,15.1237040911384,11.733276614602,11.6406947046084,-2.08940283977726,-10.9119881149878,11.8700976369154,24.4262667431738,28.3465715665127,13.9697253857088,1.06914611518317,-13.1585268491879,6.96512401592273,27.6150054566665,-5.46067002120917,1.38141917539134,16.907590982564,25.1693523759546,36.232756448822,-0.977987343288474,-18.268070991925,-31.9114019084609,-21.8633400334192,-25.8971470315972,-0.422047769564312,41.9561590811557,25.9951230586168,2.59226076047944,-30.6633434328106,-74.1199892169196,276.036592453783,-91.1079118701503,78.2461929700728,-13.4225705858383,129.290468750011,-17.914041567613,18.4986231997868,-11.4027113910588,7.00954060292889,-73.6223737329228,-63.6643686674121,-162.514484969006,-163.776099395449,0.025208869813675386,0.33993955674556,0.07081419246609713,0.21132311470375764,-0.13364727881046093,-0.7730629104047755,0.6638408435911433,0.0563085581367857,-0.004113263477372601,0.008706806114590336,0.09739562080603884,-0.13421029136419435,-0.11527786512233387,-0.15695105257574268,-0.10117080455146256,-0.016013562774435948,0.15788266009933735,0.1479844930792872,-0.038820664744200546,-0.3421321040219707,-0.10672574713464426,-0.073491108378073,0.019671423736896183,0.12539470617475218,-0.07704742397245519,0.10718185579174377,-0.11775214719219164,-0.04979550355095153,0.0996766035872,-0.2509487552108643,-0.10806874527917745,0.22612612909583038,0.2272095575951935,-0.11289747950075607,0.29745758221143614,0.0745083435524504,-0.16237037797113943,0.025719914358986285,-0.1854538003172639,0.164484908756276,-0.1870839232246743,-0.029841376741054228,0.03286558666947543,0.12078778235020103,0.013000103677745425,0.020897004632791556,-0.1997544255706028,0.054355576182184895,-0.006520692709157224,3.8945033670033675,31.678208898017978
30,-7.20084426178243,3.82479934220609,5.43981374340911,4.52501448585759,10.4263638995342,15.0194235925803,15.1237040911384,3.34420103859916,1.74259185351554,0.752170644982628,0.0984458141902801,-0.533945219120449,-0.466568425926689,-0.321791039129578,0.503804523711392,0.79144191746586,1.0858123805665,-0.176113318947374,-0.81188517907407,-0.0236229842274575,-0.269127929926875,-0.841402308865778,-0.475383579876956,-0.223771752197395,1.47939522633153,2.01686447456887,2.41435924283748,0.870146079129373,-1.04300529241148,-4.05502175900034,-0.809036097523943,5.43619550580441,6.87203895432031,8.16325300437621,13.2582369203609,11.9061786809474,21.7422891163523,16.9616038069734,6.6952671246599,5.0813447820764,10.7486366300408,7.4626988979667,1.66027602074626,-2.08924996344994,-3.01478313237708,-1.01205121066465,13.9128257650252,26.8863139922885,9.40907902200479,0.19544461523672652,-0.22831116124009773,0.0013622160180663844,-0.12796186976416524,-0.34904104384428514,0.15299768652714563,0.05518601456603461,4.093249365316234,-0.7722446293928902,-0.21535870428032342,-0.4457237107907282,-0.08356036170084173,-0.27497605237999206,0.07308837057823599,-0.45152296370502387,-0.16685499388856448,-0.04387193576343559,0.09715941722793539,-0.03410143018770914,-0.21180232819928616,0.005456969250404985,0.008598396286910566,0.06933839559334895,0.14095670092973078,0.05247770077958212,-0.34096914128925243,-0.07240330213807719,-0.2613929921122022,0.2856707901596323,-0.006732817605856266,0.15875366577942174,-0.48120800290478166,0.06663412146389389,0.31085962048518656,-0.29919104555092857,0.08021110326778332,-0.00041103164264077286,-0.052373697723515966,-0.22321097657025593,0.04655787140642178,-0.13244298113827524,0.01649908648018888,0.3046809190203753,0.06641341571129945,0.057708382715559434,-0.03145964568585156,0.08300479224813893,-0.048160408994178686,-0.02894272993649979,-1.519090909090909,1.825979473761728
31,-0.658319797970086,2.1624255689902,5.51254708876689,1.4207717595125,6.44800551344215,10.3064674232875,11.733276614602,1.74259185351554,2.83515964240102,1.48569078153542,-1.0128175121247,-1.355518075738,0.468543324137987,1.06257612442398,2.3098578627609,2.14664004508984,1.87194218506749,1.27609077773161,-0.23963861993368,0.117743548919552,-0.0926009221688257,0.471893866873046,1.47619020199545,0.349972134858621,0.812746196194069,2.22473849302162,0.0388942320135843,0.818375679507505,0.66675495796623,-2.26594572943193,0.708368809449336,2.37646726247335,2.98261207479754,2.76878282016059,1.9560113323282,3.72245083373927,3.00186902333806,-2.24288740590245,4.66692574782031,2.01656807523729,3.00896432561017,3.44491783007485,-2.37394177029262,-2.34643919674488,-1.47954495304476,0.940063168616748,5.43491509676165,6.56121483282729,-9.97446361784548,0.013246608744129414,-0.20212078036678124,0.21177454058412423,-0.041119965256940776,-0.06221629403460008,-0.19756810624335752,-0.012471079516333045,-0.7658485608040656,3.7928263655765626,-0.4959845573347079,-0.024029177765691884,0.09253418196761085,-0.1714090073987653,-0.05509868548555088,-0.7790738399698279,-0.6128816867512713,-0.039676848584200224,0.12088265462437701,0.15077475069312735,0.09586567296373638,0.00956140340700647,-0.2022094351563936,-0.0160447507754761,0.44229355846093693,0.06715688776142882,-0.6178408033243424,0.5364314454970293,-0.1052625718999126,-0.09044331225222729,0.173925201427974,-0.3514687537766585,0.19433609180640724,-0.029713126266141827,-0.05030470141757055,-0.23658868306176642,0.07095745658057435,0.3994984818507931,-0.13167819330944106,-0.16575026526966333,0.2511625175140815,-0.18135020996019718,-0.25600096899782165,0.23362526630595468,0.015220280462202895,0.02662577842130146,-0.02473028414500018,0.1382630240610373,-0.0912631705763857,0.03610834623417032,-1.422222222222222,1.680821121476352
32,0.706404903899247,2.11802111514285,6.54479624092932,-1.08695907464401,3.38780049782129,9.93538927767104,11.6406947046084,0.752170644982628,1.48569078153542,4.7795162835249,-0.141950685605851,-1.48916590556647,-0.584105507338261,-0.538609204801501,0.444408223823955,-0.186477894103722,-0.318904733421991,-0.548551924505867,0.0563272840178036,0.26008225125955,0.293644043001742,0.767924453539251,1.61176873622118,-0.953606147213389,1.06435497147793,0.905470064710907,-0.551047933000531,-3.59696165666327,-0.74295723066481,-1.74131685618283,0.291655328452001,0.585567824518367,0.340884190833701,-1.53627696780076,-4.48144746351284,-2.77351939437048,-8.0054074360107,-1.48928518519328,8.16604697416987,1.97331844854798,-3.25820338486492,-9.49024048019362,-2.48490741343078,1.3709856355977,0.528438296270801,-0.118952477013666,4.02309197589654,5.43136360898605,16.8315085321029,0.0452216418863238,0.052453647925116795,-0.22564869888114622,0.08234188727027726,-0.0005693809432860098,-0.02239094645473056,0.01858704864394488,-0.20030847108758237,-0.5166628057268944,2.9461860057649547,-0.10621525208206281,-0.613421745382985,0.07598139069093669,0.13312045233846106,-0.04334837092661609,0.1626389379697754,0.15589775896984875,0.4155358903801008,0.040669085157400996,-0.01527392524713732,0.12281744998557764,0.002657732032564736,0.35155196413366263,0.07559245219064312,-0.06535040545846245,-0.4126581148674688,0.005535924960032279,0.48577087202215546,-0.5932902074971224,0.24976940044949805,-0.18704526570624405,0.021551782391851883,-0.22883378206718702,0.08520602107905206,0.10508907011308619,0.03592307150099239,0.222314649572993,-0.012918195124023405,-0.3740256702053609,-0.4408820833689038,-0.09760461916470851,0.09751247630904648,0.35590343921182255,-0.2589716953129765,0.43137659852434485,-0.4959285745656173,0.17837591172135958,-0.006625919571504345,-0.08796524960692646,-0.9583333333333333,2.183922224696865
33,8.45423928244212,5.89289415528674,9.32665315761239,2.65981337151328,2.18132485938801,6.28574647107255,-2.08940283977726,0.0984458141902801,-1.0128175121247,-0.141950685605851,4.16648148148148,1.16788011631897,0.312773370276719,-0.796984093611083,-1.36050913298791,-1.00221249767334,-1.01442378633656,-0.92903547403476,0.23211331667517,0.131183645736505,-0.435129573253924,-1.17182916793467,-2.62854426790918,-1.89365947289749,-0.217450351463077,-0.409606652809349,-0.641617114794398,0.364109031033102,1.24034142243585,2.06778887298876,-1.81558600002364,-2.71358232690535,-1.48123132194047,-0.170888755989137,5.80418868461885,3.78723806364296,2.12752891830691,2.48826935096685,-6.1931180253022,1.58695727737434,-1.86916046820954,-3.36647752246924,2.60047689376064,-0.792918112723383,-2.5742972036982,-7.46267190747591,-2.22286158560745,7.8820091321439,29.9751357906553,-0.2028780998227673,-0.12195943565618593,-0.16745700218949394,0.11821454185937284,0.20086390721178538,-0.301216609959595,0.11361217335019119,-0.4471681174968026,-0.027113186234237776,-0.1374403735944681,3.7850689138729856,-0.49448691084652185,0.015189019101187856,0.4541932621680933,0.025564773957546413,-0.005358933471994039,0.006140774048157732,0.022671163196616835,0.0037565160605538004,-0.05276244689173906,0.025847901869894566,-0.3436500514765122,0.20919274688668918,-0.07506312916312537,0.37123345969772453,0.034357026917606275,-0.10112026725509786,-0.06851697809848914,-0.18606532887940272,-0.3421818064170724,0.13802887725872454,-0.014163271170169208,0.030583571173864912,0.014968355099498622,-0.1435141952710645,-0.09862159793219075,-0.3001101869685554,-0.04314592680938093,0.22257177806773096,0.21792495189155006,0.39492029597836964,0.28992068172574226,0.11292047003426578,-0.03331405789539808,-0.022754213208179736,-0.32689801430164406,0.7575707439337142,-0.3977654672180429,-0.027262177086796124,-1.6277777777777775,2.0387450751581184
34,-10.5076137647043,-3.64448642898719,-13.8732271374355,-3.41018162850204,-3.8644504603777,-8.34535959699766,-10.9119881149878,-0.533945219120449,-1.355518075738,-1.48916590556647,1.16788011631897,11.4737931034483,3.34948638179795,2.21701807682637,-1.19443686087018,-1.6710617831726,-3.22089051100752,-1.31589588281294,-0.916434820043711,0.674909550589772,0.382812211383232,0.791901512917272,2.07016834586948,1.38499328467127,-0.710106404511347,-4.67132123340378,-8.71844190374302,-5.13471411462305,-3.7587032640262,-4.75709117840963,-3.93241775725799,-1.70055964372005,-1.39156341032699,0.92437506007006,12.4415230228479,10.5087874319924,4.38434413260804,1.17221965879051,-11.6446424099231,0.0028308038480082,-0.248472326635242,6.74663080547291,7.84666852867685,1.1864275750524,-1.51399472895016,1.1111357824525,15.5344102225974,33.282623125698,49.9362835464279,0.2232944229487367,0.41228445332943753,-0.0010778232220987293,0.029533969194228366,-0.19442606128869394,0.3304560052212996,-0.14325608607119464,-0.098276063562376,0.08322020089251146,-0.6091439444300052,-0.48566789466763016,1.8283526607452132,-0.4898579845730128,-0.12433778877815545,0.15124605170259547,-0.06317216877188259,0.09879580085906277,-0.2400056731605746,0.27495731696568304,-0.5713967260068772,0.0009110168099458819,-0.02889664532457875,-0.18837140692466312,0.04479294200737159,0.06573554640623941,0.093509067222138,0.24371948181624234,-0.11926115894679849,-0.05604974353624413,0.13375658131583193,-0.19004809251647958,-0.22056387385207415,-0.00711559933995948,-0.0806871411850674,0.08209372425419036,-0.26114278134437624,-0.20190776343873895,0.12211589304822619,0.44227595874830594,-0.079363460639671,0.23155223652463472,0.013009409888299184,-0.0909501731536489,-0.5607101667805651,0.594532505682262,0.09306830242528728,-0.016626317403953608,0.10737150120051897,-0.07654107167190863,-2.35,3.3858223673796406
35,5.41558824745672,1.56367697115326,-14.7569125064874,-8.97242461638094,-1.31736069917595,4.03938870609236,11.8700976369154,-0.466568425926689,0.468543324137987,-0.584105507338261,0.312773370276719,3.34948638179795,13.5355747126437,5.66385033325862,0.381608835772902,1.20900175538321,0.57193553242125,-0.501637577408774,1.62625395776772,-0.439924741873455,0.888997984866947,-1.94645233757474,-1.32387722627567,-1.53866609102693,2.5530269742857,-1.30904306894347,-2.09895519753434,-2.4492603077148,2.90058398696978,1.20733976916032,-2.5894807374454,-2.51669058440843,-5.09733650884681,-3.51108256501149,-3.66661443053738,-18.4285713200525,-22.1447272091954,-38.2890722773594,-10.0296395444172,-9.10787725598413,-7.81198519363407,-31.2383652543431,-6.72647419693074,-2.95628112148063,-3.42446803475066,-7.23244844206732,1.15395271037297,-1.02591573856902,0.0386858067108275,-0.25146921366608604,-0.01222419889287458,0.05372727197579067,0.30654037597408235,-0.0600882498962761,0.0711792321421424,-0.10880077188440142,-0.24502568446984663,-0.13817029044461823,0.08700773566413046,0.015523466793164624,-0.490951031838868,1.9348398029537188,-0.6252003424096253,0.17879543553854996,-0.32086223112866386,-0.3767353711171495,0.3220774654489966,0.2605487144930804,0.08225390027832663,-0.40862984605491465,0.41639264528843173,-0.10039251135014836,0.25197992006997455,-0.13223156341628897,-0.13214548446047406,0.009570516740614435,0.28686555670404734,-0.25432562959595484,0.15156112116710044,0.2811709329440065,-0.3468602833864856,0.5198957945016699,-0.02671788269022261,-0.37902088162942504,0.08591281508231474,0.11440219420837074,-0.14678256834470374,0.16090985245512787,0.356495736566379,0.14392787928975645,0.07059190231523281,0.08238597008670083,0.022609569865945575,-0.4036569722337894,0.27610604996667915,-0.20817508586887404,-0.035270322844665025,0.14083282977012282,-1.4833333333333334,3.6777132450265446
36,-2.38125170798116,5.66732166085665,5.05596339657781,-7.050440983461,5.80358014703039,15.6853175966528,24.4262667431738,-0.321791039129578,1.06257612442398,-0.538609204801501,-0.796984093611083,2.21701807682637,5.66385033325862,6.38260536398467,3.98736777412113,2.35133891632313,0.138588011571752,1.03802267658899,1.54363741394761,1.60949230730693,1.24646396698286,0.561018209477223,1.84282804327668,2.47274761582434,0.406857001933945,-2.58339476797667,-6.20552074836341,-5.99670015955299,-0.563406386472646,-0.784773047272484,1.76422551605114,2.53024644502724,2.28613427718273,2.97724107291247,1.58778585155271,-3.57038446765459,4.47073266092778,-19.4073935299166,-4.52999633543332,-2.40415525536897,3.69425519815541,-1.42030712168108,0.282746575661269,0.134290037589858,1.9878371973101,3.28585576005822,6.22356283753522,2.86789020229875,-11.6961428054402,0.01657308253417305,-0.2725555529616278,0.005411307645097353,-0.15046951595678926,0.0465847367986344,0.2590803098136004,-0.15237486520180632,0.06830997943687452,-0.05256165947809525,0.12123300786825826,0.4170873737409916,-0.1197886695194702,-0.6112478553527764,2.768460862941139,-0.7721245517878746,-0.4058002211051096,0.18360320912462047,0.15565621582986533,-0.21767600080120128,-0.3136569679395546,-0.38543310941270276,0.11857835967117378,-0.005595857710494329,-0.299357293614614,0.02373051771234578,0.39124367459745535,0.17889896517187853,0.32306200299128196,-0.5945728034332923,0.19260191169537486,-0.10145526387540767,-0.026411305420871486,-0.010741461524202514,-0.2543197530518132,0.22527320494416275,-0.04899579858881062,0.028759190862797296,0.06984643965922278,0.12338463114317491,-0.23405459006251594,-0.11735635012687241,0.045654286675228424,-0.26493777296419013,0.3722222530193082,-0.2721095063467744,0.2605291764143016,-0.025953495289645998,-0.02922242505919348,0.01703762573445616,-2.25,2.524401981457128
37,-2.29703164011952,6.62529745061404,17.0020272038845,-5.84351299830107,8.42696302175326,19.2259113740616,28.3465715665127,0.503804523711392,2.3098578627609,0.444408223823955,-1.36050913298791,-1.19443686087018,0.381608835772902,3.98736777412113,6.19701309067688,4.02682011823245,2.48062143380056,2.74606455574105,1.08243146294444,2.11701190635327,0.547631118818662,1.22690256084725,3.40932087342811,3.71663029441241,0.0789323152864939,1.67522807323056,-3.67012367397522,-4.86501281520652,-1.10005780831084,0.373092108622825,4.75138760191745,3.77179685864737,3.15479678399224,1.12415579859944,-0.684046643938248,0.615091295191291,15.2275505830253,-4.13281247139786,1.85899757277776,3.33021534516115,4.43249580955814,18.6534354175789,3.51865689516949,0.322530542191644,3.41774366275316,8.44784513971377,9.61717108446286,7.36346515464787,-14.8168958425048,0.002346430687767448,-0.5191472314471074,0.11726429159820838,-0.04351093978250462,-0.02698684504283198,0.1627206477522157,-0.1090884142848968,-0.46123002057983425,-0.764500714634159,-0.03869542744140039,0.02375398104058032,0.16196773955970592,0.1547868118898755,-0.7712942023871873,3.394336624980605,-0.8891448753885457,0.021142044217653793,-0.07012591163766196,-0.6237063678621394,-0.5313292163973928,0.05175035105363104,-0.22907639906841007,-0.036773120336606284,-0.5763730838899382,0.07084303646685591,-0.4485171585617958,0.3063468197167409,0.05706641960860433,0.018103501462362413,-0.11973477813717975,-0.24546143718000177,0.1587446623984567,-0.0019220358684841146,0.24341892773548768,0.09571042730025121,-0.05088211044910799,0.020975742082978248,0.006944399847405277,-0.01869311272015766,0.03705979191018807,-0.23469570567692868,-0.051396105350105394,-0.03203506083179401,0.19571542234276332,-0.02252008175306382,-0.12278625644878578,-0.0056235132968210635,0.01043123025288169,-0.01490088760262797,-1.8027777777777776,2.4873707183845526
38,-1.21069034283866,4.78104452491778,11.5175380502461,-3.25578546100187,5.43107372500931,10.0588657567273,13.9697253857088,0.79144191746586,2.14664004508984,-0.186477894103722,-1.00221249767334,-1.6710617831726,1.20900175538321,2.35133891632313,4.02682011823245,5.36617017879949,6.19415381138033,5.56574716931033,0.590915541925156,1.06428552617856,0.277878957370583,-0.58923534345144,-0.746568931265795,1.23191805545339,-0.0734029037687395,2.23921543638178,1.64296992455324,3.55834407087569,3.66105954294026,0.942596362904249,3.6081864137438,2.91186572623689,3.07762887397374,2.61940842540036,-1.75452271580804,0.0506172054973173,7.82136049877202,-3.25473117171286,0.993344712883853,3.20400426347172,0.289519337954947,15.5113817390773,0.445805382887853,0.172835839346238,2.62506953466909,8.87722744037115,12.975062039751,12.9639319740095,-18.9762770271485,0.0222803323335885,-0.3212732822683376,0.09851970762702679,-0.007357588702651097,-0.16441524043131375,-0.01098695948904522,-0.011119936165781892,-0.1485796099789552,-0.6123604628988172,0.17628753407671469,-0.0014320510786212189,-0.07856817039192622,-0.3108052453607787,-0.4160591448818176,-0.8608672403318837,4.411431295116437,-1.055935754954262,-0.5332413024878793,-0.01244493326066234,-0.10911529279759305,-0.045974010240522646,-0.11233927419575065,0.009122173570828685,-0.15889799902747256,0.21398406064520056,-0.09243345479539225,-0.05746916043411163,-0.1996412198490206,-0.20350086553219376,-0.004838480337100622,-0.21087280626903468,0.0381435277160649,-0.007522580588274632,-0.15742429282438888,0.05819014610758907,0.03853595190348836,0.059316957644058366,-0.011942622547143317,-0.07186004906303514,0.010008651558695843,0.2137073806597217,-0.1649533805269345,-0.005894866332670145,0.016780841226750852,-0.14774148746669216,0.06964303666376476,0.00453403574193974,-0.031107817953068974,0.020938592985660805,-1.6194444444444445,2.3143401173551585
39,1.61179245084435,2.74052559144619,6.29123337548054,-0.53799830009082,3.15287710612842,2.10411485890404,1.06914611518317,1.0858123805665,1.87194218506749,-0.318904733421991,-1.01442378633656,-3.22089051100752,0.57193553242125,0.138588011571752,2.48062143380056,6.19415381138033,10.1079326309068,9.12772116572994,0.0548017787478081,0.340011890081179,0.041078852857641,-1.63514251243469,-4.46881986633676,-0.157778423274311,0.652861116511738,3.71794477887459,6.92386354063846,5.49922042554725,4.55463204066673,1.54991380991345,3.12433993002885,2.52885229542888,3.65911848134026,4.29373988442582,-0.965083671126879,2.61458531753955,4.82482326265378,2.49512505248608,2.45278232206389,5.13823678803568,-1.55056274911711,15.4844594546106,-1.82918146848097,-0.29854955246719,1.08039070354961,9.4480413253592,17.3661694139062,21.6798157297453,-17.7130368668027,0.006163063880055608,-0.07015620571586101,0.1347169777569337,0.2794568441086731,-0.573850466241834,-0.09674503686375384,0.17989400665694422,-0.043397400313620695,-0.03310060416398378,0.18030139612346602,0.006474548713820822,0.0852195264727115,-0.395820049712055,0.1807481820269617,0.024112712108333826,-1.042564074673021,3.4515301626843664,-1.45242448708604,0.47453721802939897,0.13632687374214197,-0.17876858735899737,-0.016173511092966403,0.3717037159503873,-0.11093694826856301,-0.19206957301551325,-0.04147745640011754,-0.6725324040125227,0.01405892716257932,-0.021665622397067374,-0.0521257924513507,-0.02853127886464123,-0.08252618225094978,0.04805695395552713,-0.0876758690818929,0.06382110339259285,0.05678028412569105,0.0998979445365315,0.0010590840385147086,-0.04722075554279973,-0.10882811586657594,0.18655311490240686,-0.24458720640581066,0.20089427797847714,0.07011546459914669,-0.18265256004591202,0.037102458559928594,-0.02232666330632462,0.0031801209336250916,-0.022029606642966704,-1.6694444444444445,3.1777244422553017
40,11.9549578642854,2.49408477530996,0.400010229845319,-2.6343687540532,-2.40053336753588,-5.83652666399133,-13.1585268491879,-0.176113318947374,1.27609077773161,-0.548551924505867,-0.92903547403476,-1.31589588281294,-0.501637577408774,1.03802267658899,2.74606455574105,5.56574716931033,9.12772116572994,14.0944588122605,2.63928477638837,1.25913732314085,0.77414791843501,0.0827679519181552,-3.18238983732154,-0.190923421155306,-2.23866637042578,-0.588881279940208,0.0836299146959929,-3.13932734054267,-1.08260339453391,-0.0936397611721622,4.63922521331064,5.88198788715011,9.54025992314267,11.8901600471494,3.5689876303438,11.8784381608641,4.83222776422963,2.25000994695802,4.50481963542707,6.49146583809104,1.84469359939264,11.1517292447607,-4.28063907351648,1.81313800563047,-1.43095018319067,9.38112470345469,19.8276418166582,25.6337338134288,-20.9911590581579,-0.10895993852268765,0.11991190795149816,0.13330343751941026,0.25575807222235813,-0.19806336968205568,-0.1965161851835018,0.13970581675924576,0.09137226785527006,0.1312892030455804,0.41174345708680177,0.02518193638181243,-0.24254297315834966,0.3602359574753548,0.15890437022179288,-0.07065795409632215,-0.5452970146862522,-1.4559285293942819,2.3103126943474197,-0.4085546224983661,-0.0997960119743507,0.12514687929834295,0.013301323684018861,0.30812449039056167,-0.20211713088906721,0.23961588626802022,0.021871533644555255,0.08006606971262262,0.11611349539017458,0.24978629489390883,-0.03540632262944719,-0.16299468773590767,-0.10562452251263335,-0.32009669551091924,-0.33422331904925806,0.20515963392220452,-0.11493113108215489,0.2010704816615307,0.022665415984550234,-0.00382889206959514,-0.08800479944400807,0.14125668823975623,-0.1204825368778367,-0.05568468740445789,-0.2762460545447489,0.10935527400182614,0.2940839273483994,-0.19857954941259948,0.10281259296673484,0.0017837101065379139,-1.575,3.752926699558697
41,11.4343167388121,-2.0325630430029,0.229824523627945,-4.68007731353513,-3.56358640624768,-0.841786313072992,6.96512401592273,-0.81188517907407,-0.23963861993368,0.0563272840178036,0.23211331667517,-0.916434820043711,1.62625395776772,1.54363741394761,1.08243146294444,0.590915541925156,0.0548017787478081,2.63928477638837,6.54926848304243,1.44619966626121,0.507972963322634,-0.565709416675149,-2.33113003915906,-1.56291190268444,-1.34960560598612,-3.48067336436025,-2.36881034839939,-2.44570606626382,0.841884949976526,2.03250104076829,0.26906615078881,0.587236987105414,-1.26975786753389,-4.18683529232743,-8.38041860120882,-16.5738439907859,-9.06041078911303,-4.87022691959516,2.33207886531304,-6.66845675057716,-6.58785206997165,-5.53524528112653,-3.31428370043754,-2.63019193923681,-5.94049462758757,-8.08565981409278,-4.53951632023262,-5.56070371639639,13.0124602992265,-0.2003505849220932,0.1967262686240944,-0.13317537816703096,0.17216327461133066,-0.08087231801713847,0.15611759049496046,-0.034754861997205136,-0.035329953073544924,0.16465666444285723,0.04208501271452459,-0.0008953795773762816,0.25959302686292807,0.23248073595980412,-0.20793939893584729,-0.6038929037052129,-0.016201039743106025,0.4481774341416595,-0.4135521737982858,2.7288535550654487,-0.6613658754927527,0.3422286889894812,0.2946335418188318,0.466068470501734,-0.14514713082730055,0.536910861618536,0.20410943545683674,0.33169729911321416,0.014789233247282646,-0.11482877996340432,-0.171631035661573,0.41139899403714464,-0.03267786907917646,-0.36258996387567255,0.28410159246503386,-0.20940893332595126,0.1998292886211628,0.03028454642594677,-0.12242103842902496,-0.14019550004715692,0.38554019055677724,0.049829129207040516,0.16506431528049195,-0.2073804602338646,0.1783630900009788,0.30735613138404805,-0.05194845703770145,-0.27208418752095803,0.0682928954791622,0.03283848455095103,-2.5203703703703706,2.5571993436262312
42,-2.40149488272429,5.71405715436627,18.2914927105393,-1.45653702053119,7.38585396062979,19.8061187890047,27.6150054566665,-0.0236229842274575,0.117743548919552,0.26008225125955,0.131183645736505,0.674909550589772,-0.439924741873455,1.60949230730693,2.11701190635327,1.06428552617856,0.340011890081179,1.25913732314085,1.44619966626121,5.68175837235703,0.628347812266949,-0.0303927880981493,-0.839610913154228,-0.827192914722071,-0.588962767647151,-0.544706235313379,-1.6282868978354,-4.30587679719168,-3.23165580246738,-0.503704026798518,-1.92826537889928,-0.310418287406644,-0.343852383363771,-0.257004186288213,-4.53276775642522,-2.94114454412854,8.10832410074377,-3.44842286457689,1.27343975537706,0.252594062127918,0.929030778805431,9.68466854604974,1.4919606377694,-0.325916787542164,0.385952396806402,-2.53087099184503,-17.4308908243693,-32.4384443387423,-29.2654481545105,-0.0193841643410373,-0.1698965961330977,-0.06717799867311934,-0.29467712473373436,0.4791938532875427,0.16793380783278242,-0.36292043920493544,-0.2317103606848877,0.10246941628405139,-0.03265251345515562,-0.0496366593961551,-0.5399167073496176,0.0753632140601835,-0.3229368829706501,-0.5326837526108517,-0.10302084578515039,0.08786137979941168,-0.11130318042032614,-0.7401153412023201,2.754237063828309,0.0005830487282156128,0.018044231446605597,0.027450977202471527,0.24782183218427975,0.289349161959074,-0.16683110419169658,-0.5869343225917755,0.06439849759469785,0.40881091913936,0.0013830625971926502,0.6287876929040619,-0.006208595829314135,-0.06496109729562098,-0.4626677021657108,-0.0507100056280862,-0.041689727911208584,0.039925490252821896,0.12546595617751385,-0.08508200191887012,-0.1843559166707719,0.29050936651762915,-0.10461252413871618,-0.2861519514851804,-0.03652453256715764,0.053363752943221425,-0.23046513429015383,-0.019281275503946156,0.1949996353949355,-0.07294287395238729,-1.710185185185185,2.381545374826403
