,Cov_0,Cov_1,Cov_2,Cov_3,Cov_4,Cov_5,Cov_6,Cov_30,Cov_31,Cov_32,Cov_33,Cov_34,Cov_35,Cov_36,Cov_37,Cov_38,Cov_39,Cov_40,Cov_41,Cov_42,Cov_43,Cov_44,Cov_45,Cov_46,Cov_47,Cov_48,Cov_49,Cov_50,Cov_51,Cov_52,Cov_53,Cov_54,Cov_55,Cov_56,Cov_57,Cov_58,Cov_59,Cov_60,Cov_61,Cov_62,Cov_63,Cov_64,Cov_65,Cov_66,Cov_67,Cov_68,Cov_69,Cov_70,Cov_71,C_0,C_1,C_2,C_3,C_4,C_5,C_6,C_30,C_31,C_32,C_33,C_34,C_35,C_36,C_37,C_38,C_39,C_40,C_41,C_42,C_43,C_44,C_45,C_46,C_47,C_48,C_49,C_50,C_51,C_52,C_53,C_54,C_55,C_56,C_57,C_58,C_59,C_60,C_61,C_62,C_63,C_64,C_65,C_66,C_67,C_68,C_69,C_70,C_71,Mean,Std
0,3123.48433716475,593.857877357844,1599.89429032271,1202.45159159611,177.173097993477,453.406298346839,518.515597162275,316.874614924055,14.0750300417801,-8.87429351984305,32.6292350078761,6.04990682835345,-27.7113105078207,32.2225992638636,73.7083379537406,114.801644585386,31.0480887639868,24.8308502499325,-2.56714749548675,-11.1636297613798,2.15760540651683,46.3078052432385,-6.97855454223556,5.16277856658897,-13.9563412604707,-9.9586699667182,-52.6150804738405,27.7024626272009,-9.824933398047,17.859395560652,189.62543707609,232.383623808383,352.465962854519,280.462777682283,168.818742813473,21.3659431989059,27.0844094995334,-129.215633874972,359.275149069932,116.980339631081,26.6223686481961,-112.698996971427,91.7213849929004,-31.510591702849,62.3714120279809,104.925667648107,-187.776738686049,132.990523363901,-9.75613209578272,0.2294681137745554,0.009405949826296256,-0.14203388933030026,-0.09610183703524297,-0.10358592169172494,-0.05190872575837267,0.022845428327231836,-0.26441395113798677,-0.007600620862821319,-0.02677462164667271,0.022717359093578735,0.017662561897279473,-0.0781736143525619,-0.044033154755980033,-0.01396230682186921,-0.08446299876414494,-0.16266429696855436,-0.1886586357233092,-0.04265418608528544,-0.12205549069560759,0.0020265784291030927,0.054563449125740134,0.12222299267146952,0.052244118287703575,0.0233792815371508,-0.03691304421150864,-0.16934332015903336,-0.11196997143724895,-0.02944008007194553,0.15415654196988202,0.006746211971896765,-0.09637199494313217,-0.19971514943972823,-0.14358989141919945,-0.15101415070710422,0.1258267718432588,-0.07838230646765616,0.20396477598669677,-0.07955656090050028,-0.23094465298307568,0.0977755264057176,-0.043696916277300574,0.10142870167411987,-0.08183922165517026,0.029455687745264886,-0.007315898939130045,-0.019175757018113044,-0.0028504816045621323,0.28400804984110506,18.403333333333332,55.888051828317934
1,593.857877357844,304.353129310345,530.791021271712,269.401234781779,-10.3982127337021,107.222630411606,261.450124594575,48.652164229732,1.49854635800079,-3.48114438468912,2.99765436352428,1.80143585178555,-8.38810512393839,1.79458545581308,12.2893029937613,24.415184294615,1.11175690631981,10.0308369049319,-1.38985999308572,1.85295852647372,0.980582588649774,1.86047497228097,2.78335129563516,10.6737160559238,-6.95311565702443,5.17111560274276,-8.1234044508471,6.52018955376411,22.1938528172461,-18.1722239241381,12.957559427418,47.4477394323371,75.9879789043147,54.5827324203603,41.7971015304228,-20.6571351137054,-50.4427296583655,-22.0310697962721,42.3322001824818,63.0059156304351,56.7115611210761,-14.430713317368,144.267212868552,15.508556929329,49.12825064664,108.445006153299,-64.4725325292873,-20.3337942157707,59.6040491963165,0.008184192948732544,0.3876208133167764,-0.14357401611808937,-0.15139423317556802,-0.03137002219766636,0.06233415404005465,-0.01083840979572788,0.21208070514496874,0.00501905874461438,-0.08947890538866697,0.21550363076960058,0.1494600640149859,-0.17226301371491218,0.03805254779503867,0.17073110541077552,-0.002832564421094565,-0.012197227839189825,0.17677973764084653,0.01685292517678308,-0.24603158743425058,-0.11398032376558571,-0.01595273003902123,-0.10588124977508406,-0.11102774978045746,0.2329531160906481,-0.031242130211292858,0.047315513108758804,0.014345325464462695,-0.2598916226316663,-0.06384897511716946,0.27138927901801196,-0.10131512075756392,0.0017606377400692997,0.0673295083586432,0.028994874326347918,-0.17265651274992674,0.09992052488995005,0.029444777865806397,0.030031463057831304,-0.03924981902128436,-0.050649519520466646,0.0043365341978346275,-0.00901260796094111,-0.13756397898494777,0.16891100719953525,-0.08638628216608406,0.05264904261920537,-0.007763008440822625,0.0636749678840473,9.065000000000001,17.44543290693426
2,1599.89429032271,530.791021271712,1299.4189747765,708.315898415687,49.4928461290106,309.949112971009,634.245088440157,155.826272331091,3.48912158759575,-12.3063183336371,14.8838433559299,10.1969235902348,-18.7150809364111,20.4840181955813,45.6898309860437,63.4962128143972,3.19422075530973,15.3828178745728,2.32646847551554,-9.96317103043904,-3.3305850141612,3.98837266353715,-11.8634364246962,19.5161202115362,-4.09848697910748,13.3057906641865,-23.0185733259722,16.9181933318598,34.82737949365,-1.33388530715659,117.312620481269,127.606098980686,175.707512335992,149.819320383666,82.8915237147725,-47.2262517309431,-90.5331636771219,-20.8850954673439,139.364070086629,58.4783063041188,7.78152534180959,-112.988418007713,202.896197678644,-16.4497993071458,2.04628305188611,61.4957116775586,-67.597469144154,38.5505214062005,104.209981151449,-0.14313049899055155,-0.14816098369057332,0.40502160616934335,-0.19411358013333474,0.17086173271188854,0.1907127932247408,-0.15536147704609676,0.12613984590204574,0.0013180393996929096,-0.010646186328740318,-0.03458481058375325,-0.03511654447862361,0.03865884124591407,0.012966797920288861,-0.16006014914478203,-0.0305757636421547,0.07172296059460095,-0.1523561686079649,0.15598268828955217,0.31390521203099947,0.36824795856252523,0.20877508997223265,0.028968379980145842,-0.011748292533977744,-0.0406087592782313,0.0810545801310519,0.18214486645138944,-0.06143235769096942,0.1983823530801652,0.014706948346907434,-0.025609667829907274,0.06433445757586731,-0.13652492009316086,0.21217969005695847,0.010199765576536133,-0.023202829156627126,0.10498132834961013,-0.20407556432235816,0.04111670685980142,0.16750920919475942,0.16682357138335877,-0.01430013938279961,-0.14485346070302008,0.10510620564427493,0.09859515345963554,-0.02312822466007663,-0.0048369402689510035,0.025111188327932125,-0.2962980257595778,14.033888888888887,36.04731577769003
3,1202.45159159611,269.401234781779,708.315898415687,639.995940293742,164.70245655915,227.625041955752,208.309575575043,125.353971181056,3.8895536440596,-6.41089992802522,13.6373806144056,-0.330030971249574,-13.7602829730316,31.1710497965778,30.2471840781478,37.1531685781347,6.01043211277686,8.40327771044358,9.11633184514755,-5.04824715802768,9.88720423310846,21.3307804498352,-12.0779180241621,-2.27186748436211,1.83451344707018,7.96034531288972,-18.0754136598433,6.72711490024279,-8.07358482091495,20.4632419422649,99.3279201344007,77.0427336383409,124.2386452608,147.746395748056,30.7295972430612,-21.1566223587898,-17.4749204292587,-47.778492508392,102.157877677942,38.7727507874351,18.5183168561079,-74.2593536656645,38.0636726659148,-8.83369519381162,31.7487383489563,45.7888694728931,-20.5378325196174,114.485988619507,103.562910687191,-0.09160420831487245,-0.1476586446569929,-0.19406557492300372,0.8360882760064046,-0.3008306246417801,-0.3711413451833821,0.06884898847492839,-0.4106615041133665,-0.12115557500864156,0.1262489711462245,-0.3371389627208153,-0.11528237745463167,0.29593500500565123,-0.1637561369872256,0.08249036470285025,0.19861878692584228,0.24309971165811434,0.14675397091148118,0.0028087824639443336,0.028111593922365143,-0.49382461894200824,-0.20267940598479514,0.040750131288211304,0.17853811437083672,-0.1319721486954248,0.20150498674997544,0.06945131773112288,0.34714024327618004,0.08007201257027076,-0.026975442230946632,-0.1336680943239885,-0.012929276907270946,0.06441330675766924,-0.23138372406840196,0.16760046941280474,-0.1662348359984821,-0.06268113105067342,0.13788852539939286,0.11292655942203068,0.20408614900048283,-0.4500736868352121,0.05526477779446143,0.2202873696599024,-0.04961477699869882,-0.34812803569293327,0.16738207929895563,-0.04740511907841416,-0.003290405263810237,-0.25050129690224904,8.797222222222222,25.29794340047708
4,177.173097993477,-10.3982127337021,49.4928461290106,164.70245655915,199.631815923443,39.6886580478697,-37.3337502261843,11.9594608543069,-2.62719616209245,-9.26616568503156,1.48804277140215,-11.2034339358214,-6.44487662635846,23.9119930136219,20.4895244462719,-3.75436761412885,4.8074403981163,6.38923303984837,7.50729521020509,-2.96416730707591,4.1503226274288,-0.294119888500106,-3.89332870841058,-12.5626643696986,0.210746563917984,3.35541924812959,-2.96253506174468,-10.4411393463377,-19.3952628613814,9.84007186438639,53.7530654812623,-12.4605709410833,-5.4557636118058,17.8322490222223,-43.0278540067377,-21.2761656079128,-16.2885484423565,-11.0243722085205,39.3193780061635,24.8035577345981,7.6591992811595,-53.6080242045143,-3.09679640369209,-31.7853057048958,-26.0959421715384,-20.0742468195661,-17.3342513760649,-0.505434416644633,43.099315115223,-0.10396539952350413,-0.029253075272938276,0.1677897010422678,-0.2923541780249786,0.6529347844221852,-0.015835796913755376,0.11039686141326767,0.3986117908655764,0.09036000714512506,0.2048770786357304,0.1406000740976646,0.5989905375017976,0.088633364591915,-0.11970098921750338,-0.3844322211751785,-0.021596029033848836,0.04291722742602909,-0.2571940721402305,-0.2965232408670745,0.03589422206553757,0.23319961127955696,-0.026654747746036878,-0.023522165789620936,-0.13150974275366725,0.12730971269470767,-0.13966036665254955,-0.0559417646190366,-0.023276305741529044,0.031138901110370328,-0.08253441416735251,-0.28560236125545996,0.2811370611748307,0.33989047696441277,0.20286156526215016,0.2651819186977896,-0.072698902420126,-0.03542968530528111,-0.192441670723,-0.12764978478094596,0.03468154647258404,0.14730722359842996,0.06098224034023854,-0.2571395081261407,0.11865222469330877,0.028850003533331153,-0.006351551144088576,0.018075045734090966,0.016994235595216768,-0.0614635378796689,2.752685185185185,14.128758470702321
5,453.406298346839,107.222630411606,309.949112971009,227.625041955752,39.6886580478697,145.543967503902,222.8473079085,47.2404514813552,0.179272749869085,-5.64150804458861,-0.466861167386881,5.03152655358627,-2.77924936064619,11.286202380103,9.39267077823499,16.3208489831838,-1.96600989260629,-2.43097547330516,7.37693035899517,-4.09487953830205,3.44314427515953,1.97512404859461,-7.53118065581828,-0.947552353745371,-3.81268535006607,4.0123050938892,-12.6876000133955,2.18672641226652,5.42275532099537,6.49770552141364,38.7351657930191,20.3412840831166,37.1366736478858,66.3680483037029,4.55869735465534,-20.6944750056216,-22.8971116202306,-10.3837906034245,29.6325310743786,-4.36366133578749,-18.4953275746398,-39.1192751474498,37.5022279604654,-21.3291901577512,-2.508293516281,16.1223776565853,16.0054037309666,21.5236333278167,7.76915895210426,-0.057218200023108456,0.059503951580805084,0.18932284894128712,-0.36630900763467605,-0.00529293230598633,1.1577607240713597,-0.34769264161222774,-0.25500310366032003,0.2407235244695294,-0.07192278324835938,0.580304440769396,-0.15716085033804625,-0.015090405828532365,0.05841136530452014,0.05334134450856483,-0.23249408335093227,-0.1910568058138135,0.8346147053813293,0.136800293546084,0.25009482613776146,0.308504156650953,-0.07222101322601447,0.03597117589812268,0.01525884208481395,0.2016958588414984,-0.15506106254364732,0.16733254793533667,0.055757073468263814,-0.10077001978492384,-0.04907673532073007,0.0590317416473532,0.602799722393314,-0.30591202221938296,-0.052110592435196224,-0.17563741416530304,0.13393556888145342,0.09394465186403693,0.02445681234318452,-0.07124708044418111,0.07984765939812499,0.3031644718206418,-0.08736451486801401,-0.022851735002620988,0.15379761830196761,0.13958023142281556,-0.2010528910177753,-0.10988753174099447,0.05422767701170544,-0.13832589988909252,2.368148148148149,12.063745997985135
6,518.515597162275,261.450124594575,634.245088440157,208.309575575043,-37.3337502261843,222.8473079085,778.337646551724,39.7790234348581,1.7809758131587,-14.8268760745987,-5.12430314818111,13.8098424098976,-7.70688617337925,-3.5553523440119,5.38287292403665,23.8022075040449,-11.5366164920319,0.811562830975296,9.85198648353079,-3.21124151350087,-3.63339373112356,-12.2318777477148,-9.83274248471079,19.4780784671862,-14.1750631354885,8.59833090010364,-19.8556593027701,1.42688745129151,65.6659529736595,23.8137338282835,138.401449106099,75.3290063770893,46.1232806503066,81.0751776526491,23.3949838364478,-47.3200202255067,-84.2965211296826,34.7998137261792,0.904397224172023,77.1441107050495,6.39632313243871,-127.703064167985,270.281105617044,5.42763403823609,14.7087648690716,64.7103354113211,22.110224778144,-64.63847213576,-15.8002842030556,0.024719327525608965,-0.012479120090556763,-0.15236431679573606,0.06846145551507916,0.10810448284294595,-0.3507484252804482,0.3080937359113837,0.10936009842523726,-0.04909368696656772,0.08570385795660672,-0.20316047899655784,0.1034815418323312,-0.012542208908222616,-0.029471064996447683,0.07694427303696172,0.016442146111752275,-0.07691296421161553,-0.13766398355178555,-0.2308112646834189,-0.11707067261552949,-0.1753159326850916,-0.0025211265149419136,-0.10746324670646884,-0.1554758994995736,0.008573387859181884,-0.09331315587848633,-0.07201812460414815,-0.05443036237083258,-0.11580421448591624,-0.0750124592934125,-0.15576685151384076,-0.13270830762530225,0.4441460410067032,0.01154681012042269,0.0036287091671815103,0.05110924424767912,-0.08608941476599438,-0.02433855829816619,-0.0405251849841191,-0.05869533965651946,-0.03632363136051259,0.06496755040804125,-0.12661710434382464,0.134782538386566,-0.14371512043625947,0.03792715464097676,-0.011363645382650714,-0.014942472480969532,0.18550242836086284,8.788333333333332,27.898524092713654
30,316.874614924055,48.652164229732,155.826272331091,125.353971181056,11.9594608543069,47.2404514813552,39.7790234348581,39.8884940508771,1.40140838070251,0.583462058208458,4.28792464715433,2.31725884822475,-2.8350483776858,4.89296221975887,8.08044377691563,11.4056970674951,2.83280103573898,-0.514459920347386,1.35974729978126,-1.39558680378147,1.65857948124375,6.25924708624369,-3.79369200729336,2.09831217038591,0.787694504604948,0.0767020723677449,-3.92696213057411,1.32279379055721,-2.37511725038297,3.92176948860645,20.2759838926053,24.3797720700627,37.0498290561625,27.6258307974591,18.7272536618127,-0.389812214897585,2.6977805179577,-10.7491953439579,30.9813195206225,9.50980203047161,-1.22588812006617,-21.4554667302149,-1.5214376210625,-6.30636619135829,-4.39365288601032,-1.43321815712455,-22.0080300769905,23.1169190833833,2.19290892341765,-0.26661528038830323,0.21427897100013263,0.12129333607242769,-0.39839989781301344,0.39019778448341524,-0.25968940251135614,0.10828939539438766,2.9238470188959593,0.06652368910444337,-0.09265736122348424,-0.4304704276527792,-0.09711188025231965,0.07999370286605723,0.15019096664512124,-0.17546512252881938,0.5086681021142048,0.28013043127481296,0.6033515626632099,-0.547449889724271,0.22140947132696281,-0.05690204356568894,-0.1456912064618052,0.006189136379769495,-0.45396080392964,0.04350588338766887,0.05184948492296323,-0.38732690848314527,0.23526350914176075,0.028130391469641317,-0.15616307325100595,0.2631592479606008,-0.15629894404621514,-0.15930061952758992,0.08094344433019655,-0.023732174494301917,0.1531750410524969,0.16214251646639394,-0.49678909331112475,0.03839034092996113,-0.10375839014595731,0.1259799532416587,0.0935757738548061,-0.11130783010196504,-0.11861868609767531,0.24392447206950688,0.10336621225152524,0.336347975592006,-0.05808895054775263,0.08869815044255931,1.0948412698412697,6.314942125694984
31,14.0750300417801,1.49854635800079,3.48912158759575,3.8895536440596,-2.62719616209245,0.179272749869085,1.7809758131587,1.40140838070251,1.14522976125316,0.32245069541458,0.488283269172684,0.613883632315397,0.590402144158858,-0.131672277359974,-0.637929792447725,0.247160090563515,0.379984906873769,0.601952515462945,-0.177206911967778,0.0715305866754586,0.221705123040157,1.49283658973666,-0.124331802115681,0.746335750879318,-0.224690578608968,-1.11481133837595,-1.1173284705997,-0.69516339604846,-0.907773485383337,-0.518295061369588,0.341142130235148,1.18738697013257,2.84629285577456,2.12648071880242,3.42677909613651,5.86167320133322,3.64261802670499,3.59605880767901,3.8596637873833,1.85043774944861,0.254076211913762,4.07974801890451,0.703336533241063,2.69008120679721,5.18935793354092,2.67261277949856,4.95218040731677,16.4842070767531,-3.26755568060901,-0.004505211117156882,0.015452422432172213,0.008311508591062227,-0.12462149308186245,0.11780705060547152,0.19424779582055912,-0.04142537065852423,0.05245280368893433,5.265846857786674,0.0689809754729986,0.014827312551152064,0.0001713626484031456,-0.048688898505212755,-0.22154731185939322,0.47118646523890945,-0.22408332524097122,0.02415271954927021,-0.5514103645521189,0.046608206615284725,-0.09613061910628663,-0.4854695628999378,-0.27990113654475435,0.4181166976765137,-0.3338659934936608,-0.5073002329311365,0.07197619465432219,0.36011774541892466,0.13109880116956835,0.01582662122020468,0.17256588419126023,-0.15496418435847978,0.11620653082081592,-0.04360713135162196,0.03464859779472456,0.013542707395013618,0.03346112375024533,0.06242984375720162,-0.28607102948257596,-0.08000006350101568,-0.006727850405061235,-0.07166798007592615,-0.04671297594931613,0.13361391723035615,0.009072880106638048,-0.14962931647821023,0.00030296551420052893,0.008592378929138072,-0.01884901627529228,0.2180111255043939,-1.2375396825396827,1.0654716144755618
32,-8.87429351984305,-3.48114438468912,-12.3063183336371,-6.41089992802522,-9.26616568503156,-5.64150804458861,-14.8268760745987,0.583462058208458,0.32245069541458,7.30374201787995,-0.17121392716526,2.47830274704277,0.483672225134836,0.251001448348278,-0.740241925783862,-0.884735096356032,6.69261118458412,0.272140686978274,0.013279596195465,0.654319617901603,0.303766807520582,8.40235632245175,6.79906659093723,1.15289819092924,-0.121502272022206,-0.831113568845853,0.302463412504376,1.97978479186783,2.62761222510942,0.997733758043024,2.33414612018962,6.90326862690786,5.89304425188558,-1.74870273903486,12.1551832551506,13.7312600975543,12.4349068729213,9.738791656651,22.7912855062181,14.4272185627453,2.54392788555653,2.07657441091797,-9.15994571565714,3.77269060060327,7.99069011498611,4.05608341710786,-4.36624674521261,8.03257828541614,19.547983591656,-0.025552194913554552,-0.08851851605217001,-0.00854469258700729,0.11994858718703084,0.1949842285919094,-0.0715232951520498,0.08335590170972625,-0.10595388817660958,0.1070648996000484,2.487437216407427,0.3407419186619521,-0.1434228002931018,-0.8733761873394638,-0.6261609068534079,-0.38202290958905827,0.3001857615272774,-0.4713786863543063,0.017433600599169187,-0.6526677357385979,0.8070294268543283,0.12602144654878314,-0.4985171436550981,-0.48296837621922045,0.03730910345094699,0.691308248672066,0.00934040889655951,0.15497410259193917,-0.3843183242506287,0.11352704588982276,0.08564891310757082,-0.18908409222152317,0.00044417164310539195,0.041223729795777604,-0.023019049916951216,0.021879674835769452,0.10692359622818402,-0.024147915717673957,-0.19709273201601166,0.15567939189864619,-0.0031504796490212724,-0.10709026268933065,0.05072610431861589,0.14727729193241917,-0.20795418993291354,-0.1188903404717459,0.07535760965885377,0.08951182688264556,0.01115293818445506,-0.09855057934917662,-0.5555555555555556,2.700692877370537
33,32.6292350078761,2.99765436352428,14.8838433559299,13.6373806144056,1.48804277140215,-0.466861167386881,-5.12430314818111,4.28792464715433,0.488283269172684,-0.17121392716526,2.49808716475096,0.0575204655894675,0.199228036592194,1.20463938932346,1.56588419213364,1.87184308349411,0.531178368123266,0.659226839345446,0.336918863950846,0.645948930007783,0.918112869171182,0.518614851434783,-0.0705297758872891,0.723388163803266,0.791296084249449,-0.636557216237992,0.932305976948061,-0.0134313124533396,-3.43660145382666,0.437818452056621,1.45868117559973,1.71578684905604,5.11389289413617,5.73765724053916,3.21267359553475,1.08953989162159,1.73982844786049,2.56358289876139,2.53474788221227,8.54766751911187,8.28847551822462,7.09267704825846,5.36803968847966,1.1300361214418,-1.24825378614483,4.06770980724548,3.77299407115608,14.4322845183801,5.08737576773964,0.036836861470576195,0.21172566508094412,-0.03150897677532869,-0.3081113417215669,0.14388241617719602,0.5902465802415304,-0.21266070924051703,-0.4670442894374119,0.01858540906176726,0.2917421217124601,4.2861233343493295,0.024788409473854512,0.17233045059059562,0.05790134428263833,-0.04418820013370039,-0.0688304792908845,0.12569854999372726,0.038010470233515274,-0.06973835619512593,-0.08886279002892483,-0.06424847299734729,0.1786441826194288,-0.5180497748085269,-0.3985544152735814,-0.06804123456067306,0.3619339136118807,-0.48362699253475033,-0.26499263835467707,0.728413540054423,-0.2681881536480828,0.23295978383532753,0.017871324071025492,0.12906142701611253,-0.04947170627078965,0.12225913700093957,-0.024367211930942188,0.07033765085344501,0.01373559197204423,-0.08918519692961603,-0.14345059462774293,-0.11373286043392183,-0.10615685509086166,0.03448287713363885,-0.13525495651738015,0.0901041095247942,0.132570860038462,0.024917710625243446,-0.03192769035934909,0.0004947647850088988,-1.1216666666666668,1.5773671623154069
34,6.04990682835345,1.80143585178555,10.1969235902348,-0.330030971249574,-11.2034339358214,5.03152655358627,13.8098424098976,2.31725884822475,0.613883632315397,2.47830274704277,0.0575204655894675,4.97756992337165,0.311931058336892,0.121754208833965,-0.642971148363171,0.580483864795934,2.39906880858755,-0.464658718224543,0.113312344376742,1.56582834323165,-0.146284738404215,3.13161439152632,2.05834520609325,1.67453431478818,-0.651813030854059,-2.53844271858556,-0.817601964104362,-1.8269943777707,-0.197680158404102,-0.557768023429892,2.99776948249869,1.87569979318272,4.87295590843169,1.93494372156593,9.61961834234636,7.67450290334764,8.52828917405049,10.5050592128293,9.60899198857408,12.0812864327889,3.52913086277765,-2.01490553486611,9.95690669998599,5.97193164721824,5.76672321191416,12.1704553008659,1.81523343590443,-1.49009682828999,6.74520656728676,0.023287095514489906,0.15437085159360164,-0.03582965896326063,-0.12563343664628993,0.5871464941193605,-0.13789071303358003,0.09737687830039138,-0.09829945083866504,0.005349328603156661,-0.1280631046686536,0.024502674360527023,3.4225639663021403,-0.09528975917656911,-0.32392262721958026,0.03528828572951408,0.2577122164732919,-0.08380493533619726,0.008513343644917763,-0.04282255995599243,-0.7784592028881953,-0.002150621275890472,0.15567811892041558,-0.013803364435019708,0.3730754357508248,0.37652403292024383,0.2116412781874558,-0.04852289411112824,0.6231799774713922,0.2526172732162264,0.3634288472591619,-0.5044005631329282,0.3193778985530039,0.05805702340430069,-0.1429709063321351,-0.0012834319330077633,-0.29456097942403947,0.17980475814370475,-0.09417416737466078,-0.1581566792913441,0.0798585060662508,0.27507446708677813,0.10442806530778824,-0.10788963444222471,-0.22897887993071014,0.16156841419278034,-0.1724792078374638,0.03283438605032936,0.08623574654878034,-0.11424410874333384,0.6883333333333332,2.2288045951522193
35,-27.7113105078207,-8.38810512393839,-18.7150809364111,-13.7602829730316,-6.44487662635846,-2.77924936064619,-7.70688617337925,-2.8350483776858,0.590402144158858,0.483672225134836,0.199228036592194,0.311931058336892,3.71845114942529,1.33213495895275,-0.40518058152036,-0.830450442112712,-0.600688850727008,-0.0837870741254799,0.854909927654068,-0.41459674184641,0.408353164101193,-1.03954737610732,-0.647816606310102,-0.109790028172208,0.482202087819889,-0.147155224113075,0.948244176653474,-2.10003732794122,-1.96232708698633,-0.846428618298894,-6.8727525110146,-4.1776697064908,-2.3796197088494,2.36082059168243,-2.44812508078313,0.552014928474977,-2.68046411677644,6.43254042239067,-0.673921509504776,-4.17392100253299,-1.48692811827186,11.8926128452025,-0.195376518788287,3.52720522071716,0.175326665589712,3.33550568540349,28.1268439800256,53.5454737109687,-2.51211354652046,-0.07672998386358863,-0.18961340118182934,0.06250284789814488,0.2861982905852448,0.09004508121599916,-0.01913295598465196,-0.019636645556898893,0.05354691844657158,-0.04547727347509843,-0.9063864798354613,0.18694473047524823,-0.14812109797623166,4.689720725071444,-0.6112278697271036,0.09981777412959994,0.04644411538967782,-0.049378793111754915,-0.12542777910521782,-0.06574727943658687,0.10596640761084106,-0.026352904733386192,-0.06098705671609329,-0.0018692083268604886,-0.29449514063583704,0.01600732008142296,-0.25910639598785046,0.4652768415530003,0.3591191943645953,0.2299972441532962,0.022944518438365615,-0.14008645592968944,0.11729422724386553,0.08547948162714634,-0.22466446580234578,0.330125872357649,0.18242407540940664,-0.13148971415013588,0.04650343383642151,-0.08201865331103673,0.09239965863806142,0.029139116304271604,-0.17516590664863146,0.06319497416667821,-0.2567365979233575,0.2405977141079241,-0.09008127714492978,-0.09702548792667766,-0.11627591416223525,0.014337948221000216,-1.7050000000000003,1.925733924877808
36,32.2225992638636,1.79458545581308,20.4840181955813,31.1710497965778,23.9119930136219,11.286202380103,-3.5553523440119,4.89296221975887,-0.131672277359974,0.251001448348278,1.20463938932346,0.121754208833965,1.33213495895275,8.90895260394494,7.16164726891381,2.40144460432219,2.74766295785828,1.04949485435682,3.44344779287375,0.812794384383326,2.67375859861065,2.4732461269282,-0.074402664576044,-1.36838056001552,3.45474836047506,1.91924157691506,1.95169720164677,-2.58623636263265,-2.96911052127926,1.23527587054566,1.41416331416033,-0.928630259020844,4.58354604063624,14.3746605558041,4.41409230969234,-1.56398419676121,1.42652867582522,13.6506722104346,19.8913622665489,13.5180040174517,12.4329510626355,0.0995319001898178,14.5259381524835,-1.23077613936079,-4.54852780559438,13.9965614989554,14.8254074437121,50.5134916303887,28.3349944094314,-0.04653332087328658,0.038326274242453585,0.012888316551263894,-0.17360590987381722,-0.11746323209038878,0.08032246181582789,-0.027247735064695678,0.10839869139227509,-0.2283873876947543,-0.6259724003434347,0.05959570341567974,-0.3402976570748055,-0.607173779662086,3.5967010327366626,-0.5574263339272089,-0.21923816583341002,-0.20075604144557052,-0.1923811455938486,-0.18778982979159836,0.060933048726609026,-0.2041646560300573,-0.2924682613446158,0.09664383066329262,0.2737590021841526,-0.5950065903689031,0.09404318881500946,0.08504674877573556,0.4308915485552743,0.037012753933792115,-0.027811928502524823,-0.010183805620779423,0.1989980393931377,0.7461779194395088,-0.2334600193948174,-0.1405365401339884,0.3168817208466981,0.06070909461555733,-0.31604745956615055,-0.10623284431543845,0.16555642862884934,-0.19210537042181183,0.0444896404742037,0.09652834438398222,-0.05161318062984684,0.22294461059324297,-0.13852308881500885,0.19892452234126878,-0.09376113571149845,-0.04376475832697808,-0.2385185185185186,2.9831112288925707
37,73.7083379537406,12.2893029937613,45.6898309860437,30.2471840781478,20.4895244462719,9.39267077823499,5.38287292403665,8.08044377691563,-0.637929792447725,-0.740241925783862,1.56588419213364,-0.642971148363171,-0.40518058152036,7.16164726891381,11.2764276997304,6.70411505309022,2.37941880203869,1.81459943232989,2.22214925634671,1.00848386385173,1.69629943918024,1.51667634124081,0.548545955703649,-1.34724391832113,2.40550401637313,1.28759710189986,1.70757674552994,-1.96663670225699,-1.96091035305339,0.189098314040945,0.31307400299475,4.13282879108028,7.72423914379852,7.78301632374494,9.55323726292288,-4.91752631528701,-2.92095035166314,5.66923938539833,22.5724395549459,7.49513480726888,8.25000825119435,-1.17026361185005,19.5911464232769,0.161125938962224,-5.1624510535881,7.43169483302157,-4.28570317849857,17.3247768070172,14.9351274469173,-0.014951804661016184,0.16886531646089326,-0.16305382219317138,0.09507497120440611,-0.39408397782315435,0.061721039063837295,0.09422276081905158,-0.17707964209763585,0.5322732351577375,-0.32336977817941553,-0.04038042679242842,0.042053626255496315,0.12387710076748779,-0.5197356473345234,3.2975714776565965,-0.5103271151140256,-0.05403182006253787,0.20654444282863452,-0.21939983424613804,0.14498393631120485,-0.010445476772413802,-0.037264718760540085,-0.4215285405855364,0.8027427144944653,0.04252630751593648,0.25313752151881724,-0.035775885041709594,0.017053077365201157,0.2241171588914505,-0.5138948417928613,0.5046335400069296,-0.21545419064588697,0.22894949176821824,0.08298363073148848,-0.5670508961718552,0.16598738930255075,0.1772551524209331,0.005834696362033226,-0.0708628996470636,0.11205993653522593,-0.007378971595542068,0.07066272950013579,-0.46741604650242896,0.018435472206170523,0.07329933172562363,0.2092628248173617,0.07484991564547387,-0.06201415140772092,0.07899336604999137,-0.12148148148148147,3.3565499697949357
38,114.801644585386,24.415184294615,63.4962128143972,37.1531685781347,-3.75436761412885,16.3208489831838,23.8022075040449,11.4056970674951,0.247160090563515,-0.884735096356032,1.87184308349411,0.580483864795934,-0.830450442112712,2.40144460432219,6.70411505309022,11.3710229885057,0.57972204335711,0.835698129441518,0.573100230437589,1.81248836203141,0.667051933443362,2.72369152173713,1.14830299439745,1.3053744743656,2.0065263555436,1.534374249703,-0.454492543353794,1.53097135849157,-0.477603528937521,0.0906135955609441,2.247333201316,10.3312282684801,15.5879829338755,14.6801052850586,17.1336205930879,-1.5896193064224,-1.12813914961815,-4.27234582511955,12.9728623323309,6.41219597899639,10.5159750634242,4.90447635775754,20.2663759367501,5.00288165306137,4.11430774631533,13.5723291627582,-7.7104637255892,5.18922431332696,4.35846092533398,-0.07910801435857291,0.010018890198728678,-0.03378682146993705,0.17869710712675718,-0.02368743629508063,-0.2340989506614613,0.026532638485717498,0.551952492122804,-0.2389443950156337,0.31461124451700984,-0.07471312537619734,0.2698728021068045,0.04427183040120084,-0.22632020091495633,-0.47850486192602953,2.2675575115190854,-0.1169704184971123,0.009709451431153962,0.39716966331384684,-0.5040161135832001,-0.061918621287629656,-0.4098193318034948,-0.22798749238627472,-0.24949014499175484,-0.43983691697256755,0.5224722528392897,0.20987596022062482,-0.1878587064855936,0.28959561608656637,-0.3230566376583813,-0.08795379092292062,0.25247207581419423,-0.18954956977713835,-0.1303205284158055,-0.7627316556379677,0.2102449821275768,0.19613301531752703,0.2647127587010527,0.15088874530466567,0.08497656335736795,0.007910636410202471,-0.001204768675164672,-0.005024146924843475,-0.019432762587756953,0.08583665869666161,0.019591891926750274,0.007853649212058063,-0.03397212616818165,-0.024705235418696205,-0.6533333333333332,3.370611663853572
39,31.0480887639868,1.11175690631981,3.19422075530973,6.01043211277686,4.8074403981163,-1.96600989260629,-11.5366164920319,2.83280103573898,0.379984906873769,6.69261118458412,0.531178368123266,2.39906880858755,-0.600688850727008,2.74766295785828,2.37941880203869,0.57972204335711,13.4277410600255,1.88483860383394,-0.949709981366862,2.55327604647546,1.61810807823473,12.2902738834225,11.4913826832607,0.699172797645732,0.780983370139309,-1.10941190703493,1.01070499470649,1.16819446579452,3.67224697000812,-1.52488855376902,7.52237625422721,10.8507750433317,14.004768720768,1.95914751606427,24.2730473242317,24.9693542017304,29.8749176452632,22.5540091590955,53.5669751795474,41.4323724831082,16.6554331088002,5.39974614061332,1.73105270050384,-2.84049693994817,2.86631804018661,12.250983231355,-8.45241211207827,19.7072924315587,40.4492878447056,-0.16716284642580087,-0.014902174895256668,0.10207164990893287,0.2185909870180892,0.04681196494565271,-0.18183998175879887,-0.10600406114062906,0.27960293237337436,0.02071323576245742,-0.4506609976449677,0.13106680162063264,-0.10644655987160566,-0.0522542386758357,-0.23209535400535475,-0.05132071226825071,-0.09334176667728948,3.8079746907684595,-0.016295444084761232,0.4198891075746655,-0.4220042796497756,-0.036431798410549235,0.01936077954756041,0.24857152342012273,0.4292376353635664,0.6018954567465796,0.03051860790466909,0.055321889735658054,-0.029207056947712508,0.10755036678119917,-0.1614234510389925,-0.025482126052749503,0.2487994779167478,0.02648628381485152,0.3495430252625215,0.008285230613342912,0.19708730946647116,-0.09069353700879977,-0.15834917125872658,-0.2937428879327511,-0.3635366681866408,-0.08267624691498207,-0.09513689317837086,0.2532037468498716,-0.009063715585708383,-0.2775511510833769,0.2759929696794827,0.13286470807408543,-0.0617478802835976,-0.4419336607869206,-0.8194444444444445,3.6630234861416793
40,24.8308502499325,10.0308369049319,15.3828178745728,8.40327771044358,6.38923303984837,-2.43097547330516,0.811562830975296,-0.514459920347386,0.601952515462945,0.272140686978274,0.659226839345446,-0.464658718224543,-0.0837870741254799,1.04949485435682,1.81459943232989,0.835698129441518,1.88483860383394,3.68113314176245,-0.38237080403321,1.16546435660766,0.351717121356033,0.983838274652044,1.33155673582637,-0.166606243896076,-0.98772895347174,-1.52931057861993,0.0321836654398462,1.38264401454652,-0.0252423308937295,-1.59665719810784,-2.12962910986817,1.73106853276419,4.11135027166019,5.27624537956562,2.31760531456969,1.64666546815139,0.823451579691919,2.3316395865111,11.9945031576384,7.76329030095007,6.43103235586801,7.27348472935129,13.1203918642587,5.04877486209542,12.6298730548113,15.6834431277835,-5.57568475460588,6.03848825093185,7.02999638031361,-0.18392604128473908,0.1880534184803261,-0.1764593224167248,0.16453244004748638,-0.28347188225602543,0.829348264002686,-0.14240911654592656,0.5931371370519817,-0.5257778124501903,0.0059492699075980576,0.01593339390701808,0.00838874375960665,-0.13595928947970456,-0.19151943533150875,0.15854728441679095,0.01625342312411213,-0.013639492417593272,4.594855737915957,-0.28962813687052974,-0.26682669494279615,-0.16926329653338174,-0.10261715312450854,0.1564623620444182,-0.022942922981928748,-0.031498558523062894,-0.18166009141928824,0.041821322780865054,-0.018879097167466916,0.03632926036575089,0.2761119518560683,-0.023103875646012736,-0.08603067134272303,0.026110257756710675,-0.05573106654635583,0.22393368319793172,0.11076583189100014,0.006975099108740387,-0.15058861263861467,-0.09000418664944597,0.17103666979174695,0.1118131561195216,-0.11545346425180324,0.018443255844349884,0.2621396212701175,-0.3939246051108662,-0.22839042753643252,-0.011072628991408123,0.034161687154636,-0.17398131194917657,-0.845,1.916020130834343
41,-2.56714749548675,-1.38985999308572,2.32646847551554,9.11633184514755,7.50729521020509,7.37693035899517,9.85198648353079,1.35974729978126,-0.177206911967778,0.013279596195465,0.336918863950846,0.113312344376742,0.854909927654068,3.44344779287375,2.22214925634671,0.573100230437589,-0.949709981366862,-0.38237080403321,3.65040229885057,0.806914790223646,1.4632687921162,0.118490801786278,-1.43184579866303,-0.274709614715867,1.33653717080915,2.32762244373904,0.956722205190211,-0.308391127404257,-1.69340857041974,1.40246337932825,0.121208057807742,-2.19051452368171,-1.27281322701192,7.66958783391491,-1.3167095314233,-3.64504010041537,-6.0239343724208,5.6342381477959,-2.29020101177089,2.8289265919723,2.60185514904435,-7.71475569837028,7.28723452940167,0.0926574025920858,-1.64610201140714,5.51021018048082,14.9222180239753,26.4704008493925,8.03479861878241,-0.03879692783136274,0.013768169677402646,0.15556401757905047,0.004288299256717436,-0.3115987468514573,0.1641665573864469,-0.24532953467910812,-0.5462472273696254,0.03430069650945455,-0.6341944122082316,-0.06071914535688042,-0.027974192709716565,-0.058363107506481916,-0.1544725662728581,-0.20803119184331187,0.40999330590934596,0.4228739443096841,-0.27307714218756995,3.348734651456959,-0.17525303107943868,-0.028057238142126614,-0.5928379819044095,-0.26581619171191984,-0.12649569211057973,0.05284484084823376,-0.3613059250177252,-0.5065332388738415,0.01488028901476454,0.3915812701467883,0.07476204620961852,0.1461011322653923,-0.28311094611226434,0.1791815335914465,-0.026104661304866578,-0.282486416904989,-0.04972722876569833,0.24443554912290885,-0.20514339168962248,0.28036742627497274,0.20028943124668033,0.09023132148050081,0.01783495725402244,0.10694664752826853,0.17784037598618865,0.1867427145062329,-0.3826909209697965,-0.0947218085779128,0.029236822928139117,-0.05924688773783323,-0.6833333333333332,1.9079838308671737
42,-11.1636297613798,1.85295852647372,-9.96317103043904,-5.04824715802768,-2.96416730707591,-4.09487953830205,-3.21124151350087,-1.39558680378147,0.0715305866754586,0.654319617901603,0.645948930007783,1.56582834323165,-0.41459674184641,0.812794384383326,1.00848386385173,1.81248836203141,2.55327604647546,1.16546435660766,0.806914790223646,5.08636174968071,1.96041990592965,2.70663228497879,2.48395828376965,0.616031475289221,-0.555749999418186,-1.46705639653424,1.80222341530525,1.05173839902918,-0.754811839991788,-2.96429260063467,-4.83183920176365,-0.445802819211141,3.50815696260452,5.5521298158047,9.18657784253859,5.24945800648405,11.3389342522304,8.81825076992531,5.94312287592728,15.8764495024711,13.2157357127424,0.559188169587858,16.4693400545857,4.23444134758402,7.739557754747,18.6121331141786,-1.35457571393024,9.64515998698522,14.7611424691276,-0.10948323586462706,-0.2582423821275197,0.3137002267832342,0.03338680834034243,0.03854109174032637,0.22801974552745174,-0.11631497303255055,0.18024537011059702,-0.06553044560564183,0.8067042383990506,-0.0948284404759363,-0.7610824826994111,0.10736226238756252,0.06466925167162403,0.1464400328595481,-0.531055616440129,-0.3865673519396337,-0.2504565609187927,-0.1838668326684035,2.537801122259294,-0.41367165917907733,-0.010042273715961758,0.03594864137180549,0.047131970285618975,0.7712263073338654,0.10222012095333968,-0.5317020053920413,0.040609610586613804,0.44731150190559676,0.047953252798558665,-0.08237749743906785,0.029636112913328932,-0.17800085433617718,-0.05498900111227677,-0.2084696678635288,0.0016329892008174957,0.08215875973531718,-0.1550459402610154,0.1056378638813603,0.27404453227410863,0.06017552821322255,0.11343644872326476,-0.05271315037531697,0.10027242074108082,0.007684320565520584,-0.009055180991124134,0.0024412542599178085,0.02759857553192643,-0.33134278988904114,-0.9472222222222223,2.253078283078667
