,Cov_0,Cov_1,Cov_2,Cov_3,Cov_4,Cov_5,Cov_6,Cov_30,Cov_31,Cov_32,Cov_33,Cov_34,Cov_35,Cov_36,Cov_37,Cov_38,Cov_39,Cov_43,Cov_44,Cov_45,Cov_46,Cov_47,Cov_48,Cov_49,Cov_50,Cov_51,Cov_52,Cov_53,Cov_54,Cov_55,Cov_56,Cov_57,Cov_58,Cov_59,Cov_60,Cov_61,Cov_63,Cov_64,Cov_65,Cov_66,Cov_67,Cov_68,Cov_69,Cov_70,Cov_71,C_0,C_1,C_2,C_3,C_4,C_5,C_6,C_30,C_31,C_32,C_33,C_34,C_35,C_36,C_37,C_38,C_39,C_43,C_44,C_45,C_46,C_47,C_48,C_49,C_50,C_51,C_52,C_53,C_54,C_55,C_56,C_57,C_58,C_59,C_60,C_61,C_63,C_64,C_65,C_66,C_67,C_68,C_69,C_70,C_71,Mean,Std
0,247.180192398138,249.778343815846,249.179882966228,202.67701825708,91.033348768272,17.9059448649996,10.6119867945231,2.30757536358741,-5.86301421182224,-5.85370096208063,5.30071518414127,-12.1787972728642,-4.48600949746254,2.85021347582599,3.2127556403847,-1.97572225429321,-6.98520345475825,-1.06567375964868,-1.671309648956,-6.5190461735239,-10.3622648388959,-13.3249290144225,-15.4878193953549,-3.98986671960596,4.205607772406,11.5973915861008,19.8547296279236,26.8568945094355,6.72960731926292,-11.5121624171193,-11.8259311410106,-11.4557429064421,-11.4298900076275,-9.39534776810162,-23.3585126708013,-17.9657904354638,3.49909871857573,34.0339246443844,64.5235379302066,83.1612857855656,110.086602292271,129.47886050551,149.231406422347,126.641985754604,92.8754875095431,0.8768330120755526,-1.089301027191241,0.00033136292071140954,0.2792589869440117,0.052984455745524045,-0.01451479979565397,-0.08666292688652244,0.05239325917142051,0.11625999229753738,0.1979314784130188,0.27923346641285374,-0.08094969133110887,-0.23304981331782973,-0.23775018406399392,0.039999624919264745,0.09483339737840144,0.0073941224574216955,0.23489233449765437,0.023350424691844375,0.014686045999837995,0.029829817868889098,-0.10950337571927753,0.0641200073687632,0.07859963649182634,-0.03808975545449956,0.020328995301180215,-0.08317549532304545,-0.11098604105278938,0.0098269714473781,0.16246053523821632,-0.08087457974093282,-0.08457217333016313,-0.02210048014892296,0.0011055062549912246,-0.10403858315509469,0.0883915620385655,-0.0451254272355362,0.0022294830193274693,0.0436215051191737,0.02563475141710463,-0.017672644136665572,0.051440823179907356,0.00510566987087642,-0.003416058241355755,-0.008285385764980311,3.078541921041921,15.721647254602106
1,249.778343815846,284.180296447675,313.359191242876,287.835607070837,131.684160356641,19.7698446143929,12.5178706821536,2.51425122510556,-7.36747486893141,-6.10356963218434,8.90533873472458,-15.5478276506506,-5.92463106970716,2.71900149430235,7.6375442706934,3.33063253719219,1.74599716643785,3.79707128738002,-0.312911093291435,-7.91157633359212,-14.5325488936787,-16.842051050392,-18.0080064763995,-5.93243315754111,-1.1442854232045,4.12417833250704,10.3033504136104,14.4791460786278,1.03070618864739,-11.807953785115,-12.0887014459061,-11.6062325743679,-11.4090388785466,-9.60650400187134,-27.1851634948075,-19.5429014153194,5.55742759590138,39.6183503308711,73.6306641392149,92.1979834307158,120.462931762269,142.687586346992,165.240737606352,138.837369666647,104.450440462822,-1.0910664716743148,2.1367034360578,-0.7715560610684943,-0.1473740899669413,-0.12198270804714748,0.08127209953251743,0.05682106009111481,-0.20362935347228636,-0.11829630383479818,-0.11421648525956882,-0.35178327122899183,0.1282532404837621,0.33474329116942225,0.11344168098026478,0.020722745750185883,0.1386205632402963,0.051077200193660084,-0.2669191954720705,-0.08898920068139844,-0.026066353782468795,-0.024311609034120243,0.1130026531393938,0.007750213470813746,0.013383823493217964,-0.030227911099683678,0.01005027578881068,0.11675600309642759,-0.11430097243506118,-0.020482150550434876,0.03365686434857527,0.16966898000320677,0.10676549145996941,0.03282009194355891,0.08236476454936466,-0.005181128327378261,-0.04903875314996621,0.0618561934809493,0.01019638263000878,-0.03038730853185586,-0.0034437966588061583,-0.09254170298181737,-0.015812829227886967,-0.005783765963588798,-0.0495029705452446,0.07043097137719305,3.1484469542802884,16.857351406661564
2,249.179882966228,313.359191242876,373.268840573488,369.986802642097,170.631065020949,20.8571004371097,14.0961938083111,2.38675563426255,-9.59747229989132,-6.7801927092087,12.9157080485498,-17.7808609712236,-6.13520461777814,3.97188197224629,13.0404426887633,9.39875211722642,5.56917225599449,5.95113084808102,1.6915857173656,-7.83281047259328,-16.3608151405621,-16.8736372764185,-16.3562349929366,-8.12456891931611,-6.6947684396338,-3.42056136001562,0.741804812861094,2.3933594554729,-3.639011851423,-8.95310138344924,-8.80664942132139,-7.9551155264937,-7.32090867441172,-5.18892865879481,-27.3801323804731,-19.5183462267563,9.60141458524845,47.9749892575508,86.3043978750654,103.743256324661,133.216779971537,157.834406384333,182.882185680199,152.559760614563,117.747696782707,-0.0028039640985268125,-0.7742417081058444,1.5171165242241391,-0.8007865661767932,0.16386955637015976,-0.2930640163253664,0.10177871072935715,0.1116808334249947,-0.19944368369690224,-0.004840900761431909,-0.2647834674531825,0.21551981017097194,0.050058161122451705,-0.03381405851875788,-0.10065506401372146,-0.0909946354820709,-0.08069956148459846,0.04910516501644308,-0.01793496558318067,0.0075851093420040315,-0.00973674032975425,0.03630280891524233,-0.010275873631919457,-0.04673735203864296,0.007193005042134395,-0.020206561751724014,0.20715505197610978,-0.058856449150225594,-0.017146520698497623,-0.034581189827798134,0.021869875720688468,0.08659879945218345,0.031144118366475293,-0.1483310579905813,0.2071580031851059,-0.20697479047627873,0.13085433297999674,-0.006495231190930099,-0.1414307594690585,-0.010799462439615394,0.009597017034347757,0.09493527822270989,-0.17130523315424262,-0.12782639897413534,0.10389556485523115,3.5223202414869075,19.31990788211703
3,202.67701825708,287.835607070837,369.986802642097,421.094174005693,208.191118662744,18.5511629056292,12.4760506621354,0.294181715496681,-12.8561662150223,-9.108053182402,11.5904415922968,-18.3466671612446,-6.32852584640716,4.11499340590257,15.5294513816953,12.0086929773804,7.02230496855593,4.5169966267337,-0.394691356738315,-8.99202271235354,-16.7018112090676,-17.3806329527217,-17.3124238319234,-8.74513946600797,-9.88913331158692,-8.28505666680902,-5.71824724825674,-6.87836524660338,-7.5051786420514,-7.68337072371343,-8.16522623599107,-8.14552519518722,-8.22670712103044,-7.12536564064329,-30.2204147945071,-35.0416040855218,-17.8554749148533,7.44321946402487,32.7151716765927,39.6332635865334,54.2156779665912,65.5880991726817,77.2400983899375,62.339849200549,46.3649242830006,0.28291995279322846,-0.14855861210002702,-0.7994075843858844,1.2874172581448646,-1.2700556497163096,0.6088338885650675,0.04607203599178454,0.02961634286389538,0.09530759417847774,0.05517221065017954,0.29133381958360977,-0.16414356906271987,-0.12508052550346785,0.004379215278659519,-0.040282941962591516,-0.1416853446525674,-0.03737880279404269,0.006561625414578359,0.04490257018474768,-0.011624696539358615,-0.057800157641557985,-0.02345402332310678,0.017687944935617844,0.07276738576889305,-0.05969108417842323,-0.040791563314975895,-0.12097505795986971,0.166748165959119,0.02268587872947105,-0.07567292504387242,-0.0906938522456899,-0.12004083913838237,-0.037445950862649374,0.026917062468463093,0.040780555332785885,0.05552983266282158,-0.09823675460147253,-0.005140804471254934,0.08243329771890413,-0.0046928816803615365,0.05803703357347393,0.004383652717844862,-0.0879932898245478,0.09244201537846959,-0.028506129527188263,2.5948046398046403,20.52033562117572
4,91.033348768272,131.684160356641,170.631065020949,208.191118662744,112.353402263922,15.1310392839968,11.3740047174737,2.15995045707111,-6.94493245339191,-3.52135280454618,5.33988378729948,-7.83981324708865,-2.42950601859465,2.47301880357147,7.27274383599867,5.08999503991169,3.46571348605704,1.24326686937709,-1.6298009970009,-6.07794496766858,-9.99589052410486,-9.33040581155651,-8.55107837118088,-5.50773152125784,-6.84459910105953,-5.46453988779819,-2.95825216102963,-2.90695333513895,-4.22781381879742,-5.60105635756193,-5.90975500632411,-6.14667894671366,-6.30566665204916,-5.94713942375042,-20.9867934171893,-32.0807185301919,-27.9911329352752,-19.0360935068033,-10.0871900058779,-5.8403883831919,-5.25828192444103,-7.04864253338836,-9.30027047057238,-9.77251998396397,-10.8187545728146,0.05390748688429074,-0.12232641296715625,0.1715707841775912,-1.275993645158785,2.406801888798885,-0.8846289926702066,-0.27119603899502864,-0.008870816640083979,0.1517830280355618,-0.04305976789987733,-0.024852717455976503,-0.047060367259204997,-0.033276641438688734,0.10697732192349499,0.15545487151007858,0.14279188996564132,0.139125476730633,0.05113088055534355,0.033295393035034926,0.034499978533914774,0.12982352345344544,-0.056608970885896864,-0.054187382128378855,-0.1311123460951317,0.17928701545752848,0.08269385557329069,-0.1746304689399548,-0.026971053575660802,0.008227026575138742,0.051462359895921746,0.015873238590818545,0.05904609670322178,0.019852376136827256,0.05512115891736599,-0.2807223468650163,0.18386511956215093,-0.02642139285198863,0.008514362796750514,0.04566746911443588,0.001311253882861653,-0.0012752747111372423,-0.15777925374502771,0.41479321055516544,0.07197042041634824,-0.18984242503347945,-0.11437762854429522,10.599217059005916
5,17.9059448649996,19.7698446143929,20.8571004371097,18.5511629056292,15.1310392839968,12.6327713495122,11.7194513646465,5.26985971100596,-0.319668795584739,2.76095964141127,2.48329427585987,1.38433727183036,1.49004422483406,1.74310237682977,1.26421254463535,0.953109253435167,2.04626214925012,1.11373195453234,0.814014513367789,-0.429835278225905,-1.38438809635883,0.775344754221835,2.51234475534871,-3.04060041752296,-3.6699297306741,-2.95542231038771,-1.29122995722239,0.0652352076432977,-0.709662173796503,-1.76166105988205,-1.26426566265725,-1.04496606321596,-0.736772151191807,-0.392140297704819,-8.95524312649595,-15.1802462920293,-11.3565724212819,-4.86807507975212,1.61651558123689,11.8744328314169,11.8232335116864,9.90112476814264,7.11012123718684,5.33677707988636,3.53043945613223,-0.01400355390610583,0.08117599115484307,-0.30105184577561356,0.6162021419680734,-0.8904741751921571,1.9553825538831031,-0.9476864554543951,-0.2331042440995906,0.32693781304850444,-0.1662018725593347,-0.1798705988918028,0.04144018661162547,0.040344577399675154,0.10977630155432218,0.2720869538020696,0.06414015000292618,-0.009202068500310395,0.07777288412555579,-0.06300933327324705,0.010832313077310788,0.08587657713493395,-0.009645398664401249,-0.06844748437071031,-0.1887491804016049,0.0157776618870038,0.17523519306732985,0.13977291703445338,-0.08295329322654492,-0.023619416085867827,-0.02224952501938277,-0.012178535432127071,0.027462018039935178,0.08005544937897804,0.051734192590792205,-0.008637366478291594,0.06502367417916546,0.011317385424612827,0.007800944734952997,0.018566995491043254,-0.07246101080880879,-0.008053171459627795,-0.004440043859902881,-0.08688165629757719,0.006043814230560117,0.09629696069068813,-1.9018932302265634,3.552853972444159
6,10.6119867945231,12.5178706821536,14.0961938083111,12.4760506621354,11.3740047174737,11.7194513646465,12.8916022419314,7.36215934274832,2.23670756204965,3.90833708860971,2.66959438784447,3.20380611851644,3.02734236849493,2.94505585461009,2.32247744387564,2.1618891165872,2.07317165014755,1.47992512635497,2.01978333957839,0.611698628554716,-0.503263457159019,1.83515052758077,3.40470196914442,-3.96672904155401,-4.06770113526358,-3.4371477692505,-2.25122382348585,-1.1948153570502,-0.816208473738543,-0.448177586642414,0.190861411440541,0.372214311512408,0.598858204413591,0.773673631718069,-7.55158578002742,-13.0531623558078,-9.71035922827673,-3.85601422568384,1.99260194480325,10.968801111134,11.3485633574107,9.75012833685939,7.7004832383087,6.17478947541179,5.27490492762489,-0.08521717281354085,0.054129851879358024,0.09381437165819773,0.054509253923794354,-0.26936735380257737,-0.9523215246487297,1.6349427733522603,-0.5145776824173648,0.053087340640215565,-0.3023015592288227,-0.013435573037420628,-0.02913615753394797,-0.07464610758965982,-0.06337518836184043,-0.13441187042877636,-0.12098382736947652,-0.06373484670546675,-0.1064008701077353,-0.05910929079927122,-0.045444253292822666,-0.027354898572376857,-0.014705912631873867,0.001957713577649034,0.24779185638285803,-0.17342862380500304,-0.06114495863100096,0.03954831290041532,0.01905082533921158,0.014309789331014105,0.0007563710858782018,-0.021514728721431727,-0.059245129000535496,-0.020521374098232396,-0.014642207004173178,0.005368206802735502,0.06569734124577849,-0.13417240753048157,-0.011074454891328382,0.09572551118001686,0.007972011677706068,0.06551042258743248,-0.10678033487195458,-0.023638400975387556,-0.0034085334013262145,0.0074904343335489895,-1.9477421652421651,3.5890949056734898
30,2.30757536358741,2.51425122510556,2.38675563426255,0.294181715496681,2.15995045707111,5.26985971100596,7.36215934274832,9.16159246412297,9.27707814469728,3.11673507991221,1.59415989303369,4.19146460952794,3.36461762728132,2.41008509162424,1.11712458244919,1.28786508029486,-0.307441275216033,0.0991146794356848,1.73842596892475,0.507044454649604,-0.386963512192489,0.500364512029408,0.376646057929638,-0.538846712768303,-2.03280077805486,-1.51957002698695,-1.00562709318687,-0.787032769234982,0.134473470971245,1.49244935027205,1.8230417717056,1.56966913154886,1.26786949541021,0.984836308928024,-8.04845519655954,-14.4457917837393,-11.8345548352174,-6.28252626285095,-0.722623159148503,-0.558457279244642,2.16342663088308,2.61941697435592,3.15193711394877,2.51026290000243,2.82763278985165,0.05157828839198066,-0.19948507760135506,0.11771283346441463,0.03000898749531817,-0.013155673295937488,-0.23129068032985153,-0.5151871728685296,1.4524547349368142,-0.6127207363229925,0.22781331258173404,0.22328130833316764,-0.03480960572201408,-0.02717846981608659,-0.047030487623259246,-0.1298413915498499,-0.0915360045859444,-0.011532270832950619,-0.045178470998000535,-0.07551329662144282,-0.09600217014368867,-0.1288558041982878,0.0799171492037291,0.09033512440009997,-0.05159310655900318,0.12385365845551576,-0.014453226926335298,-0.2860553813123386,0.26890638000347167,0.06043920517929886,-0.07173288659737646,-0.03973147675823647,-0.09501107414872005,-0.043583941675383785,-0.1379780580212056,0.21747031337022765,-0.14291516711431054,0.06733770004719977,-0.009783439572395263,-0.12197275332141791,0.09390215002189836,-0.001238582969158094,-0.04044410664543619,0.0826364727852483,0.0101728765009826,-0.05165492808118367,-1.4241025641025642,3.0251599071987862
31,-5.86301421182224,-7.36747486893141,-9.59747229989132,-12.8561662150223,-6.94493245339191,-0.319668795584739,2.23670756204965,9.27707814469728,17.2060488505747,3.922332685075,1.18107296607547,6.00360171061973,4.10559465422058,2.01514317799201,-0.34402457101644,0.0575501136017988,-2.77257253999944,-1.56833789956065,1.05538634834362,0.392298438337068,0.0979630266992305,0.938777132172706,0.526958129906318,4.39967488814486,2.66321247479027,2.58454878341366,1.84033818384459,1.27302256146108,1.29125073079178,2.12844402786543,1.7230692128964,0.656129154359548,-0.399565338012432,-1.43475540896714,-11.8684365458696,-19.7181203806891,-17.101575254863,-11.2883331337969,-5.47621451313111,-10.0782166582539,-5.55991891423418,-3.82176502045478,-1.35146536844764,-1.10100281763919,0.430102985326253,0.11690521098729277,-0.11953015405000941,-0.2014513434855293,0.09623095469857688,0.153181099080796,0.32662856395412754,0.05344148727338801,-0.6145211544684547,0.8289043103046629,-0.2935556905204808,0.03986030031041538,-0.19441149813534056,-0.058993684017468594,-0.07117180663585362,0.23161312858156732,0.12685990240997033,-0.024366492805662367,0.16058017099320127,-0.11070761728598304,-0.009930447482753069,0.1366571612530291,-0.044136965221278524,-0.05127786117670853,-0.14976736810092958,0.10179255699232582,-0.09797120672196952,-0.015802545499613446,0.11856112923667354,-0.006159581618815034,-0.10822154605941905,-0.06593822226900149,0.01805939120622235,0.030967415220131845,0.09595785256572792,-0.09494368869997394,0.1795692588397178,-0.1057169002877134,0.0036701885407890143,0.11550064923588824,-0.07984534480634807,0.041949113437916886,0.05039543279628214,-0.03091148670564233,0.015937560910353726,0.017540028702918948,-1.2416666666666667,4.14681188994325
32,-5.85370096208063,-6.10356963218434,-6.7801927092087,-9.108053182402,-3.52135280454618,2.76095964141127,3.90833708860971,3.11673507991221,3.922332685075,4.89189655172414,1.4854039019709,2.54471239187409,1.79517266062815,0.813162386989996,0.184252334029273,0.338923698829883,-0.630084882870208,-0.189785895403412,0.346523787679222,0.908562659179659,1.69543567723344,1.94569090790001,1.61264249837825,0.661722997851506,-0.0031898954428503,0.232834602911912,0.47906647380344,0.600216498234603,0.113078805137915,-0.122860965948313,-0.415714570057064,-1.01253627118116,-1.45855454780977,-2.09359196365535,-3.98897724098644,-4.79397200451387,-5.35744112131528,-3.83124924142483,-2.32426797859503,-7.6582666720359,-2.81675016080438,0.286001432353156,3.54408608016305,3.27522446576054,3.86713278966034,0.19777692610354275,-0.11091380089018178,-0.002878660698321495,0.05043269529319743,-0.04844544687948805,-0.16814252552990702,-0.3020609267691011,0.22847931459712187,-0.29529620206066737,1.236790389322914,-0.17226977699407237,-0.0419737137119017,-0.11249963261361735,0.09808387262312661,-0.1079237794011038,-0.12568215533533209,0.06744500172538732,0.027667333348824503,0.1196622087906905,0.07884326940878758,-0.012587671419708945,-0.16452070676881342,0.12224904712986898,0.14380083671795907,-0.014324535915204993,-0.012855064191300856,0.055800717286179025,-0.2764235288338393,-0.004571793914598317,0.23137449970573748,-0.016665119345567782,0.15040496499735376,-0.06605055512288621,0.02305592009375365,-0.0028279745937699,-0.11480893920265654,0.09622950555109008,0.01172734302726636,-0.06702584186271425,0.1355844317733573,-0.22709196278789426,0.278985057182017,-0.208427570016302,0.14531381390545864,-0.1356111576551252,-2.15,2.209501426051619
33,5.30071518414127,8.90533873472458,12.9157080485498,11.5904415922968,5.33988378729948,2.48329427585987,2.66959438784447,1.59415989303369,1.18107296607547,1.4854039019709,4.90450830140485,2.07914421890722,2.47812156979759,2.30034574809517,2.99842561554604,2.59567186274004,1.01538460013017,1.02118005895502,0.336513216148482,-0.24368799757567,-0.360623157921151,-0.518617405931832,-0.957356455913688,2.54242626300386,0.696231252852676,0.774276585305221,0.798424618212947,1.49340535076723,2.21740496381869,3.19955938493981,3.48312207800288,3.65807666857669,3.89897416341227,4.05283592609267,-0.208030584376547,-4.24287848137517,-4.12185308787775,0.4209310573746,4.96895168960369,8.16425746264609,10.3876426582956,10.648768156234,10.4672567088372,6.51671734916835,3.38924199831228,0.27924135543332207,-0.3516408327423568,-0.2677241968127788,0.2985186078523461,-0.02808437971283868,-0.1836663981984652,-0.013040671907994602,0.223697653935252,0.04008152230045689,-0.17270454848245184,1.4766541416369043,-0.21149310708764882,-0.27998606374501783,-0.16447838515140684,-0.20632538134399897,-0.046573870433648024,-0.05370793647377341,-0.09014677195979097,0.3827801446412379,0.08786215558947441,-0.05075598425638051,0.021430965184291783,-0.06997551152357781,-0.14724125767687354,0.021130745810388363,-0.062441031514586194,0.05855325191268999,0.13993224546799263,-0.0836220615299048,-0.3332510939034402,-0.05656240158864497,-0.01212899949203701,-0.03094040834766314,-0.08475174455665503,-0.052208226688891836,0.10675485241877578,-0.10478349528068796,-0.010959447256032113,0.0660656410493387,0.05545101764685795,0.06938198749502186,-0.08787280384918,0.00195985276821991,-0.053538508502269225,0.1344174797774769,-1.1777777777777778,2.212353566093099
34,-12.1787972728642,-15.5478276506506,-17.7808609712236,-18.3466671612446,-7.83981324708865,1.38433727183036,3.20380611851644,4.19146460952794,6.00360171061973,2.54471239187409,2.07914421890722,8.71446998722861,6.78233723487592,4.0359761887504,2.2222603168037,1.9149048160169,-2.09105562325002,-0.729967372048518,-0.099139991365128,-0.443208739051441,-0.41673161639717,-1.25791132439811,-2.61466655634987,-0.498969593276582,-2.08625874931055,-2.85129405842525,-3.74144280347444,-3.72773586395662,-1.89737173888139,0.845018361050651,1.51302835736874,1.98413171634055,2.48464552371075,3.09017236271151,-1.35336014447594,-6.17303563418196,-7.2438169023637,-4.79957216396328,-2.37149008629536,11.9231828756056,8.23209457538155,2.75263642334854,-2.500945312602,-1.72256397342772,-0.164057293147192,-0.07744982511585977,0.1264358983364706,0.20920888895877796,-0.16596439352781361,-0.042842462766357954,0.05567751106663382,-0.027675825943938533,-0.033481705934053946,-0.20268051356008132,-0.0401035541688738,-0.21737586732503877,1.8688659253914397,-1.627394101759021,-0.2816673198849696,0.25725854620842536,0.5003361469109304,0.07700952164081876,-0.2988704355720155,0.11611445646110612,0.03308511795794081,-0.08149631241456304,0.0791564887084011,-0.06055794150366574,0.02106285988237174,-0.08622682083174747,0.1369999534551607,0.1858962021024131,-0.16157184840590844,-0.051134036703903915,0.03553394033399552,0.09796050537147344,0.011806916671527841,-0.02985763305835498,-0.05471884979620251,0.10358697809921472,-0.09095981725771135,0.06129386727506402,0.011687946286252434,-0.011688230599547815,-0.06818652432743258,0.07029898006775565,-0.038327184518207255,-0.0036010236614729355,-0.10323029651174252,0.05033372952299458,-0.9111111111111111,2.9503338772465404
35,-4.48600949746254,-5.92463106970716,-6.13520461777814,-6.32852584640716,-2.42950601859465,1.49004422483406,3.02734236849493,3.36461762728132,4.10559465422058,1.79517266062815,2.47812156979759,6.78233723487592,6.41114942528736,5.0714169072809,4.53337031815097,3.65374583385114,-2.91385121752986,-0.988418458783817,0.280746470125462,-0.506943667799512,-0.88542616186635,-1.49839098436485,-2.81942462731996,0.0040813388269692,-1.60122543195923,-2.33484733490573,-3.19669789443568,-3.31549010013391,-2.08970697352085,0.559794652946593,1.10979298389447,1.39754342450459,1.66634243796297,2.0535053035201,-1.29169530272869,-4.55714117588671,-5.66038331746617,-3.01052318955212,-0.37859282162473,16.183013444764,12.3434583275042,6.12262218341606,-0.0059320982396509,-0.646717988426653,-0.483269737836939,-0.2421027369071607,0.3482963877482718,0.046953884869577446,-0.12607990299611382,-0.027332167295937675,0.01980061606944319,-0.07939769056678023,-0.027560015475750443,-0.059966151078745,-0.10198604245779616,-0.28802060985982436,-1.6296628028693019,3.3896614268048344,-0.9269953320460501,0.2021968998477043,-0.6413533926923688,0.07549159753919146,0.07525743571641764,-0.05733122078534752,-0.0009711231029629488,-0.006344035397221198,-0.009854415570837237,0.2087144450474508,-0.0028438515934090264,-0.01624421446489227,-0.04951916935307767,-0.07177293746473512,-0.013541769627529003,0.1114193166810022,0.09330624729193698,-0.028516287168409437,0.009671300992133989,0.11703403064197884,-0.10730830762518467,0.09062749873665417,-0.10650847174505053,0.07612397253255782,-0.007065497553146442,-0.07529756805126493,-0.010669467560256461,-0.04847197360521017,-0.017388357644222016,0.025263216095736504,0.026079945146792093,0.003130375368046698,-1.033333333333333,2.530049293054852
36,2.85021347582599,2.71900149430235,3.97188197224629,4.11499340590257,2.47301880357147,1.74310237682977,2.94505585461009,2.41008509162424,2.01514317799201,0.813162386989996,2.30034574809517,4.0359761887504,5.0714169072809,6.67235632183908,7.22179977908015,5.31076225330846,-2.03514317523442,-1.05357834334457,1.38816067302694,1.24026577856488,1.59644703935598,3.10599375571293,3.79287089659175,-1.23616884813893,-2.54416595872062,-2.70932983369533,-3.05348309488137,-3.13678690783664,-2.7307000558787,-0.910122627186484,-0.511541367312779,-0.453902184057891,-0.470511385729813,-0.657863622808954,-4.54038779822116,-7.29948840411238,-8.12994316703532,-4.4623728453458,-0.823357814196738,16.0407755421338,12.2147761799625,5.14408311125413,-1.57412387024029,-3.23343138390844,-4.02311853465486,-0.23685067932349643,0.10839733348111351,-0.0303945165060228,0.0037173275202125786,0.10517731821512778,0.10347946163072957,-0.06421668782649723,-0.04734993247260961,-0.07092252218861748,0.09969267829599351,-0.1611816650977827,-0.291096586272386,-0.9274571499161172,3.551146787121598,-1.4904199573792551,-0.4582226373449082,-0.03136906735600981,0.2114216039861466,0.011304848712490722,0.019106255445796316,0.06809413536276045,-0.15832176181301574,-0.1697844062913796,0.09495730154940314,0.15431109407503787,-0.04289505277853765,0.015686757557323006,0.003079656696832345,0.03739047708209135,0.02768423830416384,-0.02715040334355132,-0.06914351461820036,-0.019700894840363643,0.10708237489611867,-0.044410201482363236,0.008502858386050352,0.04793576469568994,0.011411916221449476,-0.0030240425533123354,-8.901551496736793e-05,-0.09558357262611061,0.06085564871658468,0.1071111954192829,0.02129848292598717,-0.08680032966552592,-0.7500000000000001,2.581154067822973
37,3.2127556403847,7.6375442706934,13.0404426887633,15.5294513816953,7.27274383599867,1.26421254463535,2.32247744387564,1.11712458244919,-0.34402457101644,0.184252334029273,2.99842561554604,2.2222603168037,4.53337031815097,7.22179977908015,9.75252873563218,7.4718913801854,-0.0101137663998411,0.363273888963848,1.65148890898164,0.474213839963073,-0.166239643807718,1.16973006794982,1.78332969445248,-0.555882122959007,-2.46888827162035,-3.18533719930132,-4.11122450994773,-4.77845338899871,-3.76510467883082,-1.49708842007803,-1.06059433725221,-0.928010121925597,-0.916416368725119,-1.34114907579365,-4.04185732392727,-5.21554626748584,-6.47479001413795,-3.02687108469692,0.391629381482154,19.7368710962455,15.3956063702911,7.72081670754062,0.195585844594593,-2.7936239802797,-4.40436604807284,0.03765400504306308,0.0167252862181177,-0.09806472420797845,-0.048233565879744894,0.16113152406989617,0.26827799553414033,-0.1308693201567425,-0.13330848743629994,0.2316937226251026,-0.10191148571563066,-0.20766578538922711,0.2578004926704598,0.19991088070619656,-1.491399499303385,2.5434072396125806,-1.4264547315228702,0.1088719488375793,-0.09702201382432776,0.15678659118091562,0.010156259452768449,0.023139207334370786,0.06742617249462607,-0.032561156871522945,-0.06987760157859287,0.08977654094826115,-0.019647512614900244,-0.03237348637170173,-0.06689333155585105,0.05937883128084912,0.12861039310249106,0.07733587733251246,-0.04030683009268455,-0.2397824282512886,0.30038779921846204,-0.1343426515282598,0.12173484376180922,-0.015215992398997109,0.0023642724544730865,0.014825956485935597,-0.006893709437462351,-0.09068275200078188,0.04111219760964455,0.012468237390028504,0.02443132633828992,0.018658817920493533,-0.9333333333333332,3.1213024101538425
38,-1.97572225429321,3.33063253719219,9.39875211722642,12.0086929773804,5.08999503991169,0.953109253435167,2.1618891165872,1.28786508029486,0.0575501136017988,0.338923698829883,2.59567186274004,1.9149048160169,3.65374583385114,5.31076225330846,7.4718913801854,6.44528296615581,0.624040478043771,1.17942002271496,2.46109556423667,0.894812374928896,-0.22140704339249,1.16698437231729,1.98602166639417,0.462169569054179,-1.14651824703049,-1.80153146669156,-2.67974604481316,-3.14907523521154,-1.61110533668477,0.955219793338831,1.25039763131036,1.30924927264206,1.2565810281469,0.990969481807089,-1.01091162098817,-0.990394407764463,-2.14924359759139,0.584580743839063,3.30156095005766,19.5985315469914,16.3268983727295,10.7248203482958,5.08611700436009,2.1238774769192,0.744275766858357,0.1120998897810439,0.13448933824286236,-0.08792033001256924,-0.14629100077689358,0.14930606624752,0.06064539180401247,-0.10812039817929919,-0.09454325046868584,0.12311996754981214,-0.11742754549511805,-0.04326898388847594,0.503184652639504,-0.6386192718964293,-0.4583038614123025,-1.429097871169774,3.339741910631106,-0.007427896978342809,-0.1388797800561864,-0.7243770570984999,-0.12973407765013234,0.09358147761038763,0.017415381522513762,0.08806714236063794,-0.136646205546187,-0.009299558327482112,-0.020553117565301055,-0.02910866687950475,0.02995906452009746,0.19959999126496808,-0.1494626007690287,-0.07791696585199144,0.011660657184141653,0.23943895599471632,-0.04622013370779927,-0.053416927187687986,-0.014268540987166374,0.05358407810521701,0.005927002071002505,-0.04008521643593205,-0.0050802714245553665,-0.06714550684187526,-0.0022455418537587956,-0.039191792113631004,0.044380657158998686,0.05385302119747845,-1.3486111111111112,2.5367859519785685
39,-6.98520345475825,1.74599716643785,5.56917225599449,7.02230496855593,3.46571348605704,2.04626214925012,2.07317165014755,-0.307441275216033,-2.77257253999944,-0.630084882870208,1.01538460013017,-2.09105562325002,-2.91385121752986,-2.03514317523442,-0.0101137663998411,0.624040478043771,32.8336350574713,16.7470042335442,0.485199463644191,-3.89071988153581,-7.7661762591279,-7.24425126750121,-5.30408209510192,-5.67666045290301,-5.27603877826359,-3.6617026213346,-2.41021832307699,-1.79548386006207,0.681407933264696,-5.06894526842199,-4.02715450892948,-3.02450728526106,-2.17235076193181,-3.58806661159614,-9.76710228247945,-11.8994607354395,-14.2523856546487,-12.0730231665375,-9.90110097627463,-3.24104784998071,-5.76490271252302,-7.50330153978769,-8.95857228931905,-9.33554715338544,-8.61543499613765,0.006709653746661469,0.051172283002936365,-0.08128175897144249,-0.03263111109060311,0.13626184297528715,-0.014466897780389532,-0.06404739083406935,-0.01172720954799263,-0.025634965399524673,0.06819836366685324,-0.055394515149585266,0.07130384379549519,0.07366149865831759,-0.029698399241254097,0.11110892604938122,-0.00926031305587858,0.7856698438661014,-1.0751203398549734,0.318371422620445,0.19106950399445563,0.007561704539536278,-0.22506543487779246,0.023488672849273275,0.047681937345700164,0.06510304414119004,-0.006831825345036448,-0.0602296347620074,0.24389814246060912,-0.3742174615997433,0.3295372265576044,-0.17123780417247647,-0.054362140390100344,0.014880031178944327,0.142365994956127,-0.059394515812712954,0.009369450545008451,0.0577487270412578,0.010798057839587559,-0.022970047806747218,-0.046763452455461464,0.008835537646540362,0.044135465365295085,-0.05576979131243616,0.13673393888593163,-0.07134564229273042,-0.5416666666666666,5.729191483749804
43,-1.06567375964868,3.79707128738002,5.95113084808102,4.5169966267337,1.24326686937709,1.11373195453234,1.47992512635497,0.0991146794356848,-1.56833789956065,-0.189785895403412,1.02118005895502,-0.729967372048518,-0.988418458783817,-1.05357834334457,0.363273888963848,1.17942002271496,16.7470042335442,10.2105926724138,1.78626956511611,-2.93262705993682,-7.2916694984619,-6.63440921328172,-4.85294061393148,-1.60511915270427,-1.06210800177246,0.26151099961695,1.27403280317926,2.34886067454483,2.95860882767016,-0.307246970756508,0.148251298503479,0.866388866683031,1.46135129851826,1.05353939819768,-2.30573816578776,-1.72510100685724,-3.59165380453284,-2.19744299663138,-0.800389733377562,5.75687332713981,5.4251127435877,5.43829983532183,5.36466554640108,4.30682738135213,3.50290367543346,0.24205139752075508,-0.27128213868110973,0.043307364718185797,0.00508623813291394,0.05048124599052591,0.07668414894448956,-0.0982197916948749,-0.04687600011933989,0.16127160576550692,0.027761112674827098,-0.08742442988741511,-0.292643337840909,0.07612114312771417,0.21615943626477624,-0.09785266998709771,-0.14581440153424963,-1.0734586654026472,2.5957679696040246,-0.8454552694321158,-0.44049191380908714,0.033489718137999794,0.45094730921886705,0.031582552998994054,-0.0036844613344991467,-0.07604257651207273,-0.0014643430564607626,0.11245948437206466,-0.3147153957336406,-0.08978685037168721,0.10648090818536465,0.450405975384391,0.04176057602403173,-0.24274099662999277,-0.12243978627031067,0.08483096822074732,-0.050491706555511426,-0.0018174172111425136,0.00988733813078771,0.02521803054232334,-0.057026898921944416,0.11981691381533645,-0.05059230107572296,0.001654057365310602,-0.10992316064891985,0.06762383285377738,-1.4125,3.1938366696520024
44,-1.671309648956,-0.312911093291435,1.6915857173656,-0.394691356738315,-1.6298009970009,0.814014513367789,2.01978333957839,1.73842596892475,1.05538634834362,0.346523787679222,0.336513216148482,-0.099139991365128,0.280746470125462,1.38816067302694,1.65148890898164,2.46109556423667,0.485199463644191,1.78626956511611,5.23625191570881,3.43065549322187,1.94300490438379,6.26271176721045,10.4793517090263,0.614271646494997,1.44460539574559,2.79118430062258,3.83338146577609,5.13032511902248,4.95134877269259,5.36912641117756,5.09785095195013,4.82093587640774,4.43995626557398,4.22636533841536,1.48694613018113,3.2416510117342,3.06092632730562,5.38451783070382,7.71083356430436,11.695550098504,13.2157048269195,13.8817306033192,14.6298107618664,12.5596059927601,11.239488050554,0.0210939847313777,-0.11025088787716918,-0.013731116508014113,0.04490300966502275,0.031033369326204745,-0.07607753760499317,-0.056360798912824105,-0.07464972573089788,-0.10940383118956694,0.11444707836228218,0.38438403554545186,0.11216195886358411,-0.06656619954645075,0.011106795777233966,0.14970845985547657,-0.7254256642262567,0.31383664244687187,-0.8444945806882631,2.449749894483023,-1.3404839554354253,0.7044943863002192,-0.028545468022586246,-0.281477086287563,0.031038189696139137,-0.08427181628110514,0.057729253738293074,0.2391324571251141,-0.15217086165283514,0.033388552782248955,-0.22029655987964775,-0.2011276710872131,-0.05044385642608218,0.10223103310312151,-0.09696672023721432,0.14083559892670067,-0.13941012050638793,0.0223702406538587,0.03219200665161812,0.09936902138498226,0.023178137165401104,-0.02383363458830115,0.008731188265159425,-0.010922146531845716,-0.02362973836458636,-0.0218138457496986,-1.8016666666666665,2.2860997169215547
45,-6.5190461735239,-7.91157633359212,-7.83281047259328,-8.99202271235354,-6.07794496766858,-0.429835278225905,0.611698628554716,0.507044454649604,0.392298438337068,0.908562659179659,-0.24368799757567,-0.443208739051441,-0.506943667799512,1.24026577856488,0.474213839963073,0.894812374928896,-3.89071988153581,-2.93262705993682,3.43065549322187,15.4182950191571,27.2616344441395,25.5510511778575,23.4046665105479,7.55615882025869,6.71200259969501,6.35190576299999,5.6271943121547,5.52668912113445,3.93590226280432,3.53175218939296,2.25328743608339,0.824230682697754,-0.715320111435553,-1.74380661717452,2.62695506478798,2.96472938478996,5.62569120235141,7.37020872446918,9.08893327367699,7.37081752968394,8.43058401892064,9.96524146966023,11.5507426927459,9.87987193665434,9.29339625329397,0.014564652184147427,-0.027610031811416375,0.0297175700140672,-0.011427913550350994,0.035834771693657466,0.010763388988040896,-0.03927534548269205,-0.09373156359300178,-0.016223630766116506,0.0770319007842846,0.08742215948557562,0.029899786971283992,-0.0043980684068300295,0.017376339718355012,0.007920458957017222,-0.13964386821323863,0.19464873975432687,-0.44664016881937296,-1.3332876622197476,4.204504432577971,-1.7211420575042775,-0.5166826265976285,0.08134484545575224,-0.018633007595375454,-0.014154715610518816,0.008393507774467263,0.1028418551450623,-0.05191270742234475,-0.022116589371782517,-0.1152293171412653,-0.008421228637798315,0.006825910058389456,0.05271448679932421,0.02430257491232179,-0.02739776413433263,0.13232800637348202,-0.2085163154545886,-0.018179789952240823,0.09447004294813159,-0.05332822667384166,0.07949412350798081,0.03408698269491604,-0.004727638745428451,-0.051357356998378005,-0.006247178630820115,-0.8250000000000003,3.9253401150928426
46,-10.3622648388959,-14.5325488936787,-16.3608151405621,-16.7018112090676,-9.99589052410486,-1.38438809635883,-0.503263457159019,-0.386963512192489,0.0979630266992305,1.69543567723344,-0.360623157921151,-0.41673161639717,-0.88542616186635,1.59644703935598,-0.166239643807718,-0.22140704339249,-7.7661762591279,-7.2916694984619,1.94300490438379,27.2616344441395,52.5818138569604,44.7425304347068,36.1388796800059,14.9704525049928,12.3886865724061,10.2103405359876,7.60392536187913,6.29333130753016,3.31840575912017,2.09017087324219,-0.0739901637618166,-2.55523814726424,-5.14842253375519,-6.92161751742374,2.38364404608847,-1.07791992648462,1.88303334469576,4.47331805554923,7.00580989134036,1.75061557455359,3.84699928039302,6.09032971948973,8.32977218996394,6.84143707635679,7.03321612390049,0.027667276699471274,-0.019686146429404364,-0.01987850861086249,-0.06399046554103824,0.13641254474154307,0.08852488770607066,-0.03078693929658147,-0.13191277996744033,0.14175185152466685,-0.010976943032405971,-0.05410040798569934,-0.07858525241561402,-0.0075937039322954225,0.058841904340990375,0.02267532662649773,0.09371847917315647,0.007707474144867222,0.031836255830636415,0.7025339541401681,-1.7197770709473996,1.5914296240591674,-0.9900978749212788,0.39659265435873314,-0.07324016797648586,0.049672803545151994,-0.015649086558240172,0.03697758905475891,0.0023076723680736395,-0.0852589341807948,-0.09980492489385734,0.183741450611291,0.07372162927563203,0.05865759751450314,0.0870619323743616,-0.2598177127257858,0.025462382521908588,0.1629491646147197,0.021097553884643513,-0.06037799239627223,-0.06322437446903482,0.050513210736449314,0.014578412001895144,0.027170918273990062,-0.10825336517058246,0.050797051971854905,0.029444444444444547,7.250642306510536
47,-13.3249290144225,-16.842051050392,-16.8736372764185,-17.3806329527217,-9.33040581155651,0.775344754221835,1.83515052758077,0.500364512029408,0.938777132172706,1.94569090790001,-0.518617405931832,-1.25791132439811,-1.49839098436485,3.10599375571293,1.16973006794982,1.16698437231729,-7.24425126750121,-6.63440921328172,6.26271176721045,25.5510511778575,44.7425304347068,49.3854163473819,52.708197001922,11.6938915548056,11.5922429688965,11.406896498787,10.8314122143767,10.2251578104606,6.15781916168624,4.0888764671872,2.32319398130852,0.0256475449655764,-2.31857221217374,-4.13263329848025,-3.19747636886767,-5.35156402456558,0.892786172192079,6.25652892845031,11.5725605944605,2.24510444078035,4.74989934162859,7.09572526408238,8.91681329066151,6.39728020538023,6.02195411728721,-0.10799088206673896,0.10282613586507033,0.03885351053703031,-0.023396603406789104,-0.056287537977725205,-0.01758091090972096,-0.015766205356622435,0.08432483611502199,-0.04593870532890524,-0.16075013434209873,0.02147746086941148,0.07939792520365274,-0.008499334725427868,-0.13998994465371367,0.08418814098026198,0.02139550960212441,-0.22136774594099462,0.45632026476497833,-0.03517774939584286,-0.5178702923047631,-0.9877357002859142,2.5486923774725887,-1.14241282749031,-0.0332828990643329,-0.005805451937614109,-0.05201580178864523,-0.0353277600353725,0.047404512011049324,0.12484196970494414,0.19934419472751755,-0.40434455740900327,-0.07308188215436086,-0.005668411746306438,0.10165495634947445,0.08520395993392132,-0.010326985582928756,-0.03873825872673232,-0.01726461938704613,-0.023725390805815108,0.14997889896728897,-0.2063544303319799,-0.01698394318195273,-0.0516276968688682,0.2669426362620167,-0.1173035059353145,-0.09944444444444483,7.026764287165314
