,Cov_0,Cov_1,Cov_2,Cov_3,Cov_4,Cov_5,Cov_6,Cov_30,Cov_31,Cov_32,Cov_33,Cov_34,Cov_35,Cov_36,Cov_37,Cov_38,Cov_39,Cov_40,Cov_41,Cov_42,Cov_43,Cov_44,Cov_45,Cov_46,Cov_47,Cov_48,Cov_49,Cov_50,Cov_51,Cov_52,Cov_53,Cov_54,Cov_55,Cov_56,Cov_57,Cov_58,Cov_59,Cov_60,Cov_61,Cov_62,Cov_63,Cov_64,Cov_65,Cov_66,Cov_67,Cov_68,Cov_69,Cov_70,Cov_71,C_0,C_1,C_2,C_3,C_4,C_5,C_6,C_30,C_31,C_32,C_33,C_34,C_35,C_36,C_37,C_38,C_39,C_40,C_41,C_42,C_43,C_44,C_45,C_46,C_47,C_48,C_49,C_50,C_51,C_52,C_53,C_54,C_55,C_56,C_57,C_58,C_59,C_60,C_61,C_62,C_63,C_64,C_65,C_66,C_67,C_68,C_69,C_70,C_71,Mean,Std
0,406.714842071384,341.230013772689,307.373527426827,209.615634985309,124.280513813355,96.7801014653677,78.1584935139071,57.1858365155064,29.9019419710732,15.1598633287641,50.1162380986518,104.386301381924,20.1971085408663,7.45004935803979,33.3244608277022,57.8790521382737,75.9504446785301,2.30725108578262,0.500531844318579,-5.32436527794365,2.23593671706648,14.9701940161037,19.2179797075335,19.5338298778498,23.122884717705,12.760642448707,3.27499581169588,-8.61955791038166,21.3330776694677,26.4231593714507,47.1462069034369,61.6696664672513,40.288725600783,8.21380874913607,-3.69362617185045,-22.5889296760759,5.25136871577111,31.420950904272,66.2458897671009,80.6502720234281,12.2211093765989,5.05461596829425,-39.1532892254849,-37.1687065152395,-35.0513667146778,0.834936211852051,12.9749296088557,23.4171685257941,8.37388417037225,0.23642723539327543,-0.3186179216200526,0.14193882279128572,0.02286367268246336,-0.09570248763229121,0.06668814186464884,-0.07435549407668807,-0.13390758035110542,0.13576063007088618,-0.21491179392609286,0.14852520642985892,0.10046478418456999,0.038785013336326966,-0.17112921132532516,0.0666709375232753,-0.06248954803100845,-0.0722191728182167,-0.042306735353566154,-0.057967766541617824,0.04675068890776813,0.028665977555709366,-0.06713585983490358,-0.11511586947123993,-0.0660002980151994,-0.05121335238630159,-0.007499583652172741,0.034374248323069935,-0.005899590733737884,-0.2489246376116844,0.13989549548190366,0.030391491540804703,-0.012833106785949329,-0.046835673993723674,-0.0456568448102479,0.005266700974044663,0.04629479986612755,-0.022609858386046063,-0.030657328152551032,0.0644070264675398,-0.03917823202399932,0.031208051104767286,-0.004280862685434936,0.03988864219166808,-0.04069555855623628,0.05440465116782266,0.04115348463433828,-0.02337460546491368,0.032480669385181786,-0.08188759820964352,6.945014245014243,20.166924457422457
1,341.230013772689,486.454754329407,580.883034318833,341.776123228131,123.798409832656,94.4120967973731,75.2192583590524,53.341631529469,35.8826815402898,11.8372247024232,54.1290699223644,90.3782181002653,16.1809008642448,7.89360451044579,29.9516771292761,51.3093507358512,65.395355866606,2.7934645167977,-1.16493133820289,-9.49906016647532,-4.39230757491887,7.16772825546504,9.68490816219806,8.92867805647197,10.7124457459509,4.22395455003406,2.11765906164984,-2.90246026451148,2.98887291825768,5.76321159503584,22.4618903260703,31.9893987195925,21.2649264004399,-8.47217325017631,-13.7623355669607,-27.2869992061821,2.68801384433103,25.8389211184189,62.6559377007109,69.5192210256958,1.81093989514701,2.30852691962381,-51.3828696589529,-34.9763635397493,-41.0968384395246,-8.20842551826683,-7.82332900975497,-7.5750281162031,-64.8372337962724,-0.31861792161996516,0.9359753116038763,-0.4889924001268774,-0.06105970196829062,0.2403707110021481,0.026151463465772774,0.08659270809657485,0.0625651778740072,-0.15464183283863872,0.26194689937166077,-0.6612027100359644,-0.23068829801074814,0.1048925182655754,0.16473110653893078,-0.24353628401439356,0.06086655706813962,0.1426948029625495,0.09853799696348746,-0.0047847386713803335,-0.004395036407061935,-0.11838835582975808,0.043026575211634825,0.0017790160148348953,0.02319537093156881,0.20711017927099928,-0.022554471205299922,0.00640254231276874,0.09709929090007965,0.3658053697131455,-0.458855986671187,-0.2920834875453358,0.08593339372864332,0.132447795747247,0.05279539651082269,0.10421755827707675,-0.011605732872367226,0.037334133165001525,0.018215411221853602,-0.039631824279488824,-0.16571840741693544,0.09084206876343699,-0.17337950846123237,-0.09116842225773676,0.05919572920416934,-0.05866015206533941,0.027152705495709414,0.02810047922107056,-0.033253665736501896,0.1469926890361919,8.00945461945462,22.055492611352093
2,307.373527426827,580.883034318833,817.164332781161,465.197303397,135.199178102989,113.89574248798,80.1661912413393,43.1920937813296,37.1710260087167,17.4620089747372,45.7323535215705,64.7925346426997,2.06360385675108,4.5617641021067,22.639052677884,44.8305637660679,58.2720190527885,13.7024260397796,6.58255731811584,-6.40489571280612,-5.00441274750343,3.12299721158955,4.77658646203252,3.50686890953043,4.40578726016505,1.13889127039329,6.90104206524485,8.86388021586296,-4.9544597690409,-16.9443884967371,-2.20072979949525,2.82147796157318,4.62819245522253,-18.104956072104,-21.2977352284959,-34.0892069997752,-5.36663094362226,10.4457344445841,48.6117414721411,48.4152323952914,-18.7723694854871,-0.479812246613942,-69.7227916050966,-44.3896406636654,-54.2943299704238,-14.543130178914,-18.4088348615479,-20.8346496678836,-94.3002389207052,0.14193882279103173,-0.48899240012676165,0.6714407949997069,-0.6794552378658977,0.14021302624114865,0.017580325394902313,-0.06832286546239255,-0.14718941646022274,0.024521366671680887,-0.13757759839976808,0.38670011724046494,0.18104688256487597,-0.0399606331901741,-0.08543714321027601,0.1680159401225741,-0.05104439459516075,-0.13300841544823655,-0.005806056167747655,-0.006144338747296781,-0.2581219346701426,-0.13899472065469484,0.004932751696128263,0.10515607654471755,0.36387541551434477,-0.1944736722032576,-0.029267031212765388,0.023393832594392455,0.09474854646154486,-0.05222313428963229,0.18827963130179712,0.22344113665742668,-0.07459319496464283,-0.022931138924979107,-0.025825565973125433,-0.04295376152185815,-0.06291666320802411,-0.014470535993657175,-0.016266053554689505,0.17867769597887345,-0.03947738922363821,-0.029662423379734185,0.12136993755890073,0.018036723657342046,-0.1307163269972942,0.2845987244412585,-0.1169220475589215,-0.05838361378886349,-0.04060037546769888,0.04378611408843676,10.657691290191291,28.585911438699327
3,209.615634985309,341.776123228131,465.197303397,316.208836548081,161.445597254687,155.194000162938,99.9829022030138,42.4932781337309,30.4937610925155,13.5166881423857,44.7038371841628,63.9957521668454,7.3947090965562,5.6908332323035,22.5075068220692,39.7757821158389,50.757441304349,3.34382273573683,0.886699973053436,-5.72953208165353,-0.539422131813071,9.01840499725377,10.7201314085157,11.0781477779506,11.2214616862074,7.20957903950214,10.0235313582426,10.1969241641272,8.38146957174548,-1.69720641502511,1.03362367600677,5.01988309586439,9.59135588560315,-3.53285942910044,10.2882757153113,13.9415968915399,48.5523920424645,76.4008982891052,119.058900655344,109.770158006664,44.5933661037473,28.3998952069485,-48.1947097261828,-52.1490635707117,-26.247787823561,0.436376214182422,0.440400711408566,0.680064565753894,-45.5846672504149,0.02286367268282006,-0.06105970196854683,-0.6794552378654738,1.4603493806694272,-0.6175389059356461,-0.11412932163947297,0.046913245365206614,0.22708791511396073,-0.006918655796329063,-0.029694469018456997,0.015891104305310755,-0.06961188163982103,-0.011159655761934699,0.04212702838118248,0.0008910328909289799,0.027196503030422182,-0.031356847353826406,-0.07869680313101596,0.028336337216156703,0.44609332282446246,0.425515004371789,-0.10456716766082932,-0.13637289714040157,-0.6348170862546689,0.271631927271627,0.16399006056858517,-0.05525590836786811,-0.4468152215376021,-0.1615382484048146,0.15884281445871712,-0.0990379038606811,0.020251756472509302,-0.07853753543610695,0.009078753386132185,0.013502590671764538,0.09490912200988244,-0.026596307663982226,0.019625847677452936,-0.23145464863485296,0.26557949101938805,-0.07139980768511388,0.002102328181847861,0.04065214970536219,0.222873410255277,-0.46212418373331676,0.2783533248927347,0.044726763849228496,-0.07217149733873376,-0.09235269191499217,5.021404151404153,17.781980669995153
4,124.280513813355,123.798409832656,135.199178102989,161.445597254687,188.697572709469,196.714132922169,119.38582879045,40.7881380188578,24.2223032032919,10.2879090390838,47.1833895783878,63.2564037337355,12.9400634238027,6.26108718115693,21.9352216355122,34.405667277673,43.0598667290192,-6.85982970966557,-3.42085242993621,-2.44817395141366,6.12426994375433,13.6180000529031,13.4262725081686,13.5220699361017,15.4748610318296,10.2082576203401,9.711428418972,7.63118615286252,19.054846838541,12.3184558254166,3.55394962729302,6.19238149022115,13.4689762207444,9.33904100789095,38.9087646924602,57.7679759768659,97.1786469942586,137.892820903495,186.064807626959,168.678484075217,106.562845117607,57.4792050337517,4.80384521708682,3.36610567530977,3.55535940408036,14.574769462847,15.8137110266376,16.1134813959719,-5.10823287770191,-0.09570248763241819,0.2403707110022356,0.14021302624090123,-0.6175389059355095,1.5134263926068916,-0.6576787534405962,-0.1426691833421433,0.07205056917771625,0.04564748242175925,-0.1829981670468106,-0.4026493064340791,-0.31206343859358787,0.1574873994044801,-0.1992158859262399,-0.3997999535878778,0.07616558042797161,0.11409515317843455,0.17857215996344133,-0.07718539977076286,-0.11750657052455761,-0.0197230657604385,-0.2531057063433049,-0.031900919542589765,-0.014290294538618162,-0.2733851615282005,-0.1746086490493753,0.21298747375572183,0.23679676394854351,-0.2153863040182682,0.007574527471257975,-0.020436485855247214,-0.09612427717883831,0.22041405513537848,0.23784300967626454,-0.11711871434599656,-0.2643817732679074,0.18973498669049024,0.13977478536408294,-0.21083175871928359,-0.01118424677554381,0.028692419892633998,-0.024435355787611416,-0.08327131081011081,-0.11302981749310562,0.26841835051148943,-0.16857513363836268,0.06182225895019928,-0.10444391031916536,0.20561398013087773,-0.5232163207163206,13.736359514422618
5,96.7801014653677,94.4120967973731,113.89574248798,155.194000162938,196.714132922169,217.710175844452,127.650165835053,36.0976766162349,21.6639678695457,11.779133817627,42.4360328917852,45.443482607684,9.65797305437381,5.04895571735615,16.4665204041667,26.7748823767144,32.6411608182616,-4.99197185087047,-1.81007970855372,-0.927570778586307,6.24082985182502,12.5932641423535,12.2586635911897,12.2900835208085,14.2994696917992,9.12674888793843,9.2517286496904,8.03601621789571,18.4479820308511,11.3538132649226,3.18651875929232,4.9612226290739,9.89036243543733,5.88712960913257,37.9710156823831,61.8719318454532,103.49734696503,146.0393470871,194.999118856763,172.315344572833,115.217130731835,73.4008495410866,15.3626035223292,7.81710409052423,5.95743301381694,17.0503966288519,18.5027549174849,18.9032857321197,2.83046141914257,0.0666881418646979,0.02615146346565222,0.017580325395378512,-0.11412932164009829,-0.6576787534405363,1.7280849458202583,-1.608398461098798,0.609401969700114,0.06854235282754532,-0.008120000959228449,0.021133658053116153,0.37883448257239066,0.05034075538112639,0.0005671402214334297,0.01844772992610174,-0.018331370244649432,-0.11967944752217527,0.005800608966874525,0.007104295762161927,-0.030679719847990193,-0.3208325737155595,0.10394056845810305,-0.012023316567956414,0.05264706864113372,-0.009312616579551512,-0.09003927919629026,-0.2417553358878698,-0.025634187942176312,0.1521591451450082,-0.09937920819601347,-0.12921465515450062,0.03837722874674681,-0.12678580956169613,-0.21920934075093781,0.009969973091614088,0.26425184819707076,-0.054878129114377186,0.08212295793346112,-0.3354826620415524,-0.16512537736287922,0.2787368014550441,-0.343423021364169,0.05571965620368627,-0.06841678843297141,0.04161818838120209,0.01464881568497424,-0.011952076027061985,0.25547899346473385,-0.2052156200240629,0.2966076516076522,14.754666239683369
6,78.1584935139071,75.2192583590524,80.1661912413393,99.9829022030138,119.38582879045,127.650165835053,79.3044932577063,29.4544511544345,16.6143986532018,7.54556035598264,29.218019588425,36.5972734732255,11.5624599149105,3.84835659932623,12.4305518604052,20.2460261652159,23.8404041524524,-4.81841952203526,-2.45547314480835,-1.55617040008065,3.62651820190718,8.1661472181111,8.12617971127299,8.51436195447764,10.5959906774671,5.77982513422188,5.56418068129412,4.60366037734504,13.3096178327542,10.6174060460759,6.1903146519759,7.92258404882127,8.81907854699372,4.58345184812327,23.9102629426589,37.767616753736,64.8935612349835,91.6966677746109,121.454604068074,107.971692248411,71.0388669944393,41.0977445528152,-0.970656282940888,-2.35319960516993,4.39426571617901,12.5696714369917,13.7909942416116,13.2568832950953,-2.54156486506762,-0.074355494076816,0.0865927080968978,-0.06832286546276958,0.04691324536536736,-0.14266918334128223,-1.608398461097396,3.704336514514355,-1.4941665094854275,-0.151949150608575,0.031666964286027485,-0.022813038054711562,-0.10472547679486777,-0.01596966759398468,0.05398793024512681,0.4534218197068861,-0.17659519116105027,0.11304376709827231,0.03345255960912733,0.09286802544803276,-0.040089648606259104,-0.16412573733811642,0.026985427939353504,-0.01192316081755133,-0.0028382472046079624,-0.15482220907297603,0.04270949167913773,-0.08781367598400217,-0.18273919798306068,-0.003546393925324043,-0.021230408984607152,-0.009481220836744414,-0.02502331707525247,-0.041542929703429626,0.11021586208238572,0.040516427161592115,0.13842409170876088,-0.17367701180884165,0.07274167948142808,-0.14672966104383778,0.022650432493274145,0.0402866104307277,-0.13233406753066307,-0.03270806598708078,0.035842069664672335,-0.021956690760127483,-0.009153146502818106,-0.09764810862894778,0.005846907471411732,0.09712338088958435,-0.5169017094017093,8.90474554704997
30,57.1858365155064,53.341631529469,43.1920937813296,42.4932781337309,40.7881380188578,36.0976766162349,29.4544511544345,21.9649868499164,11.2170097059267,3.38992561957672,16.5231394815945,27.0217223201938,13.0270545854808,2.62713101715,8.80860828148237,13.14221793599,14.9287444806835,-4.45668411643193,-2.97120689893909,-2.17105859615249,1.06800086515614,3.82008035956737,4.02879415758945,4.73645904528941,6.90506859406674,2.82493496775401,1.90340245614132,0.786762105714189,7.3903806442153,9.36669518285051,9.10082532991389,11.0316759450047,8.44385607154975,4.33971364906553,10.7062842995854,14.3331201665675,25.6724470773945,35.7798318169111,45.6572585563236,41.6158830885568,25.0123896631433,8.17247489865938,-18.5705472664839,-13.5081502976864,2.35428970344555,8.36593873718534,9.73376151715102,8.71044210804563,-5.91228062657373,-0.1339075803510362,0.06256517787344872,-0.14718941646013928,0.22708791511410698,0.07205056917704741,0.6094019696993971,-1.4941665094855952,2.0714028280439867,-0.2770960167942446,0.2611330615838509,-0.2039184315858152,-0.3106923412085012,-0.12017414041285662,0.1799102385773225,0.12755101381047912,-0.04499401897150245,0.26723920423852165,0.019580086867979716,0.05315588838989387,0.09878667758474374,-0.018018134516742557,-0.021272085257041086,0.2548064062485095,0.08568244536178,-0.6827393727635731,0.20338855699874153,0.010064902278379037,-0.20242836285211283,0.09941706187079538,0.08278326307129019,0.1171705361956428,-0.17021966680296502,-0.19034108805270286,0.13923394543833661,-0.13826156912263673,-0.0007339970262079245,-0.06247016179079101,0.11017730638402097,-0.30224466494850494,0.2674999561806108,-0.09048072187909091,0.024675233732538552,0.02751136274870849,0.07723050143152871,-0.20786691276982774,0.19019242331738298,-0.13555180501679273,-0.24684183454370157,0.18002276998721922,-1.1439031339031338,4.685614884934145
31,29.9019419710732,35.8826815402898,37.1710260087167,30.4937610925155,24.2223032032919,21.6639678695457,16.6143986532018,11.2170097059267,8.47280792431921,4.03496267840204,10.0487767442297,12.8350146914845,14.4520983814397,1.6991054928304,5.44905323269462,7.15003774210428,7.80972424590125,-0.895070689562078,-0.619124546832486,-0.858826286762901,0.946434098659699,2.04482874779848,2.09015021969461,2.29620192002358,2.90994008380678,1.75179642122189,2.16009294342836,1.74772242088324,5.65828105358662,7.01610078297994,5.61307993825571,7.15192871071453,4.01846929336938,2.29855208114369,6.17399486621407,8.51741182976801,12.4878724336259,18.0286248332562,23.9233565014901,21.466621806066,15.3168358493686,6.64670709982268,-10.610082608798,-5.40580962266662,-1.48706169326511,2.3313901250371,4.21399862137055,2.94059820315104,-6.24256427184454,0.13576063007105382,-0.1546418328381769,0.024521366671935198,-0.006918655796089033,0.04564748242160652,0.06854235282798943,-0.15194915060847103,-0.27709601679404494,2.83202071659506,-0.5140668044239254,-0.19180143974614455,-0.05956602127291265,-0.30595519996406606,0.07295264551618848,-0.3742062182564636,-0.12055057687631372,0.25615289890919685,-0.37927167832506004,0.24982691786490963,-0.026217910159312973,-0.13426633956732625,-0.08040080319863227,-0.3979919671268631,-0.2520784967012814,0.0032643157018394783,-0.08917758630123819,-0.3429878622113433,0.23590584991776412,-0.5428094608952446,-0.06929781677796387,0.05571043990020636,0.18691524350873212,-0.3837524160682051,0.033735043902075906,0.027872154993554506,0.2739145251781272,0.009956303767624434,-0.26789338991030454,-0.11935614141104361,0.28397820285741066,-0.07842587911156929,-0.00710379922390746,-0.009878237018748195,-0.06746596720418041,0.19426368444244432,0.0010050149635474947,0.2092431703310749,-0.6928696744343302,0.40778008871048316,-1.4625712250712253,2.9090905665377993
32,15.1598633287641,11.8372247024232,17.4620089747372,13.5166881423857,10.2879090390838,11.779133817627,7.54556035598264,3.38992561957672,4.03496267840204,7.70344601819734,5.02717801395347,-2.10063152733578,14.5743752869675,1.24854815462993,0.478497297700779,-0.55911550674695,-1.28797645206765,1.3686268243537,0.965728650910043,0.113591275187155,-0.817283212029131,0.112538494595139,0.670366402793662,1.24377624706843,1.99722901367441,0.130840343499267,-1.11241454002281,-2.27318620665204,-1.8600105062157,-3.40321306975921,4.95174157067627,5.90828962480686,-1.05823594479768,-2.11600167429382,-6.23450617573821,-8.46329239210746,-4.26365570570993,0.639741312206705,6.80354036285214,6.71762457850677,4.02805374714631,0.685409333067617,-13.3406802771771,-6.99237385365565,-5.36780301587763,0.187328880897557,2.8073770765923,1.48426960218318,-1.03172296683318,-0.21491179392581367,0.26194689937121046,-0.13757759839970898,-0.029694469018154215,-0.18299816704714414,-0.008120000959024638,0.03166696428616703,0.2611330615837551,-0.5140668044239033,2.7957746784106354,-0.16844379053966851,0.3251787037220876,-0.5671096647898823,0.39498156798870754,-0.22983582566598174,0.06003261374346249,0.4094584553222398,-0.044092157536577345,-0.14488493944182912,-0.581993411247695,0.22110350588621996,0.4980524079792064,0.037996285978944645,-0.03597400727002562,-0.03487987437178563,0.12916059950052503,0.1223086354456819,-0.04848589906626025,-0.34921001951107355,0.4687369478107995,-0.01571308266943609,-0.12302090692430655,-0.011825073342379644,-0.5430909703840647,-0.0021346180840810533,0.277134723174622,-0.1868467191652867,0.09480812615832815,0.029616334864074088,-0.15282224812493453,-0.004162681812371512,0.19236912444618512,-0.013833372103368928,0.008220445035182516,0.18681210544095928,-0.31133759341454165,0.0067176812360574744,-0.08135496249711299,0.02191927931381974,-1.3745726495726496,2.7737061881528375
33,50.1162380986518,54.1290699223644,45.7323535215705,44.7038371841628,47.1833895783878,42.4360328917852,29.218019588425,16.5231394815945,10.0487767442297,5.02717801395347,26.1321982758621,15.0401361399561,7.15556738220796,4.23608991204765,7.47498964616003,5.29405255483953,4.24912442471205,-3.75139383134582,-2.21385938435345,-2.00968304121416,0.785111295624169,4.23134468475359,4.27198664036068,4.56893755917878,5.89111336254865,3.04629910896052,0.004851483380355,-3.07062359707009,-3.77947674066621,-5.0308217488886,-0.331885966133632,-0.40911956562442,0.407740864303483,-2.98654894074723,2.01326456863487,6.19687858489074,17.9771380380619,30.8132600096783,43.546047828403,35.289122702531,20.6409216341455,8.81401836988914,-16.4244210687689,-7.99252016395729,-4.66152851188748,4.21564517838178,7.00117955665197,9.04941894079752,-2.19478279874368,0.14852520642971323,-0.6612027100355298,0.386700117240367,0.01589110430538008,-0.40264930643378083,0.021133658053260167,-0.02281303805490159,-0.20391843158555586,-0.1918014397464021,-0.16844379053990927,1.4518691033209106,0.11818380933882415,-0.160483413240039,-0.09174850920343594,-0.18002074895690923,0.06538377583696543,0.044518093166242376,-0.10407807344225611,-0.02875457237672066,-0.07851428530559171,0.32244968409113983,0.0728982282806405,0.03591633135237554,-0.16281524113786522,-0.2809587974997613,-0.09338874724741256,0.17488783087275894,-0.11791446934987501,0.3372951282596897,0.10961707183995914,0.4869959211517027,-0.06023792489501672,-0.18287380114926918,-0.029625031976079217,0.0579185249449437,-0.29477449751130524,0.07865610041678922,0.10675363857719129,-0.19620467514381718,0.2826211997178777,-0.10785609329593807,0.22598664491992992,0.1208958999842379,-0.10937021413920137,0.05629070677814345,0.023775484363441783,-0.028603397451431825,0.03778442168956036,-0.14746949766575432,-1.025,5.110987994102713
34,104.386301381924,90.3782181002653,64.7925346426997,63.9957521668454,63.2564037337355,45.443482607684,36.5972734732255,27.0217223201938,12.8350146914845,-2.10063152733578,15.0401361399561,114.82249201788,36.8301762968229,1.76003232228548,29.3555704990004,58.3380812219423,85.204134109035,-8.3347993754913,-6.98983269832502,-6.48308239027649,0.934564806883949,7.79719513348098,8.77419960638433,9.7705789174046,11.1235167938934,5.1894970524087,1.3001021487305,-4.10245895587899,9.52089968120131,6.73576326201678,8.35256683714639,12.3317705278007,20.1828548840493,24.9100028384412,24.0471872849948,0.271528114791744,24.9463491959025,51.7820667086826,82.2215869067248,107.352211625321,45.0870094332756,-5.9099559727972,-20.2620588545594,-12.9477409450847,-2.04642587053031,1.44015672173402,0.207048543705502,-8.84354554624716,-21.4174894137354,0.10046478418452386,-0.2306882980108287,0.18104688256507737,-0.06961188164020149,-0.3120634385934482,0.37883448257246116,-0.10472547679492084,-0.3106923412084746,-0.059566021273259065,0.32517870372179375,0.11818380933890625,0.9755532758193786,-0.05558618232530116,0.1696048368812093,0.04177906458491296,-0.43237083620756606,-0.3718613378836006,0.30805787042206767,0.05737872541823465,-0.01596267213881925,-0.1644651027791917,-0.06175928184515506,-0.19405172493452474,-0.2031295097952576,0.13980740516557416,0.025908185200355933,-0.18312883871927746,-0.19192435277517564,-0.011087077596060816,0.1431257532430595,-0.0012664435326704463,-0.029786498945885417,-0.006925634402886745,-0.28458464496469854,-0.036568829749310125,0.2574648792124272,-0.05980515973886679,0.020182601821790297,0.028496874476823593,-0.26418216993829463,0.17443245308625577,-0.06261296276234873,0.019772528550663998,-0.08048692863590226,0.22819678187151057,-0.2232036590126416,0.13621897924089615,0.005329389648515675,-0.03916993351776065,1.3305555555555555,10.71505912339638
35,20.1971085408663,16.1809008642448,2.06360385675108,7.3947090965562,12.9400634238027,9.65797305437381,11.5624599149105,13.0270545854808,14.4520983814397,14.5743752869675,7.15556738220796,36.8301762968229,94.0454805236271,6.48735856288796,13.0163972086257,22.2299422442781,30.048696113876,-1.74274178097842,-2.44667780538602,-4.48688987142164,-1.27151426879179,2.12773351589575,1.51958201024343,1.32674728783922,1.38442857034415,-1.94929327519965,-3.35526068092731,-5.52214158257891,5.48550382138152,11.8175608087503,24.2985628469192,33.3751747501354,4.50425291809663,4.52065412261236,0.0071152397205121,-12.5780438846791,-3.56731635919359,8.70466622199564,23.8856700278245,33.4311931731777,10.5357919214851,-3.53584650901875,-28.9252512101939,-20.4462215106938,-14.4559798817957,-15.9090535257194,-7.53956068201389,-26.1711553002792,-33.3839806721184,0.03878501333626952,0.10489251826556575,-0.03996063319011136,-0.011159655762135914,0.1574873994046975,0.05034075538104832,-0.01596966759419225,-0.12017414041262046,-0.3059551999642541,-0.5671096647898044,-0.16048341324013324,-0.05558618232538082,0.5536755288381386,-0.2994963679446381,-0.027497870838481247,-0.0717774236509561,-0.14956116260816132,0.015771327578990302,-0.0017578016174367417,0.11980638303664216,-0.0957187560805851,-0.18168193902378135,-0.054496808819597606,0.008063423443737937,0.176562805724314,0.06485317025004535,0.061986632337256355,-0.018892802445021804,0.022625652045681642,-0.07377308411152537,-0.14173276068151083,-0.2257411046392288,0.4582694695859663,-0.030170505713198344,-0.11020244801102733,-0.00723498382504849,0.09973976029375471,0.02375496789065968,-0.059306162852667245,-0.12232841882435722,0.12859965837909584,-0.166912298623117,-0.020676867290267294,-6.340010221380228e-05,-0.005252253599559536,0.3755045841851849,-0.37538338122388354,0.131680095101188,0.06419962069336821,0.06944444444444452,9.697189310497503
36,7.45004935803979,7.89360451044579,4.5617641021067,5.6908332323035,6.26108718115693,5.04895571735615,3.84835659932623,2.62713101715,1.6991054928304,1.24854815462993,4.23608991204765,1.76003232228548,6.48735856288796,4.84591954022989,2.35489935356216,1.04632499032793,-0.738144595892736,-2.28220936562876,-2.2407534802081,-2.2990447340136,-0.370442727556529,0.902305498279071,0.641004400970559,0.675275496692808,1.19952307236692,0.339423656157428,-1.5946715360279,-4.23693431393451,-5.49521531090523,-6.2408116930642,0.407168668089499,0.88599911282939,-2.10943734457489,-4.68454554200206,-8.51935336163842,-11.2550801219459,-6.8958627312599,-2.86168213768749,3.61122488663654,5.64668456126528,10.5656710899506,5.96368589683316,-2.8559208887532,-6.50468015993865,-0.522359496888934,2.64588815275163,4.25173738482072,3.80059892176466,1.06094212097564,-0.17112921132535294,0.16473110653860146,-0.08543714321041514,0.04212702838138933,-0.19921588592649547,0.0005671402215283145,0.0539879302446289,0.17991023857751706,0.07295264551614757,0.3949815679887413,-0.09174850920341955,0.16960483688119996,-0.2994963679447344,2.4600298913737415,-0.29800900280804343,-0.07472746254746666,0.037819653611531306,0.25584364316013736,0.6560108065431363,0.4445317523735935,-0.2261016766461819,-0.3393503001993079,-0.12091577597390835,0.28307385417804737,0.08868781423477622,-0.5046440609910137,-0.2931342887515078,0.08903295427872518,0.07167960493045177,0.2344269661844458,0.30268647159664475,-0.262983890800491,-0.06901387332311017,0.38170519445423123,0.36883548522843523,-0.34546666763985895,-0.03876465087901834,0.1200101136262712,0.23146724472817407,-0.06801111709058923,-0.15752814146014057,0.09039718975316531,-0.04071290079103649,0.05919228116100874,-0.058914272412886326,-0.3188914257164259,-0.19092274744490517,0.20334074516551576,0.12638852735471276,-2.9833333333333334,2.1990724272360573
37,33.3244608277022,29.9516771292761,22.639052677884,22.5075068220692,21.9352216355122,16.4665204041667,12.4305518604052,8.80860828148237,5.44905323269462,0.478497297700779,7.47498964616003,29.3555704990004,13.0163972086257,2.35489935356216,12.5683014048531,18.1215000749248,24.1988281753606,-1.21397867669937,-0.768269051208716,-1.84421103988904,1.30253209038402,2.48317650071492,2.17430016956925,2.2044389252131,2.69890713076721,3.15838350395271,2.80779074777072,1.55121964557609,5.6828921870024,6.33837170446755,3.1533340255921,5.91593840660071,7.52403444086667,7.91291999419593,12.9716064391405,13.049434972059,19.3841772752988,23.5835778201263,29.9875066766802,35.9803261140465,24.4871885120394,6.29125444653873,0.01643186321935,-4.71141232733949,0.961520025015109,4.84557803730556,8.21747407027168,7.40006761193253,5.66179611044788,0.06667093752309951,-0.24353628401448757,0.16801594012246315,0.0008910328905301653,-0.3997999535878039,0.018447729926129332,0.45342181970688844,0.1275510138102636,-0.37420621825698636,-0.2298358256661961,-0.18002074895703435,0.041779064584835136,-0.027497870838358536,-0.29800900280786397,2.291509625927825,-0.9712131372413877,-0.16532487739554863,0.22197028786049147,-0.21444428725181075,0.08367825343729472,-0.2781877788453749,0.244327282604944,0.552461162411106,0.39638871145025656,0.14658479133025262,-0.28572046096277776,-0.2639681805536205,0.11092984354354773,0.137369046200609,0.21879220781050449,-0.037196004403528445,-0.043691970653296275,-0.23768701830836841,0.038227310752786854,-0.10328243390679605,-5.017675679220774e-05,-0.17077412606582829,0.047944296719291846,0.05852871034227685,0.12160606233949561,-0.09246093504458441,0.03264292859366043,0.01062083360499344,0.08393057812525931,-0.1084514889467469,0.12594882462391915,-0.010135454986712766,-0.1491455924044297,-0.02337727940786076,-1.9138888888888888,3.5437693780568074
38,57.8790521382737,51.3093507358512,44.8305637660679,39.7757821158389,34.405667277673,26.7748823767144,20.2460261652159,13.14221793599,7.15003774210428,-0.55911550674695,5.29405255483953,58.3380812219423,22.2299422442781,1.04632499032793,18.1215000749248,35.2060727969349,49.0431996710625,-0.760203114304216,-0.758221204773839,-2.52403579133161,1.51127822507877,3.98861387908192,3.5361374066637,3.90283953753333,4.43352396375141,2.60500805585937,2.37219543834678,1.25609159732329,9.60521826560028,8.00280567239952,4.42628878820907,7.66804323043299,10.5897850715753,12.1036530397556,15.948923914307,8.1161649735664,22.0259209556804,34.7576049311556,49.3833950263453,62.9674238667331,33.7539926285262,2.95013057740776,5.35533576595177,1.04467854372705,3.13136080768877,3.88605736848443,6.47854359936532,2.39415889269139,0.0356706753268294,-0.06248954803121049,0.06086655706906112,-0.051044394595625,0.02719650303062311,0.07616558042812063,-0.018331370244615328,-0.17659519116116182,-0.04499401897109904,-0.12055057687599387,0.06003261374406974,0.06538377583672204,-0.4323708362079521,-0.07177742365118105,-0.07472746254718028,-0.971213137241809,3.1232465434491936,-1.271037855170601,-0.04773726850153203,-0.02371951477872299,0.007137502459576219,-0.06851757974088973,0.035491915291225015,0.2551253205934558,0.2851577384744349,0.019506615655919983,0.3251630597806787,0.029308611798348164,-0.09865880226339732,-0.49314844319927004,-0.17233519717397228,0.3138749009341357,0.029604462797800764,-0.04711704597777892,0.40848581693764197,0.04830623674413297,0.3597595584242108,-0.27646106498092987,0.030580441615852143,-0.02119627651230186,0.11024819236932508,-0.10222933179268569,0.06457334010372558,-0.04875934259446864,0.07656634475573115,-0.053971558616861634,-0.09263210009525814,-0.017282289864232067,0.11594208393894481,-0.11498870739697904,-1.8499999999999999,5.932627815473921
39,75.9504446785301,65.395355866606,58.2720190527885,50.757441304349,43.0598667290192,32.6411608182616,23.8404041524524,14.9287444806835,7.80972424590125,-1.28797645206765,4.24912442471205,85.204134109035,30.048696113876,-0.738144595892736,24.1988281753606,49.0431996710625,74.5731366538953,0.832391122751978,-0.0270250466754217,-3.05750733974874,1.71420185138013,5.433794553185,6.25024788563797,6.31198145262809,6.35710312695119,4.1033645341543,2.80862155336558,0.544262413225514,11.9044662918219,9.73008965279987,7.76575762681158,13.0342628839865,19.5166056630726,24.0638774437282,27.1137220078153,11.7806283143216,27.8098323805858,43.7802191045966,62.0928607680501,84.2212503632941,38.0731324592218,-2.17278954205674,3.43809490126948,1.64433540005925,2.77319135464485,1.21576616970955,1.55280684862256,-7.13320090252003,-10.2544453834915,-0.07221917281792796,0.14269480296189024,-0.1330084154477538,-0.031356847353925486,0.1140951531785469,-0.11967944752211146,0.1130437670981097,0.2672392042386429,0.2561528989090487,0.4094584553218481,0.044518093166380036,-0.37186133788325904,-0.14956116260798855,0.037819653611463735,-0.16532487739530807,-1.2710378551709438,1.7696835472584487,-0.4935750883376587,-0.08830549932760293,0.034541121465380374,0.2283761230620696,0.0786874451135354,-0.062074641121052904,-0.26821020102041476,-0.5020299371432764,-0.19388376624218448,0.2425133736652044,0.3333709392178593,0.07465942234493102,-0.06030595595656209,-0.053399955321960506,0.1129423749414193,-0.14833776372387808,-0.157964158421757,-0.4429247057901095,0.136606143882036,0.06096521643053617,-0.08037266800973004,0.0233299631150219,-0.06878967168544327,0.006538758583637003,0.014840831620857961,0.022626916626323653,-0.044839621358421185,-0.051132551939714284,0.04776948949726409,-0.20449941205353062,0.2835633823888158,-0.07297013945536451,-1.3161111111111112,8.634994884416278
40,2.30725108578262,2.7934645167977,13.7024260397796,3.34382273573683,-6.85982970966557,-4.99197185087047,-4.81841952203526,-4.45668411643193,-0.895070689562078,1.3686268243537,-3.75139383134582,-8.3347993754913,-1.74274178097842,-2.28220936562876,-1.21397867669937,-0.760203114304216,0.832391122751978,8.56042816091954,6.3551265871894,2.32706724296493,1.59765516483724,0.293019010570044,0.299900277844697,-0.379394092808272,-1.79774746369698,-0.143684346084227,1.56685475302171,2.82233874964132,1.65610986544414,0.75803528843605,0.0969934411916747,0.76851510157043,0.750503984249795,0.0986834944625829,0.993112381013714,3.50791702391462,-0.395066461159656,-3.38317287557115,-7.32481724474109,-7.06495963135982,-4.24991510520019,-2.09814815644935,17.2485554864346,13.5182234215603,4.03061828709044,0.631281015253975,2.67054588969414,3.46335679878754,8.34098988417617,-0.0423067353535947,0.09853799696370254,-0.005806056167847923,-0.07869680313081316,0.17857215996348072,0.005800608966885737,0.03345255960922038,0.019580086867925773,-0.37927167832524733,-0.04409215753649374,-0.1040780734424374,0.3080578704220113,0.01577132757894968,0.255843643160147,0.22197028786041925,-0.04773726850132466,-0.4935750883377011,1.6555012335230466,-1.0991735648787293,-0.007369156428907279,0.2123850924587688,-0.2395936754712228,-0.1634805766228656,-0.07600993017408017,0.29048223999077366,0.0005311698517315683,-0.3833779803514357,0.07938092744595059,-0.009694694189630166,0.1590956110958425,0.04675596591761791,-0.10420147580113673,-0.17195986002335145,0.29447851633394184,0.19317958370681595,-0.27433793594761235,0.07028229671137469,0.2002214789812889,-0.08446628307937688,-0.1543380206874091,0.09922709281001951,-0.12108137304346858,0.0164140925602233,-0.03264458485359809,0.008462847244762843,-0.18138015190364948,0.25592648231273435,-0.11451210732646314,0.0295475798701168,-3.001666666666666,2.9241115164985656
41,0.500531844318579,-1.16493133820289,6.58255731811584,0.886699973053436,-3.42085242993621,-1.81007970855372,-2.45547314480835,-2.97120689893909,-0.619124546832486,0.965728650910043,-2.21385938435345,-6.98983269832502,-2.44667780538602,-2.2407534802081,-0.768269051208716,-0.758221204773839,-0.0270250466754217,6.3551265871894,5.87644827586207,3.1120838664379,2.92875725396483,0.878261456435104,0.640301993462019,-0.143090141077987,-0.960078409620616,0.477716701276215,2.18554619058473,3.82306577510861,2.42869992675861,1.42309304789831,-1.12433890498584,-1.03244875443486,-0.0325614254044322,0.779750642312483,3.39214888955664,7.35099458770983,4.17053961218414,1.88799563843451,-1.94625914924957,-2.81555409262175,1.83549700776035,-0.570997314590039,17.7958939722187,13.778872090404,3.89662344545509,0.0623081094834966,2.80847820154656,4.29667748883998,10.0813689713797,-0.05796776654170957,-0.004784738671406481,-0.006144338747527942,0.028336337216227143,-0.07718539977075639,0.007104295762211991,0.09286802544781005,0.053155888390235315,0.24982691786513272,-0.14488493944170108,-0.028754572376756833,0.05737872541810309,-0.0017578016174503413,0.6560108065430597,-0.2144442872519022,-0.023719514778790054,-0.08830549932745885,-1.0991735648787744,2.698061153785658,-0.4618895807645045,-0.5897875875662576,0.07304636439770502,-0.020204218587167134,-0.015229313384251663,-0.023784760753053653,0.0027378307680481543,-0.06625707044754665,-0.5339616846671383,0.2197330217643337,0.22774997652002107,-0.21524943598850357,-0.08568744368840084,0.16127259023463433,0.19380484055896927,0.0027480524684571415,-0.22114321801281991,0.2602632767298654,-0.17996136509873925,-0.006623852837977534,0.12699687073114996,-0.06768568593892692,0.02441369423463068,-0.01987116422444496,0.004197629558254765,0.014253939453553889,-0.06943675105540709,-0.36384801587373433,0.3452427408147713,-0.03723007742280372,-2.8233333333333333,2.4220752002904593
42,-5.32436527794365,-9.49906016647532,-6.40489571280612,-5.72953208165353,-2.44817395141366,-0.927570778586307,-1.55617040008065,-2.17105859615249,-0.858826286762901,0.113591275187155,-2.00968304121416,-6.48308239027649,-4.48688987142164,-2.2990447340136,-1.84421103988904,-2.52403579133161,-3.05750733974874,2.32706724296493,3.1120838664379,3.62033971902937,3.29756055791278,1.19503254596197,0.735242607621372,-0.0816001071615682,-0.12946730797114,0.529309930198059,1.65132702956514,3.05625750067434,2.60873228512404,1.71396758109614,-2.14902272400704,-2.58542195107427,-0.712007547225448,1.66890400985246,3.92119853307103,7.03623905257861,3.97608037161691,2.05027659955038,-1.0841581877733,-2.42083573890428,4.61710970038852,0.538428797164194,15.9088472703945,12.0603730065535,2.61290257679232,-2.34433423256625,-0.302501943276068,2.76112035822629,8.82696069478722,0.04675068890771454,-0.00439503640739053,-0.258121934669851,0.4460933228240666,-0.11750657052460554,-0.030679719848147685,-0.04008964860595105,0.09878667758419643,-0.026217910159284333,-0.5819934112477481,-0.07851428530557161,-0.015962672138630344,0.11980638303684753,0.4445317523734318,0.08367825343728272,0.0071375024595492316,0.03454112146539383,-0.007369156428986551,-0.46188958076450926,3.2261485303389743,-0.7368012506109314,-0.042399221813278216,-0.02715792305827068,0.021105999882180995,-0.7094599648521158,-0.022188764897509785,0.39429098892079145,0.02556889855732031,-0.4195502349930634,0.020476053278158005,-0.0035664668182984324,-0.06200799692425396,0.5059226300869303,-0.3413444722563916,0.00889278875844864,0.041690504184553355,-0.01842080748593611,-0.20169210684568867,0.12110306861673219,0.11052147671981467,-0.09681051364895964,0.04057402695242883,-0.060114730248447386,0.0559333639220225,-0.11339343156291888,-0.05874374230849519,0.3893772040775853,0.05307978955313208,-0.21088136856501774,-2.2755555555555556,1.9000893976414304
