,Cov_0,Cov_1,Cov_2,Cov_3,Cov_4,Cov_31,Cov_32,Cov_33,Cov_34,Cov_35,Cov_36,Cov_37,Cov_42,Cov_43,Cov_44,Cov_45,Cov_46,Cov_47,Cov_49,Cov_50,Cov_51,Cov_52,Cov_53,Cov_54,Cov_55,Cov_56,Cov_58,Cov_59,Cov_60,Cov_61,Cov_62,Cov_63,Cov_64,Cov_65,Cov_66,Cov_67,Cov_68,Cov_69,Cov_70,Cov_71,C_0,C_1,C_2,C_3,C_4,C_31,C_32,C_33,C_34,C_35,C_36,C_37,C_42,C_43,C_44,C_45,C_46,C_47,C_49,C_50,C_51,C_52,C_53,C_54,C_55,C_56,C_58,C_59,C_60,C_61,C_62,C_63,C_64,C_65,C_66,C_67,C_68,C_69,C_70,C_71,Mean,Std
0,689.592332660224,715.235031115335,685.931769432778,656.705424097609,437.003989452099,0.369437367324111,-4.34189100134041,-1.44568146299034,-1.01666705270269,-0.175772202381611,-8.91310685700756,-1.65057968686293,2.42319889480219,9.64030781250063,37.5662373945177,46.4255938712793,26.4353470147975,5.86048470855804,-12.4985286329902,-17.2986193602143,-11.9847645753594,-8.75107586897433,-5.18009409174436,-15.4127091416766,-17.5836803688474,31.6601168244089,86.0976573958138,107.219429210622,72.6832231319923,40.184793635337,7.64104222144236,-22.9719202643746,2.93543658060327,-12.9167694311395,-24.092012373852,-16.3814907927872,-10.8406295195749,-20.493190952795,-56.4924457901278,-85.7294373370325,0.6180905204279341,-0.6793446620348488,-0.17448867688738282,0.16060758941593903,0.231096528537141,-0.029271534275192093,0.1731859917452606,-0.330776228885778,-0.13282321388463705,0.08185866561286315,0.013370051225621361,-0.23183101072666415,-0.05574989367360375,-0.11262461199434484,0.06723186404041409,0.11381998780106017,0.04168472355168117,0.03315635780236653,0.025199587250103742,-0.025524615170015995,-0.041422189959165384,-0.014298573533775638,0.005930768318104404,0.02181645363845898,-0.05093988354295441,0.18888023775957433,-0.26012281777800644,0.023614877798431713,0.014658899206712582,0.022689524375920613,0.10528397166824238,0.011063681304605374,-0.022083710610845693,0.007616463646890953,-0.024209687246852536,-0.02281284199935042,-0.057247246582653885,0.023974724990781675,0.022847861766569593,0.014801766647409492,10.106065699006875,26.259899707733542
1,715.235031115335,757.810385995639,736.520109510748,715.333846421492,476.447728487346,0.594951409252985,-5.34432959737825,-4.69860903033074,-5.17743968098617,-2.05427562002998,-8.20207020688075,0.844037610049309,4.00975293116966,9.55468794261209,41.9974891004067,51.7186289795827,29.978366653771,7.60276641249782,-12.7243957138691,-17.460158492362,-10.45459723986,-2.47203451117358,3.51783925791191,-6.36895158594972,-6.33874059530191,42.6161737293854,95.8348336971635,118.855966266994,83.5320531901591,50.9264990237005,18.1912406076592,-13.9240176508893,15.567485580679,-1.43450346508869,-14.3039320982811,-5.59049574923911,1.61853644662867,-2.69852027946335,-42.9719298896296,-76.615213113755,-0.6703825795906888,2.0621117746994067,-1.7960981426656026,0.6297883176752632,-0.3195372175011701,-0.02451420973098851,-0.23810964731829956,0.3709266026276364,0.06036654264258855,-0.1794164970507833,0.03516124347059759,0.3014123243447939,0.17858009180072804,0.07289309278488929,-0.09743947524417962,-0.04277652119305043,-0.02515126423717902,-0.05481574523633564,-0.15560579676452205,0.1271171174397222,0.0456556260185345,0.007816626099650923,-0.005504618808493691,0.04538144224173319,-0.014807173628959764,-0.2544224648200866,0.3366868930213875,-0.04860289621584205,-0.005281791027963813,-0.008277579656304754,-0.15473855683564625,0.05485329088632224,0.015806739359498126,0.0686454574772629,-0.11065525493750306,-0.042924352460602465,0.013320999024376414,0.1283371764340163,0.0014012885584651618,-0.05379000210238983,9.349431287666583,27.528174403611285
2,685.931769432778,736.520109510748,729.330944060001,722.165754427566,469.373037816926,1.83744201235483,-4.42724942676627,-5.41312063123013,-7.35527898414659,-2.3217938082166,-5.70695330744728,4.98234246989046,5.91218976649439,8.49214868742282,41.8274610738768,53.3320521979677,30.6777898052535,7.37859319952428,-14.0927524374412,-16.5299823208392,-8.76682415533922,2.41785422184079,9.80005135397253,-0.841697314309347,-1.66837534744857,42.805149571496,91.5656530861282,112.746520938063,80.9582911095596,51.5304126767332,21.9511159808606,-7.13939795142628,19.1348976587853,3.02126734962534,-9.53660902774238,2.22915716537927,13.1471971758835,16.0925796503269,-27.0417193385422,-63.9286836848623,-0.1809266343872948,-1.9012013357828317,4.06933637204533,-2.0532472917911706,-0.17239010564751053,0.00417153813748317,-0.028598708566004046,0.08171758708263464,0.04417795166706424,-0.020090207548701135,-0.007503260316089101,0.052937085398272,0.032007579182190944,0.03727509443672765,-0.004111667414294853,-0.05966405606431778,-0.022909424050759675,0.0014453225337546021,0.021848129580625056,-0.012155456782102883,0.009423431002437836,0.0434186526292918,0.0001583899931804982,-0.07077503825208051,0.06285985471100147,-0.05362198092684182,0.07027945992853553,0.011916575545410243,-0.008954732776370109,-0.0006168131763877513,-0.028844066541482662,-0.0151459898891332,0.016429008701706455,-0.01098637880590748,0.04145906285020731,0.003215837360091403,-0.006027821157300196,-0.022537060866332104,0.0033174133780685955,0.0018711940279910627,8.271407987437401,27.005942754512404
3,656.705424097609,715.333846421492,722.165754427566,729.106206774438,462.344737167357,3.07942920114801,-3.53681587069305,-6.18699594980342,-9.61731686697166,-2.69517970809329,-3.26481924248813,9.1034107559202,7.81052941193655,7.44293357889877,41.665752407144,54.9538404794768,31.383775381653,7.16011286055645,-15.4566829220422,-15.5891954439342,-7.06991313225733,7.30691135824729,16.0736223405612,4.48300167890849,2.8809823348981,42.9309555622919,87.2729902985886,106.695379526661,78.4463078150735,52.1942702626291,25.7736415493355,-0.293804722439415,22.7598030736538,7.54239686637945,-4.7052191247904,10.1179965312689,24.7522799151269,34.8445427694683,-11.2533024021918,-51.4996144845805,0.1457420654215866,0.683464956921061,-2.0117860485331747,1.341480812032806,-0.0592676535844437,0.0361453621338936,0.06881376690653218,-0.018115453319538424,0.08090370521873268,0.08840342418609722,-0.07682148255995724,-0.08546724873508782,-0.06997555658979965,0.03158321119579304,0.08796119990055408,-0.1281223517787835,-0.032972807763403805,0.07228607587902093,0.2509024539315456,-0.187413932649198,-0.0256196678850586,0.03371034735215145,-0.017581585835278944,-0.07025774011801088,0.08806020167360423,-0.0070109733828753315,-0.06419754963356976,0.10779736664573122,-0.05730317200923197,0.003308693039700574,0.06493770315452123,-0.11185099275540628,0.059579169488006935,-0.1384536406495667,0.28719734991016155,0.01564003658205615,-0.034885122857473576,-0.2027749465223254,0.02732302803341058,0.06754549106268572,7.183384687208216,27.001781548157858
4,437.003989452099,476.447728487346,469.373037816926,462.344737167357,320.086165800916,1.81527633686293,-1.16542530262717,-2.93484405673958,-5.27112096145399,-1.93430299929949,-3.95286878765812,3.2760859120191,5.03009869185815,7.1546123037734,30.7220782438814,34.8066221319266,20.1716913165724,5.00838717846404,-9.12362003682222,-12.6265561885983,-7.05719739670783,3.20343843698435,9.2098452785957,4.60644535252744,6.76769314182293,38.4996615480292,73.1312358857858,90.3117133671067,67.0246882812177,44.8640633975842,22.6389845517712,0.623974460595757,23.7464513241302,12.9598925735586,3.80853434570173,8.0960933832447,12.9500227857953,15.9365093522266,-9.11027603259733,-30.6343448017372,0.2271947467159729,-0.3455251302311246,-0.12627979572976777,-0.037042019706593085,0.57469170278255,0.04732146218031456,0.08430413701130109,-0.17034603476231341,-0.06928820117530082,0.034782183821595036,0.041403968483669354,-0.09262865753038615,-0.16574165106844946,-0.06203617566777816,-0.0781462802917095,0.14155459441624846,0.04611199142698868,-0.072641284596304,-0.2329607260709058,0.16004766245653243,0.019740147879899562,-0.13336299166925342,0.04159549174359895,0.09990312472798707,-0.12905835504267194,0.25630742986063504,-0.18344541656085342,-0.22708617514986792,0.11283640326422419,-0.05144393265904037,0.044656565371548926,0.11718149964481915,-0.15838921946600817,0.06952009391391736,-0.16811277326514226,0.07470540581906832,0.1152247693994835,0.013587436539301835,-0.051749069790787694,-0.023059516165406822,3.7400583566760033,17.890672592189368
31,0.369437367324111,0.594951409252985,1.83744201235483,3.07942920114801,1.81527633686293,2.89257566718371,4.25482544250269,2.69296872778354,0.829877606048703,0.750477057029135,-1.37178087453081,-0.341310501873884,0.0257023272985449,0.449403325437593,0.808881818588432,0.828956804311034,-0.289447402500982,-1.55861573526868,-2.81217733468897,-3.52539707325466,-5.64957240844976,-7.9243545699865,-10.0564287365883,-12.7216074097075,-15.0990867753045,-8.50252117423111,-1.65658926840851,-0.0125262865961492,0.731002993432026,1.41447323245218,2.0949239308363,2.86207803036335,2.95560316056902,3.81975934828787,4.48901690802091,5.39138650749175,7.84443987219262,10.2754785832274,10.8746605028851,10.6380236495983,-0.032423695054769476,-0.0004944686892791469,0.009311964922396998,0.03912391409085087,0.05249499634244449,2.3333650251128626,-0.782161093703639,-0.027044428198441797,0.03734461490680179,0.03973798151931476,0.008334166640075627,-0.022751811329149572,-0.1932128169806742,-0.3968849927489531,0.5204227601027989,0.040850088044202565,-0.15495783203182176,-0.24269765431694915,0.3075184265834499,0.026760341502283336,-0.045493297001297235,-0.014936383591315487,-0.06915912867605536,0.029717431339813496,0.03908336353473309,0.11327616661887767,-0.01206738142480272,-0.19658390957543279,0.1445090614645217,-0.007148706551454023,-0.1410913634043658,0.16064374781171084,-0.17856730663346473,-0.12281874138250598,0.04715098737609797,0.30786834810398883,0.059581412406589845,-0.3810188008833814,-0.060209544084474244,0.12990614241813242,-2.0254901960784313,1.6978149684767503
32,-4.34189100134041,-5.34432959737825,-4.42724942676627,-3.53681587069305,-1.16542530262717,4.25482544250269,9.15217744639551,7.19903272447259,4.58654478931083,3.98261543097096,0.461882896063824,0.418458606343278,0.838951452294269,1.40494226300427,2.38258931181957,2.52974303343571,1.36212583246157,-0.0073859847840551,-1.05042609623774,-1.68991689176054,-4.83177151005069,-9.43769204778569,-12.0281289853166,-12.5137970033365,-15.7236907305544,-9.45031085332688,-2.22092403478817,-1.50798961049008,-0.207068436570948,-0.527424128139796,-0.743111594384538,-0.564117386504525,-2.15175939458677,-2.74247283678198,-3.41074703510018,-4.24648418117093,-2.16680817732439,1.59326061577659,2.73645473853567,3.34799392519452,0.16297025111152927,-0.25833542581999525,-0.03268659931893487,0.06872765338314814,0.07967607522683029,-0.7834165598932531,1.6624426990802381,-1.2063315048825702,0.32594306323905303,0.009759910260359312,-0.021001971452877105,-0.09692564753387299,-0.16540898727156375,0.019207994543833092,-0.21953126598208655,0.09845396302124548,0.04582297890909357,-0.08303043434609979,-0.1986598535983959,-0.07233365819427999,0.2143005730587165,-0.036218340419161034,-0.13910434569078028,0.14020468987217843,0.12482348763249851,-0.15602892530306464,-0.004912681380417342,0.1562020970355944,-0.125233570056185,-0.01641672839258093,0.039541265650404694,0.03601659268051334,-0.06916999420310699,-0.05195871826329139,0.08510051103004625,0.2511593920687885,0.030709218941758213,-0.08121820796069824,-0.06627944446615125,-0.013544008637579184,-1.722467320261438,3.0236033877470616
33,-1.44568146299034,-4.69860903033074,-5.41312063123013,-6.18699594980342,-2.93484405673958,2.69296872778354,7.19903272447259,7.69854565772669,7.04724212267808,6.01290690842718,1.4600150301532,0.0675379285780339,0.305641158681256,0.832539363234789,2.47846272815245,3.09870524459052,2.13503937069636,0.992026557295421,0.342900597834602,0.190981626160327,-1.60391051725467,-7.02966281015146,-9.08967058094371,-6.37207615203519,-10.2263342130959,-6.21332883331572,-0.98490075645604,-2.29296623417352,-1.54921252769457,-2.24107936010683,-2.68889726405459,-2.42271954718837,-4.41412656863445,-5.18395798682447,-6.1002700994077,-7.42429368506851,-6.95079583883884,-3.3614140582972,-1.08938863232626,1.01491529636767,-0.33966925048911567,0.38347837269095514,0.07715530689949018,-0.025282105380205398,-0.1739940298744734,-0.030081499408762508,-1.2141530675524972,2.9211148932099604,-0.9677524135016908,-0.29568077661797315,-0.08536260090314975,0.010735752809870604,-0.011482934745790666,0.04445433712488156,-0.2594158842256805,-0.3501487872316115,0.14733708836695508,0.5966080361584944,-0.11289585348274907,-0.1950173646030173,-0.08621825861942196,-0.06110725543085795,-0.017773313411856815,0.09811064834489797,0.02558288618872752,0.021198323395796238,-0.09070685645195727,0.07456430701033105,-0.03871710651005171,-0.06412748580430533,0.002282300603077373,-0.08280396246417036,0.016274485970144928,0.04710770092425319,0.04625652889431689,0.05986671161513039,0.0222744133908048,0.032078339667018986,-0.1073947435659464,-0.016205339785209556,-2.0194444444444444,2.7728226877546085
34,-1.01666705270269,-5.17743968098617,-7.35527898414659,-9.61731686697166,-5.27112096145399,0.829877606048703,4.58654478931083,7.04724212267808,9.04198635057471,7.82177533012712,3.84675799380548,0.656031724557827,0.229202763629149,0.205724800423265,2.02573943361342,3.54989698819299,3.84624176648548,3.93516714968504,4.16836589458478,4.70825184378871,4.44640407729482,-1.58245480099429,-2.58109903755708,3.88761419955604,0.504626278501245,-1.35823623649697,-1.6921850229241,-4.61678564708003,-4.01518271983013,-4.64474133272364,-4.92365940070466,-4.23853713013249,-6.44179690723192,-7.74782866252176,-9.56969252056154,-12.0474635285717,-13.6428304337152,-10.716305282919,-7.78574960622083,-4.61102973525817,-0.12712432312247673,0.03509536287845822,0.03283116545317151,0.07511915211964111,-0.05710350709571933,0.04074477040511384,0.32502834402401853,-0.9709975438770972,2.292094124069529,-1.0485263879778832,-0.5060308353212436,0.45127625625439344,0.16087213588171473,0.14958995525101168,0.030249301027700695,-0.22103547079139005,-0.27098122999463825,-0.1814882680645887,0.3912215265583421,0.011533954874761315,-0.20709559175332778,-0.07674599029168232,-0.022131565506566576,0.28210745775068674,-0.14318136271858556,0.03637258129892058,-0.010260558140033215,-0.03632726845101321,0.013362210975066758,0.02637491396128075,0.09001849862361117,-0.22413811070545417,0.14688933643091565,-0.044005486325684455,-0.0309686569112075,0.028454635023485712,0.23866206946351287,0.11714468097081424,-0.243341703770263,0.004470346610741887,-2.279166666666667,3.0053263301303423
35,-0.175772202381611,-2.05427562002998,-2.3217938082166,-2.69517970809329,-1.93430299929949,0.750477057029135,3.98261543097096,6.01290690842718,7.82177533012712,8.44694125159642,7.00065743188532,3.95441357154411,2.09046422220978,0.409538258453776,1.79674387393622,3.33225173549514,4.18930578893945,4.86179027339613,5.67747123976303,6.95943180771867,7.53080573830789,5.61137238083064,5.82933401912418,15.7361863772551,12.5461212417842,4.6527810793903,-1.83974068556156,-5.11958891696175,-3.67179490651443,-3.00744823742669,-2.06216242744742,-0.466058333115155,-1.8004099092414,-2.71736263073552,-4.05337969745442,-5.50497275540415,-6.14676968848488,-0.427294979610929,3.46923231975762,8.16146271514736,0.09414954809877031,-0.14819199688954302,-0.011849301646437008,0.06512323031223455,0.03310034480065026,0.03612424832825918,0.009200409998055183,-0.2985309330764999,-1.0454152122578095,2.9325810854006016,-0.5438238070386447,-0.25468233073350527,0.0017756651865408809,0.15428739736492988,-0.07118327435714772,-0.21476334154884624,-0.08869792414148671,-0.10298271405400491,0.04279483499703004,0.1775722819929154,-0.05761710419287875,0.05695403642609599,0.32420098035155026,-0.7713189129371402,0.36554675795893743,0.26867998083153444,-0.2578364526384471,0.23413071884537076,-0.1481633522437795,0.12396461529175852,-0.04524264726300078,-0.1685425722004955,0.08163665781197323,-0.006562424941922484,0.003022249982311606,0.004655997744746055,0.20074741172970492,0.09555258685709787,-0.1263738438003326,-0.11043748500745111,-2.5277777777777772,2.9046413292515862
36,-8.91310685700756,-8.20207020688075,-5.70695330744728,-3.26481924248813,-3.95286878765812,-1.37178087453081,0.461882896063824,1.4600150301532,3.84675799380548,7.00065743188532,27.8225466155811,21.7824163627701,13.5420311571913,5.25510706530149,0.418360044088011,3.3842516575003,13.5491172850592,23.5101522017377,33.7263830611949,44.3145855598524,53.955571845898,65.0434299805234,74.7032975417782,89.7149162009348,98.2162059621848,43.9368366652685,-8.7730248326531,-8.9181304503961,-5.89247514911465,-3.25565281773743,-0.306011698957863,2.40354575947744,0.918061628323661,-0.497804042585173,-2.07379371218647,-3.33705888388892,-3.91054707898439,0.573739222361928,1.37730284366976,3.94050245035851,0.0010493215306065548,0.03680799654273825,-0.008182133565937413,-0.08268573979951244,0.048106116722909834,0.008393763889588016,-0.03223004725494758,-0.0912284105236578,-0.5388711443322675,-0.5676769045806664,2.9209082578011873,-1.1947473928007248,-0.26750797658237035,0.18305219713266296,0.001279593937730958,0.006304713969150102,-0.03601058760926168,-0.10577533172599718,-0.03349263935789124,-0.4076067817970311,0.4302567320983446,0.02292397915860901,0.02228965622229086,-0.1943282242784488,-0.32546039218698325,0.04732559353131944,0.8515878372236079,-0.6568453719722284,-0.04167820198448638,0.2026203928436426,0.02872595466205215,-0.08155041570427002,0.19697146732716936,-0.11446105952432847,-0.05755943432051197,-0.09168945829548099,0.025856202654810895,0.0679460381045511,0.00943278805173729,-0.021065593558742317,-2.295555555555556,5.273760197011342
37,-1.65057968686293,0.844037610049309,4.98234246989046,9.1034107559202,3.2760859120191,-0.341310501873884,0.418458606343278,0.0675379285780339,0.656031724557827,3.95441357154411,21.7824163627701,19.125117816092,11.8312142217628,4.34358728582418,1.25280921426349,3.48033694580686,10.4579534678252,17.2973901379607,24.3213895856762,32.4793528683392,40.262451743569,51.8937172382009,59.9235442946113,69.073212585484,76.8465572614483,35.0500799478652,-5.66778449325349,-4.76374841970261,-1.61422664848541,1.47818471414017,4.86968447009992,8.13001324276757,8.04934514250531,7.80693952332434,7.34045203504745,7.85695349468296,9.02734942646199,13.5944402919141,12.7443486724521,13.7200715665959,-0.21670451249297354,0.3511401701726118,0.0645127709642137,-0.08637495771759814,-0.1016080632505177,-0.025392259276864747,-0.13872063187646194,0.0036792975805253827,0.4632367599726086,-0.24227640287005295,-1.1908937067293075,2.218885311513807,-0.9638421257899011,0.3997025012792985,-0.0644141851063505,0.00895512030090507,-0.04529138478482072,-0.26232384870262515,-0.0173061266494936,0.11957343959730982,0.12791566553716893,-0.017399926957164955,-0.1755570132853532,0.10850345591186948,-0.09592752789053535,0.11605887326353474,-0.07215353159387976,0.21151667926174306,-0.1374528708512621,-0.004259378603388226,-0.15139524956532638,0.05515305974181735,0.070127319257424,0.04630627771747004,-0.00446636540033933,-0.06304814875435451,-0.05353517341452813,-0.16943533976126632,0.22069259246906295,-0.045881049241654134,-3.0883333333333334,4.37208392143746
42,2.42319889480219,4.00975293116966,5.91218976649439,7.81052941193655,5.03009869185815,0.0257023272985449,0.838951452294269,0.305641158681256,0.229202763629149,2.09046422220978,13.5420311571913,11.8312142217628,8.64445849297573,5.15265131075109,2.41761303395664,3.19250762706953,7.61895568036586,11.921583279726,16.4675888557851,21.7733625211563,26.740875080345,33.2989149428794,38.3460994692036,44.0401043744723,49.6299672010693,23.288161493826,-2.46797940276179,-1.89936165765923,-0.859272353326766,0.476444675232999,2.30322847861295,4.40677202508616,4.13197694599808,3.10600682214567,1.74428011403731,0.847323643730899,0.755578375234634,1.83199520097366,-0.0780012959583809,-0.212423449580752,-0.04800039954448429,0.19001313291386643,0.03133423102115494,-0.07627965520571604,-0.1735071574280351,-0.16631708774856668,-0.1700323896055257,-0.014302411972563326,0.13956279279965553,0.0006050815222236866,-0.2533682903784015,-0.9862720206601301,3.1129629574633344,-1.1910126135241608,-0.09670051741235551,-0.023928856216621913,-0.017424092499948075,-0.008449695005819564,0.15595090506758422,0.006548814994137203,-0.09588534089054003,0.27376217211552983,-0.07529252313898503,-0.08763789471366096,-0.14740178828315878,0.0966866196303939,0.038619709039576636,0.012716793427949359,0.014402907036434012,0.012898320140255262,-0.021543387051544332,-0.03957196148100285,0.11744891761934732,0.009671638680117726,-0.026401102484894984,-0.13307152049426843,-0.19279231390892462,0.040240627509113606,0.3846298080600046,-0.20268916788030533,-2.9255555555555555,2.9384449106586525
43,9.64030781250063,9.55468794261209,8.49214868742282,7.44293357889877,7.1546123037734,0.449403325437593,1.40494226300427,0.832539363234789,0.205724800423265,0.409538258453776,5.25510706530149,4.34358728582418,5.15265131075109,6.18961079182631,3.88908336271941,3.23181547001186,5.09095739403966,6.83631495783955,8.93039725639292,11.3506217393878,13.4645902972316,14.9686145180996,16.7630845318188,18.6609959346533,21.8659202159066,11.0013490014039,0.355753757654741,0.521518697469346,-0.637155461021609,-1.06344239293821,-0.645072596426699,0.408547121211353,-0.25133555420104,-2.23714984689676,-4.69855126053532,-7.23182298176823,-8.80381943111035,-11.6562075468666,-14.8831616635085,-17.3169982482102,-0.12266185910784995,0.04344617746721157,0.02203730613143207,0.035046896459354264,-0.07224467699851288,-0.407392816878443,0.021958930306064394,0.04699074502908884,0.1561308538597856,0.1541106919775112,0.18469038486284545,0.41765040387000324,-1.194611428638138,1.5239434184566345,-0.46991259645881456,0.02272879467740903,-0.059758662319656077,0.019015842096480228,0.05498634538373308,-0.08556125346023347,-0.022754465352180234,-0.1349174849299044,0.21049064476218426,-0.12738214486355684,0.008613960159500422,-0.006211048195164367,0.09397985184367391,-0.07881331140988819,-0.0021436922682913123,0.08408942769234809,0.057211300362873724,-0.28858932757258954,0.12467970127275498,0.052717493322643756,0.015231259177351752,0.020048004474919123,-0.07033849029310858,0.2716473569399498,-0.23528780997476878,0.053440828891676784,-2.6794444444444445,2.485882296454583
44,37.5662373945177,41.9974891004067,41.8274610738768,41.665752407144,30.7220782438814,0.808881818588432,2.38258931181957,2.47846272815245,2.02573943361342,1.79674387393622,0.418360044088011,1.25280921426349,2.41761303395664,3.88908336271941,10.0492745250639,9.71458725296246,6.68270590806487,3.4516344970178,0.750765616627907,0.446638056196646,2.22605029071733,2.14066664451287,3.10483275891848,3.94583792526022,6.1753923871685,8.95418478673077,11.2412573361911,9.37912536751551,7.07285744645364,5.37803668623037,5.07620515222183,6.26127186510237,10.1293356804496,8.50262925981452,4.90878154935974,2.38019525314648,0.779390021801867,1.39039656407676,-3.4910639453661,-8.41919565145166,0.08502745799716738,-0.06751403148721825,0.0023930117346885114,0.07050527378709028,-0.06963015995027866,0.503589713021939,-0.21328449249534498,-0.2511025093126203,0.06843885595666407,-0.0742770961703109,-0.0220389917385363,-0.10470365050465112,-0.10238147543324969,-0.47983064243740625,1.7218447994092698,-0.6669333934445679,-0.09298267823073131,0.2493584044756584,0.1072065786422649,-0.07227819341261625,-0.06632086346769532,-0.09568066581056911,0.18135934265342551,-0.015563731463337194,0.07258816445200991,-0.1892790684262313,-0.07089473293759568,-0.05456522202433753,0.010458042654867453,0.1684418766777321,0.06388821671401847,0.10511689404826187,-0.23675844377651417,-0.04440496652374995,-0.06288293457568023,-0.0727933867338255,0.206886598744864,-0.36477942046158945,0.1002917747303722,0.17060821696414893,-1.9131944444444442,3.168481422553059
45,46.4255938712793,51.7186289795827,53.3320521979677,54.9538404794768,34.8066221319266,0.828956804311034,2.52974303343571,3.09870524459052,3.54989698819299,3.33225173549514,3.3842516575003,3.48033694580686,3.19250762706953,3.23181547001186,9.71458725296246,12.6504906902416,10.7687540599004,8.63888364143569,6.84373209129726,8.26074789121709,11.0542154888311,7.88260830105178,9.28793526021221,10.02415100676,11.9925201812659,10.6976793030585,8.43072296935886,6.18508270943841,3.93831589098617,2.96050519054991,3.05552431371644,4.30737624647405,6.7096054020058,5.194113136545,2.2975135735945,1.53949821162452,1.94579626519816,3.8444193381259,-1.78220449145945,-6.69446094397498,0.12528696433175385,-0.0699895791899364,-0.05338836096845767,-0.11998013957114088,0.16002939331599558,0.03483742650217619,0.09210707332965427,-0.3347259364500508,-0.2138471506593567,-0.27763137624405243,0.005164853833499055,0.01661887260847419,-0.009995618070305386,0.03910526700140195,-0.6653444940575489,2.2700360595712556,-1.5153350192564485,0.034867893694001006,0.05218977893812383,0.22537289734419017,-0.011159464616653032,0.06290246779621675,-0.06044667203689621,0.06232731155769065,0.03213880223878452,-0.11709573087201,-0.06558031986947489,0.08755813733749652,0.09771324539958552,-0.16159443392994205,-0.0783217584324563,0.17244610294978485,-0.13917117107923427,0.15662445539811326,0.03372121966817076,-0.14101735720217176,-0.2720800920257758,0.05444552849988522,0.1674150904342086,0.018870844376954955,-0.9427380952380952,3.5553467749632546
46,26.4353470147975,29.978366653771,30.6777898052535,31.383775381653,20.1716913165724,-0.289447402500982,1.36212583246157,2.13503937069636,3.84624176648548,4.18930578893945,13.5491172850592,10.4579534678252,7.61895568036586,5.09095739403966,6.68270590806487,10.7687540599004,16.2962175587908,21.4116347764799,26.6800343587528,33.1286913630531,40.52077738127,37.3916447001478,42.3381638093378,47.4922245952787,53.3833739496759,28.0811539775444,1.1701353625618,-1.70523739053648,-3.93636335595262,-2.96546124975484,-1.27345431519726,0.896641816260719,2.23194074711718,1.18495292657971,-0.662384490325754,-1.34037999223336,-0.642817576466837,1.8130405680729,-1.71777674837283,-3.95977803377589,0.048837260711166945,-0.03602650666684364,-0.02172192423065224,-0.019067982832072842,0.041859160275571815,-0.20017469589552567,0.0810801005195398,0.16812273721395574,-0.2594232412498146,-0.09877200458483655,-0.006820298669413284,-0.0366608506168295,-0.014635817413810877,-0.07141153490458428,-0.10165482597788081,-1.5957664893183428,3.6429777024506604,-1.444119741203054,-0.17660791627541111,-0.03432825926057868,-0.05426423807755073,0.020156886256656837,-0.04255537596119766,0.1171456222065541,0.00211688761504789,-0.08387800516471874,-0.05974640922942432,0.040241393709533994,0.028407119892446445,-0.03823221966285116,0.03934860536742666,0.0775401172854618,-0.05440933421093358,-0.17787431990495095,0.018491470107332587,0.2880433493814633,-0.22368816900526073,0.017321643439343153,0.01233670094577015,0.01436756837679667,-0.2333928571428573,4.035618609183821
47,5.86048470855804,7.60276641249782,7.37859319952428,7.16011286055645,5.00838717846404,-1.55861573526868,-0.0073859847840551,0.992026557295421,3.93516714968504,4.86179027339613,23.5101522017377,17.2973901379607,11.921583279726,6.83631495783955,3.4516344970178,8.63888364143569,21.4116347764799,33.9039982341596,46.2794053490505,57.6577380895851,69.4887816206468,66.3544042787909,74.7148017546437,84.1077777357745,93.8810036869907,44.7846000562059,-6.50233928048567,-9.9172537215332,-12.0749591840881,-9.12945283670612,-5.83885346141031,-2.82609134555913,-2.79832538341348,-3.54689650244806,-4.13627039013761,-4.53655208337174,-3.67309435370313,-0.859075991583629,-2.42647052173515,-2.09031531024427,0.04082812173089646,-0.06298248231780673,-0.0017287221357958885,0.059487610508719334,-0.0732815454559104,-0.23861498543197454,-0.07299201253047538,0.5975382791072759,-0.19354564380362502,-0.103810819906925,-0.10451674203553457,-0.2501602579220219,-0.010082439336256023,0.01719562977815396,0.23539894937183797,-0.019923184487159348,-1.453081911583329,2.7450064200221678,-0.9272755464586075,-0.28210430378806123,-0.06110391233264906,0.03973865634192576,0.0015710709429090873,0.10481030534588712,0.025383593859626883,-0.08898182421092551,-0.14289193991690902,0.04219041288950537,0.03270029018494143,0.05193106098976692,0.17853068702361177,-0.102200980923992,-0.07208193058700603,0.021770255494282124,0.005942154739099168,-0.002341653125092067,0.10060792528959599,-0.021568188708688003,-0.09447023079080058,0.06660900020721369,0.5537301587301587,5.821855222706897
49,-12.4985286329902,-12.7243957138691,-14.0927524374412,-15.4566829220422,-9.12362003682222,-2.81217733468897,-1.05042609623774,0.342900597834602,4.16836589458478,5.67747123976303,33.7263830611949,24.3213895856762,16.4675888557851,8.93039725639292,0.750765616627907,6.84373209129726,26.6800343587528,46.2794053490505,66.4468152925203,83.2060963087481,100.060091839744,97.3153362653779,109.167362166579,122.935334686419,136.49492858943,62.8996260869351,-13.5439771775965,-17.4460650133098,-19.3299086281782,-14.2376471161405,-9.15287532004506,-5.57058078751688,-6.77872614143075,-7.2027215459561,-6.29968308672366,-6.15412909695734,-4.9351487854509,-1.50306233230079,-0.93415980032171,2.02545525153076,0.022512085975782095,-0.08146705999734392,0.03821368211400822,0.23094413950208675,-0.23389478886903212,0.30184644188428944,-0.19944452087223002,-0.1269550408006409,0.4225790596728685,0.04837811856237054,-0.03680184326304466,-0.02490327990205041,0.11310415980413077,0.05963765955448815,0.10592225444800692,0.0992367955435524,-0.16747981507020515,-0.9253190158742932,2.273073550972709,-0.9918305522005382,-0.19962990823262927,0.1158824600887782,-0.011038837105038394,-0.018903461103063044,-0.002540101439942484,-0.06668829519698814,0.08113686166911978,0.09773252788825808,0.04234030451205251,0.03760356065841297,-0.005746980485468331,-0.21140840689121465,-0.0031948167698417217,0.14218085631750546,0.02946369435173059,0.024302665171518904,-0.010576022552780843,0.10843470857910407,-0.17000761203663983,0.02726807580243931,1.174186507936508,8.150878191490794
50,-17.2986193602143,-17.460158492362,-16.5299823208392,-15.5891954439342,-12.6265561885983,-3.52539707325466,-1.68991689176054,0.190981626160327,4.70825184378871,6.95943180771867,44.3145855598524,32.4793528683392,21.7733625211563,11.3506217393878,0.446638056196646,8.26074789121709,33.1286913630531,57.6577380895851,83.2060963087481,106.412964300375,128.595843297858,127.733505693503,143.542774299005,160.810441141824,177.538796028328,81.6596293321485,-17.2991977836374,-20.994706016185,-22.5094357002679,-16.5536431396856,-10.5176672707012,-6.85796896970682,-9.29762468008482,-9.35240153993138,-8.03108399618134,-6.91056633784263,-4.73615778077611,-0.160496392519384,-0.195842723592551,2.51895029279354,-0.017062794942567207,0.0718694918441069,-0.023048057260626004,-0.1721753618863381,0.171246043291652,0.03240886662852327,-0.0691699143200664,-0.19729226195567742,0.0076259110340848755,0.16387154684288063,-0.4084286140356015,0.14375414140258674,0.01011054661684243,-0.052001171917389136,-0.08191117046729009,0.24786792602024957,-0.034009535459726736,-0.27224084733077303,-0.992591186419896,2.12114365616604,-0.8891398277382317,-0.43181254572987726,0.5243503761698837,-0.07083726613669779,0.028106295151393488,-0.088283336962006,0.22995418984304347,-0.27081587919430056,0.07422668375566584,0.01644332322686615,-0.12567962843940686,0.13377985677527712,0.08197223898405824,-0.04595821822058078,-0.012546334871272767,-0.02252265199763856,-0.10955934839754759,0.06775091352170565,0.08816527127294246,-0.04638806394513749,2.5713095238095236,10.315181253878931
51,-11.9847645753594,-10.45459723986,-8.76682415533922,-7.06991313225733,-7.05719739670783,-5.64957240844976,-4.83177151005069,-1.60391051725467,4.44640407729482,7.53080573830789,53.955571845898,40.262451743569,26.740875080345,13.4645902972316,2.22605029071733,11.0542154888311,40.52077738127,69.4887816206468,100.060091839744,128.595843297858,163.477892005581,173.143650595864,200.113133110336,224.432656734267,249.019357261541,124.280792575045,-5.00610126683042,-17.9653085143142,-22.1875921608041,-15.8867709182181,-9.49027557242176,-6.36870310411352,-8.24581448276515,-9.53370232817923,-9.19167761036878,-8.68616287291362,-7.78344434881696,1.99877381117879,0.917928800132588,3.11991659379967,-0.038771182823702274,0.059700142524129106,0.01517990381080865,-0.018496394468319022,0.019138203142355523,-0.04652015120464703,0.20972524639786197,-0.08536590179371625,-0.21340181949008133,-0.06280679372893973,0.42755786127782974,0.12143337253667914,-0.09921983017949225,-0.03875369398824385,-0.0507320719757019,-0.008842268544234083,-0.06301968271852922,-0.07370755097600583,-0.2028068594025889,-0.8902719467037296,1.1565650179387204,0.14823383906813026,-0.469137367492334,-0.02076058181386251,-0.07306699767805319,0.2079458677961184,-0.06585083257493579,0.13137296437441442,-0.1489988809143141,-0.01762244394237243,-0.021189827928894317,0.10331228775658124,0.03757284049492643,-0.04006287210609731,-0.030873295561777606,-0.08359746173563738,0.12690610856688228,-0.19911336647151368,0.16073856734205907,-0.04656084012011688,4.822321428571428,12.785456268963616
52,-8.75107586897433,-2.47203451117358,2.41785422184079,7.30691135824729,3.20343843698435,-7.9243545699865,-9.43769204778569,-7.02966281015146,-1.58245480099429,5.61137238083064,65.0434299805234,51.8937172382009,33.2989149428794,14.9686145180996,2.14066664451287,7.88260830105178,37.3916447001478,66.3544042787909,97.3153362653779,127.733505693503,173.143650595864,224.762929757344,267.426992708489,303.437708515046,338.476106424177,181.885141680821,18.572486185879,-4.38911424113443,-11.9423228510825,-6.31833556180347,-0.435057120613537,1.2192075008947,-0.812109932115345,-3.95356812732093,-5.62025716360674,-6.39095659381567,-7.37058579025709,8.72808678784711,7.70534185018254,9.2940534163968,-0.021036034801756382,0.020021882466796582,0.025940606098234852,0.02699687084089255,-0.13769121915563098,-0.012073869392088677,-0.052869706022012915,-0.06397932311240219,-0.07039712092413132,0.05562377310337382,0.021511460604776916,-0.028634019591710875,0.27689546009804467,-0.1367254007194705,-0.08057037626141116,0.09227876345810095,0.03243337230025053,0.04612048581908229,0.12060862508718452,-0.4320594344979203,0.15003628220663512,1.2825179588540931,-0.7728420505319086,-0.30410920159774457,0.052736156480576085,0.003660486185964335,0.09464484632697613,0.05451563851354439,0.06999817634389209,-0.06178668123700126,-0.060136876820774975,0.009233741313817314,0.11461426289116274,0.01220296616485475,-0.014200117992747688,-0.02894031177002883,-0.2904768550933756,0.03615497682649216,0.0867631162208365,0.05838679588093298,5.567777777777778,14.991762063124652
53,-5.18009409174436,3.51783925791191,9.80005135397253,16.0736223405612,9.2098452785957,-10.0564287365883,-12.0281289853166,-9.08967058094371,-2.58109903755708,5.82933401912418,74.7032975417782,59.9235442946113,38.3460994692036,16.7630845318188,3.10483275891848,9.28793526021221,42.3381638093378,74.7148017546437,109.167362166579,143.542774299005,200.113133110336,267.426992708489,323.207688540074,368.122768143099,412.623197014461,227.929916832798,34.9856584963364,2.33759621458699,-8.42929547403218,-4.54859429610161,-0.437738308778633,-1.32393895344416,-4.74227288728255,-10.7266430564155,-14.8318584967161,-17.6391225429515,-20.92627912879,-0.130069403389967,-2.78003724500654,-1.56993332733492,0.01116795021030255,-0.012700240812154389,-0.0008821512527481991,-0.013453424159905554,0.04279216860567368,-0.06327578520305084,-0.127267638120822,-0.015554273220226497,-0.015692211444404837,0.33245120458236044,0.02421823195528627,-0.17290122671677977,-0.07553805328795637,0.21620868248743222,0.17592497597933426,-0.0714946917276548,-0.03469746057657474,0.0038080077956043103,-0.00947628154381691,0.5267329320084778,-0.46850869000303785,-0.7718662641230233,1.1272021028980375,-0.22597087677028543,-0.07547870419063124,-0.03743145567749599,0.02351681480702109,-0.2299594982508127,0.1317563880447399,0.025851655413189043,0.08616870109705593,-0.1142031524217868,-0.022059307874348632,0.01684439558725212,0.003730486584056226,-0.009035209463882548,-0.0014987982451153984,-0.05745530296412255,0.05400887794700153,0.03533270582563632,7.596739417989419,17.977699756645006
54,-15.4127091416766,-6.36895158594972,-0.841697314309347,4.48300167890849,4.60644535252744,-12.7216074097075,-12.5137970033365,-6.37207615203519,3.88761419955604,15.7361863772551,89.7149162009348,69.073212585484,44.0401043744723,18.6609959346533,3.94583792526022,10.02415100676,47.4922245952787,84.1077777357745,122.935334686419,160.810441141824,224.432656734267,303.437708515046,368.122768143099,442.951594924602,492.329686167239,275.409213473842,48.7239631771154,2.11450719311374,-9.44694778253682,-6.54665475374673,-3.49957710315437,-6.06555451834762,-10.3031824593709,-18.5897747117164,-24.6547054451251,-30.2093185785644,-36.4476410159415,-3.04851648268474,3.52854385103067,15.3166522069432,0.030202954645375733,0.020863103917006017,-0.04764112127305666,-0.07073380919029383,0.10301376283553665,0.03206439567541198,0.16186563935259884,0.0878820905187043,0.26590651793874004,-0.7839598474798705,-0.18993323264028297,0.11174695689803102,-0.09047613578333064,-0.1391448787915402,-0.01812708491328203,0.03145766240315225,0.08826613032772569,0.10420750322242282,-0.015976719919556025,-0.07571211441433864,-0.025124118148141285,-0.305519435812133,-0.22362173156790022,1.0004992621761597,-0.3927183162668084,-0.047411278083718984,-0.14277398549279588,0.02774335095963161,0.0037557617221791006,0.10578517565258672,-0.08891267752188106,0.12858427862084346,-0.220788307426021,0.030777072472594216,0.03537352746862605,0.03313528802712771,0.20872921965403549,0.20191725850683748,-0.2728782030725291,-0.05295347696998854,9.745608465608464,21.046177679678618
55,-17.5836803688474,-6.33874059530191,-1.66837534744857,2.8809823348981,6.76769314182293,-15.0990867753045,-15.7236907305544,-10.2263342130959,0.504626278501245,12.5461212417842,98.2162059621848,76.8465572614483,49.6299672010693,21.8659202159066,6.1753923871685,11.9925201812659,53.3833739496759,93.8810036869907,136.49492858943,177.538796028328,249.019357261541,338.476106424177,412.623197014461,492.329686167239,557.882892507676,314.908793607595,60.0099058754504,8.2366432101503,-4.12370793889047,-2.41281929049086,-0.486016165041449,-4.25451677643135,-8.1292756171188,-18.2038909635942,-26.070702252725,-33.8762585127657,-42.4822981216904,-9.44187119401399,-6.44681971829986,2.19999668433019,-0.06453234163123428,-0.009197993906459518,0.029904906821621575,0.09189474881017046,-0.13076920522540314,0.039360372997973805,0.10094460583353927,0.04456904611859953,-0.10958809856374559,0.3731842512817299,-0.32717570556235026,-0.08884477864093578,-0.1600471581741278,0.007004201795428594,0.08453953133070104,0.04451219780885723,0.003436289525448982,0.019944662672550625,-0.0035347444951761274,0.031587660004857986,-0.07212866561821238,0.05323511836042365,-0.07649304445125926,-0.3942446747226434,1.0122418358464726,-0.9673890935602126,0.2507511860503858,0.43864167523247555,-0.18396216902903112,-0.271561413353126,0.14936683982551552,0.037572745045953704,-0.10188395456541391,-0.006767491840743107,0.017719964741987157,0.1047737655088449,0.060444676726442485,-0.20471306305270506,-0.0005098374541078363,0.11324342726244621,10.514239417989419,23.619333024191782
