,Cov_0,Cov_1,Cov_2,Cov_3,Cov_4,Cov_5,Cov_6,Cov_30,Cov_31,Cov_32,Cov_33,Cov_34,Cov_35,Cov_36,Cov_37,Cov_38,Cov_39,Cov_40,Cov_41,Cov_42,Cov_43,Cov_44,Cov_45,Cov_46,Cov_48,Cov_49,Cov_50,Cov_51,Cov_52,Cov_53,Cov_54,Cov_55,Cov_56,Cov_57,Cov_58,Cov_59,Cov_60,Cov_61,Cov_62,Cov_63,Cov_64,Cov_65,Cov_66,Cov_67,Cov_68,Cov_69,Cov_70,Cov_71,C_0,C_1,C_2,C_3,C_4,C_5,C_6,C_30,C_31,C_32,C_33,C_34,C_35,C_36,C_37,C_38,C_39,C_40,C_41,C_42,C_43,C_44,C_45,C_46,C_48,C_49,C_50,C_51,C_52,C_53,C_54,C_55,C_56,C_57,C_58,C_59,C_60,C_61,C_62,C_63,C_64,C_65,C_66,C_67,C_68,C_69,C_70,C_71,Mean,Std
0,352.79498240386,91.4031962840232,92.863031346496,93.023969815223,90.858361963785,51.6422927073449,12.1704450760416,1.28807218630542,6.32993323898968,-6.65930537624229,-12.5601720736674,-13.503305690306,1.46914363495892,-1.99810266242053,-15.3962262202589,-12.3011500939719,-6.94729372440875,-2.90662568651334,-4.97433961302219,68.6672427039056,45.6395330811012,20.10308817341,-5.02490384729728,-6.58980885172757,9.50025709949447,11.2162847971656,20.6287536011608,19.7871626031059,12.8318854590695,2.74386319838352,-29.0957427787847,-30.7392315679308,-36.3891539539033,-37.8979403066332,-12.9673742251107,-18.2059704677972,-32.1881254584556,-50.572910737212,-88.7505652051575,-115.070855610541,-50.4838406171942,-0.0852530127952393,2.94676636184582,14.9997743194215,18.0438304723358,3.10786697789783,-54.6344920023211,-55.3407533120307,0.20030798284368967,-0.14997543363648302,0.1446177885929923,0.0877289509240329,-0.26019638359283875,-0.023003359318742776,0.0039163956409171774,-0.014884859273590649,0.02307729807484328,0.10418037329386079,0.10299721943989999,-0.00571667800222654,-0.18363880382212558,0.0025440723749340674,-0.0026135177541713288,0.08619872581674086,0.004928771865109593,-0.09022963991328292,0.11735642451535,-0.19527163639506262,-0.11347936048851305,-0.12725014205382842,0.12930986141211032,-0.027988109056990517,-0.0507355369229124,-0.09782750739359196,0.07855376063667538,0.013171077281941331,-0.07495862424398464,-0.06823841398764605,0.09621172579458101,0.1601912463859217,0.12568898362919642,-0.040878416228184625,0.028836444531604076,0.02189710210494018,-0.06771653785616778,0.032401985983509844,0.06954164545369117,-0.11474604985029216,0.017683428291958535,0.0014178244117611309,-0.023662105890620216,0.02901211693217264,-0.03447850956178617,-0.09024077936222591,0.11461825155281732,-0.029710784380019103,4.83962962962963,18.78257124048409
1,91.4031962840232,153.972336064992,136.319366734239,118.782752084066,73.2966405364287,19.8248831403448,-2.71904808390149,2.06450451537495,18.3954637082589,11.953582674266,-2.54467834716784,-11.1523994765915,12.0618476661706,4.89200995202953,13.1558161250923,-8.6468686472988,-4.35650209104332,-0.484586789411975,-1.72998018907381,-5.50242698333291,-1.13661147523716,2.42986366102786,5.11399579570451,5.95583507074433,6.84956335695057,10.4661762690968,20.8527462159073,24.0519080633431,10.8207760304456,-4.15416907054607,-15.1897279048247,-7.94190930765168,-19.2272962785409,-27.02871315533,-14.0458518810404,-8.87764258628646,-15.5766889831557,-26.7109087906634,-60.7334270010458,-79.9696338132427,-17.6080533265021,-4.97918851822279,-3.34423474721455,11.1898243093968,17.8821321823823,11.5854862509973,-23.5903382935069,0.883854005038333,-0.15189150678148047,0.7435410065088804,-0.8532433491092328,0.18087265947003267,0.2669853662304183,0.10844064400755724,0.017410423340793624,-0.3120218627928318,-0.06558582958229248,-0.22626997734623605,-0.08123398616098593,0.0668205751255097,0.07134118120082072,-0.09406295204544653,-0.01118242628801973,0.0989726301820324,0.20387200383728368,0.04101970750103893,-0.011028878956407884,0.06831897730179792,0.4089778882214896,0.15086953790608756,-0.016560760530216167,-0.17797981385204742,-0.06336369200630293,0.0061745316487262555,0.010827635377327444,-0.15427030437962802,-0.05393646223334924,-0.1391131600174403,0.10709373010752375,-0.0791391801451562,-0.10706931481078975,0.15816839152805404,0.14735714469334596,-0.3854761032381342,0.07213698871622425,0.05817134955247681,0.013314682096840386,0.024695896417569405,-0.03088540354051504,0.16198880441806804,-0.18764211899004224,0.07960616579335733,0.0792598070981824,-0.10749757590034882,0.0041262505490639026,0.023325144162056572,3.0775925925925924,12.408156030006722
2,92.863031346496,136.319366734239,164.563073435504,157.332163773351,100.795381031185,33.5169237841671,2.32246551004861,-1.01178333350213,20.3339888421589,9.71312475345076,-8.16094182497106,-16.2755802863137,10.6307459801288,5.90103041233888,10.6580940373501,-3.18750729420214,-2.21163861198805,-2.37125995001733,-5.87353309457484,4.84051073314609,19.6409752966922,14.8101728615726,11.9349835585556,2.706891205253,6.20100121650293,11.631250675572,23.5368485453725,24.8535114808516,10.9529774695501,-5.51502030365992,-16.4130038412275,-7.02706715742922,-11.4279621503383,-11.8349962652228,-0.999423172192846,-1.60596643311314,-9.82656923056193,-21.0990402374756,-56.3978784189382,-78.9439213074662,-3.6707955341897,6.1449111087865,5.81322614082101,24.0867553115786,33.8228377750528,29.1847752832309,5.41566894879626,28.6386456862293,0.1620926238928884,-0.8920776172341329,1.7954804300170062,-0.8105760067870595,-0.10826918610766394,-0.2242591545815395,0.09295654039240207,0.5060408493435927,0.025217854420176322,0.058406516398271824,0.3027990963173444,0.022379434771314113,-0.07301741493577799,0.1905859421528118,0.0471261963177089,0.1725605785149305,0.07984153453274997,0.028174529714769282,0.07369192979919313,0.21068746155861795,-0.603535244613956,-0.2832720704311649,-0.047127444277670814,0.2470992885603795,-0.2626188588964564,-0.04531153740638382,-0.43169596637595226,0.2475789479735936,0.09433813828956936,0.05930396022713822,-0.1904449807372348,0.09420962594168773,0.07570175191757507,-0.11655845176079721,-0.36165809058143267,0.22865644785227562,0.03990184269315929,-0.046361241752980335,0.1514965128100481,-0.07945506391782252,-0.013341703270114672,-0.01745602155824833,0.1311853559607648,-0.06672431685805322,-0.09605349964417656,0.001781053922501292,0.020271751332072575,-0.014533153791186169,3.6738888888888885,12.827824189452569
3,93.023969815223,118.782752084066,157.332163773351,168.440031360863,106.881441293149,32.208165793949,1.31891099835132,-0.998240373891135,21.9408629807208,6.46580331610781,-9.49209378630973,-16.9269867137492,9.85191004802899,6.75812719597321,12.1878600738485,-2.4690641706252,-1.47656474631551,-2.0418150585684,-6.65834888996427,5.63828331758495,16.3216785762095,10.9970755058292,9.3395257717905,-0.877110374008269,2.53758877323142,9.05043478483465,21.338456732068,24.437399656842,11.5767949828326,-4.02541331483918,-16.5754867479401,-5.13211134785773,-11.8655470870664,-14.5949656793793,-4.55339845917375,-0.107238891519211,-0.552642155802429,-5.22027944557897,-32.5789421276486,-49.1698901790095,14.631371484419,22.1045118463596,18.3014533317158,38.479303356525,50.6915942219408,51.9539851987734,33.1433456367984,39.8115750675635,0.08228786349865978,0.20559470432995985,-0.8777901036884188,1.397003034200116,-1.2272723988436167,0.35894315738373433,-0.08984184309750048,-0.06640454952752338,-0.5932961784051929,0.17984630587376485,-0.09394879488236893,-0.08856374760536653,0.10264532093240555,-0.14006647040494455,0.05952673039557827,-0.09628064628080187,-0.023195200787704925,-0.04972342315548136,-0.007486629128015865,-0.23941451300884892,0.16580935420432757,0.09211698593815248,0.021269410564542426,-0.03504568290444165,-0.041609617290601274,-0.05355315127434703,0.2441307314938488,0.005370346402566278,-0.026779775663123274,-0.0915549905826583,0.1188151968510999,0.04148695934747254,0.05915052894365696,0.015219028364355711,0.2811534318187572,0.06780058507681021,-0.0418070502674429,-0.10788724218894241,-0.13590366366922882,0.009021678486642499,0.024464917540289958,-0.14088018876648722,0.20644772414274537,0.012452586625912518,-0.24894529031864004,-0.03028009911618149,0.1997029597581507,-0.13345026054534492,3.2118518518518524,12.978059614628943
4,90.858361963785,73.2966405364287,100.795381031185,106.881441293149,76.8703054136512,32.0121500497954,3.37491799898999,0.542972317405693,12.3175264404862,5.01264173472631,-5.75379751389758,-10.8356865938555,5.7628450290436,4.02268162472345,19.2720441583745,-1.9858653820353,-1.48363005115766,-2.42117887809232,-5.73110486231339,12.8132598645227,17.7209760541706,10.1943888874573,6.30062048031352,-1.0892424662073,2.36454925894741,6.39240426938442,14.6665323309925,16.2043856146064,7.66243809871297,-2.69352785272793,-13.5324255660924,-7.84318088924856,-8.95470544915021,-6.990289996238,-0.876484206539661,-1.87807654555828,-6.83453365782284,-16.2339122099836,-42.4649652366936,-60.119375721008,-12.778108428717,4.39405524941008,4.27530911735013,19.2392749955124,28.0855386534057,32.6502686138759,25.2779915491259,37.9843387824118,-0.2713297932870947,0.29346594565261,-0.11592776979532728,-1.2027230562485143,2.3217349723777256,-0.7280275717009658,0.1424110788351284,-0.32421659537608694,0.2887872916283555,-0.2644504815401772,0.19857812593314353,0.18604004210735645,-0.06694646564284687,-0.1077071776766391,-0.07028715694591654,-0.03672230412793053,-0.1117378954289425,-0.010135051730104058,0.18922916262679154,0.11972678589243406,0.159227540680452,0.18582594984325143,0.024332656597953025,-0.013351595351740813,0.08185252019231896,-0.02495685752306914,0.011016988330267027,-0.238423255468629,-0.01784686834290162,0.09224256323593161,0.025909215183812912,-0.44865648806511005,-0.0834578841021129,-0.042494614838029736,0.006562267510263191,-0.19721800889096225,-0.21063411417307376,0.23559293285417268,0.09221965653376638,0.11756623902884984,-0.06746979880307989,-0.019333319428206465,0.13095900483921816,-0.20756935181442476,0.2538044707376668,0.09459024317079781,-0.24129104157716758,0.1316035559391663,1.019259259259259,8.767000936104159
5,51.6422927073449,19.8248831403448,33.5169237841671,32.208165793949,32.0121500497954,29.9825734355045,23.1055790758644,0.525577143186633,2.41267581109861,3.04045333335625,-1.68260138536851,-4.30759944860243,-0.61938080687785,-0.872830157286793,23.0916954682244,-2.72113103072645,-2.05962162924133,-2.62897168702338,-3.45824121351231,10.3544834076144,13.0075592078542,7.24222409739852,5.05159500644335,0.583576088071692,2.10153961723203,2.94177332749634,6.78415807792872,5.23260922528476,2.16197527137922,-1.80204407901722,-8.43396593750694,-11.4566305165036,-8.51110727223732,-3.98584277352379,0.427104624304184,-4.22540724960116,-11.6003320588236,-21.9812699492049,-43.9680520287822,-62.1626077542053,-34.7208755194657,-6.78372398547089,-6.22784044056496,-0.567896562863007,3.38188911226174,9.43229777770448,11.2668637148146,32.2986481926135,-0.022979126152018935,0.1005695315980795,-0.21981163556235023,0.33547513851338306,-0.7592245352907989,1.277072467889368,-0.39737540397163695,0.03269896202338564,0.32554640968737264,0.05772828144139123,-0.15925802633498376,0.13563832859432434,-0.030634720053225296,0.2866607638295118,-0.12360784180936076,0.026140474470725955,-0.15663003778821832,-0.04131896424920937,-0.009103730454751552,0.0214008657034763,-0.01771277097060408,0.008273871322021202,0.13072338880004344,0.2123841792513581,-0.028271206474472777,-0.1091159766110694,-0.4119343029783588,-0.043023885510831354,0.05922819302119305,0.12557096439607443,0.18509561326949148,-0.06680812202145522,-0.26029163600921534,0.1678527454504646,-0.07041332503437552,-0.2768342104192909,0.2648303232968284,0.033147077110968405,-0.259986135229115,0.13503315053880874,0.15863250208169763,-0.14766395963595436,-0.011064878590636236,0.39544946204846565,-0.09093053232462117,-0.07723102637335393,-0.12384106822940232,0.10705703944929243,-0.8777777777777779,5.474721311217993
6,12.1704450760416,-2.71904808390149,2.32246551004861,1.31891099835132,3.37491799898999,23.1055790758644,64.3132008301405,-1.12530152463661,0.0434274955527467,-0.182415504818208,-2.76456789351157,-3.40324266859334,-5.94881285852964,-4.92371327987149,3.79308726747724,-5.95252015865998,-3.04553254550853,-1.10238550984156,-2.02549857383991,-0.740721758004701,3.64511117142417,3.86029397191089,7.21888033113195,6.2951132049013,0.554977108657526,1.1013992987967,3.0625622725295,1.27217345657566,0.412169314783275,-0.343487131542216,-2.54905813715852,-12.6870635538682,-12.6746115473566,-11.2201641219608,-4.7244484929841,-5.76917482537992,-7.20137049767806,-10.7818945937035,-22.1715974125452,-31.8976567955558,-16.9671033531896,-2.69507681868253,-4.14047598152711,-1.22177073983935,-0.849158870783205,0.199034111135114,0.333435334888957,17.1285709760138,0.005349137140335601,0.021123158724436243,0.0953813715010161,-0.07758580851793671,0.15290037198180254,-0.40057328150799654,0.3606459969759695,-0.08033465105226148,-0.09307962012386589,-0.10425349665429764,0.0801079452630423,-0.08515830842689656,0.13193705560948588,-0.1109457917502784,0.069692051098383,0.22585726193304664,0.23464791509900296,0.13380802299398264,-0.008908815421179448,0.0895874275025875,-0.012470273953050257,-0.04197277512001612,-0.20126469844775932,-0.1891894968674126,-0.10290569159189412,0.025279308853499695,0.12359557334718162,0.05562523386543309,-0.0038147412779469436,-0.1489203305139851,-0.1519491415336581,0.20429174549397214,0.04047717351609718,-0.001681859862117589,0.03708752953435734,0.02103894206129599,-0.027137732674445338,-0.06144494811763179,0.08172579837115837,-0.04731282301678186,-0.06678797092627432,0.08675217423699663,0.042850882116764626,-0.14695298108464336,-0.06010048481175763,-0.029625097886147506,0.13788793524973275,-0.08495656803059481,-0.6527777777777779,8.018927660862174
30,1.28807218630542,2.06450451537495,-1.01178333350213,-0.998240373891135,0.542972317405693,0.525577143186633,-1.12530152463661,2.91170019157088,0.633379554809192,1.74287285450334,3.72341368100168,-0.226470446965073,2.17534610401118,-0.683610703172533,0.197619898571849,0.0838247970078337,-0.104825439711488,-0.581953729131034,-0.67254099684621,-0.0538233801780381,-1.39744448828771,-1.63343905880908,-1.47072423333124,-0.868571970503776,0.952282796536061,-0.627096321404189,-2.09261050624408,-1.67389715886156,-0.333359791349339,1.20018283585298,1.58681078658276,0.558941644048653,5.77825855494098,11.5630406933705,9.33584381595487,10.9380806882391,12.1445855266725,11.0777931989868,13.3793390048407,14.3178759961201,4.81591210254439,4.32689619519021,4.81945875424183,4.4821723769688,4.24711384621651,8.27836712076546,14.3873141381086,9.66708581977371,-0.009094815668352014,-0.33406918451992934,0.5682454452856018,-0.027346466324460448,-0.3478071002158256,0.0076502661901885335,-0.04864002660953086,4.186454038954261,-0.3648680620292389,-0.2087989773783029,-0.5217904973116605,0.20262261157334124,-0.08079425545980855,-0.1889047316627426,0.1782131278858083,-0.04065812638123388,0.04600968090393037,0.3421693587448896,-0.008120256494994229,-0.11148614483238317,0.1362105652141531,0.37652256496030045,0.42814552070812995,0.04951825289871871,-0.008860915970949883,0.0005315917029550583,0.47264529884183676,-0.08114113078986794,-0.11140027251318893,-0.173558493986465,-0.326594441715671,-0.0155592962756077,-0.009226573954780033,0.011255591793180824,-0.3480413571616401,-0.23975509776200385,-0.04178628636295745,0.22853414518450194,-0.1833257733789119,0.24359650665426602,-0.02692880738605047,0.11858833432275327,0.059390775370911274,0.04576585561971486,0.0563788171223617,-0.08275075808940778,-0.17869741468712255,0.054291202034278015,-1.7083333333333333,1.7034377568819123
31,6.32993323898968,18.3954637082589,20.3339888421589,21.9408629807208,12.3175264404862,2.41267581109861,0.0434274955527467,0.633379554809192,7.69099656768838,6.87057018806239,1.40356804515818,0.118834524521389,3.4880435327967,-0.544324275877881,16.4987608318385,-0.26083910422528,-0.432188355636484,-0.980444129566826,-0.0002575658673227,0.413625577483812,1.79629556299755,2.17194654714498,2.84009631485289,1.55632264971116,1.45810759760415,0.0738932454377479,0.537262233075899,2.40065323664805,1.63707428886598,-0.423657435336257,-2.82549356139,-0.542534895195781,0.957960551486036,3.55344196573553,0.544337056582924,1.61562967335301,2.82544993097475,3.04491193255809,2.26080370295019,-0.0517211029771133,2.58185980773007,0.955729640342338,1.59492295038844,4.9407832299943,7.9242233432904,10.2782776595552,10.747670930312,7.59967622636961,0.026434336711649267,-0.05567017373965182,0.030100042385779093,-0.5773894882209807,0.28811414963042553,0.332459531956013,-0.09653057605283345,-0.37844816276017096,3.0076772603726045,-0.39803591022840357,-0.23799346112829567,-0.0628680541054857,-0.41608985166370627,0.2370910547738544,-0.23226611347449216,0.23086434028170463,0.08123613021736174,0.20703247201234284,-0.29714787843967166,-0.1448271651746469,-0.03418488611889831,-0.2796312718086624,-0.20677308281344492,-0.23893398648074177,0.0778681332773753,0.31256504648098116,0.38527141368799195,-0.35058399920464733,-0.37378659392670494,0.1353586117817169,0.1365765930568868,0.3200591425531942,0.11742010260026527,-0.06496308160213275,-0.10841065370045676,0.11585493591079046,0.20092479998382876,0.1472464462859345,-0.6529755069820254,0.24270621833334327,-0.017872272142992782,-0.09123290646661524,-0.0412584168810413,0.45350771590924277,-0.23061932390344578,-0.09281483361186932,0.042355789124678994,0.0733151739827786,-0.1847222222222222,2.7714610889724534
32,-6.65930537624229,11.953582674266,9.71312475345076,6.46580331610781,5.01264173472631,3.04045333335625,-0.182415504818208,1.74287285450334,6.87057018806239,18.5288697318008,7.66357439001102,6.12304728736142,4.31442718192044,0.57465471820359,29.7680170792708,1.65495608466493,0.983675906993537,0.118733871230861,1.22236115409904,2.83998174542806,3.95321545115761,3.95111698766514,3.23451844266685,2.30366983551773,3.74888895181193,-0.124571681490213,-2.64574669099769,-2.90024840706676,-2.83206839379824,-3.2179149292823,-2.26283338047702,-1.17222830098812,2.34580947242273,5.55741044413851,-1.28281916907218,-6.16470482072347,-12.8363950284382,-20.4668063534609,-28.0227479922926,-36.4764580719839,-30.8698531666089,-21.0981534241507,-17.2490921752665,-12.4434800773487,-9.23912331805147,-10.6559257014972,-17.7234655278207,1.79774956643694,0.10279492080716006,-0.25564750178369583,0.0560905275922144,0.18731607276556886,-0.3110023248956369,0.04061778966682026,-0.09970135608106254,-0.22067015157607955,-0.4162243637586333,1.2145000761570135,-0.38896556433118784,-0.05447172504658075,-0.4524724835119988,0.11412770704845264,-0.11980326371976605,0.024872452677483173,-0.14044949028061812,-0.11250664926362605,0.3731908238952815,-0.2193119968828365,-0.19016703875682267,-0.30280329753615454,0.05610371462872214,0.14295680368885422,0.1645663198762559,0.1769538872827152,0.22498230434716165,0.20199072134011584,0.1962379461204203,0.6069977548277685,-0.08963100594653492,-0.09333560852086797,-0.0731977780803547,0.0032160011423743493,0.2743979824886683,0.006154945478266232,-0.008819368324003079,-0.009375235713822922,-0.11424451812057182,0.0537814369213077,0.03719362249142876,0.09616426648368116,-0.013089811777021365,-0.4668171365307322,0.26965706239701326,0.017073239831543876,0.08823434192057056,-0.04060654362289841,-1.4,4.3033556362216645
33,-12.5601720736674,-2.54467834716784,-8.16094182497106,-9.49209378630973,-5.75379751389758,-1.68260138536851,-2.76456789351157,3.72341368100168,1.40356804515818,7.66357439001102,16.3065138090677,6.13641231332703,4.10432440517608,0.349154672546083,2.64359878958993,2.32988483573115,0.797772968943046,-0.682422275367757,-1.53735239946968,-2.52431093730465,-1.88038613596573,-1.52647991595159,-0.265057881557655,1.45757417993768,4.33414430501046,2.43113398376007,-1.97239492854505,-1.98256847474882,0.236100508285612,3.42105533677333,6.14300217682978,8.09970191571947,20.33906526026,32.7777320882917,14.6691840698384,14.2122112169227,12.7566787157825,7.53232439839059,19.6178861838718,29.9932087827265,-6.7594401908391,-8.8036797523769,-7.79520912271557,-10.209809367658,-11.5469810881923,-17.5181610049662,-25.2558882961501,-14.102374597103,0.10483100778971671,-0.07719419240564934,0.2887487554420629,-0.0971968296629721,0.2355601051479496,-0.16425039918304762,0.08726977318074863,-0.5250624520149779,-0.23432953088605596,-0.39526263563685193,1.5043083401408366,0.050409455511070934,-0.07833690251711116,-0.05600636832607681,0.04719601677094392,-0.16069100616115972,-0.07034517220214107,0.03763418052078336,0.2527372076841618,-0.11266761329086668,-0.03701290470705399,0.20419928143480942,0.007478294463344928,0.0992753343895312,-0.4241862105735685,-1.0885170523949736,-0.24290042430526018,-0.1467565698033279,0.014280472097200824,-0.06602701197012316,0.08330397346319016,0.2754671795773037,0.04030609858863196,-0.08132395656493004,0.006380912956170044,-0.07125216709715038,-0.20549592874359704,0.23318880486035662,-0.029193668255565408,-0.1788006313838964,0.18575814427344636,-0.03408507680053147,0.2125485583232433,0.09437714322731558,-0.3245860087446626,-0.16843600936711228,0.1752232066799978,-0.04481859798971079,-0.3736111111111111,4.036894079495732
34,-13.503305690306,-11.1523994765915,-16.2755802863137,-16.9269867137492,-10.8356865938555,-4.30759944860243,-3.40324266859334,-0.226470446965073,0.118834524521389,6.12304728736142,6.13641231332703,58.3225878033206,7.25716199019526,4.48262358951576,0.0761716004410029,-2.73955413884828,-0.723807353193331,1.32369635652996,-6.98478157134495,-5.0075750723249,-4.83866525839826,-3.22195594604197,-2.34863353504663,-4.09066448932292,-3.03876582312293,-0.809252126455862,1.68103175647136,3.01431260803489,-0.190729301353981,-3.16048309064319,-8.62461206928566,1.61267395447624,1.29932751168336,0.520103890845702,4.73974322080449,-4.16191543607776,-9.66405504846903,-17.6506043706372,-24.0300927218991,-31.6133103633971,-33.2931501646589,-21.5311427305907,-20.6388922508203,-19.8677520826585,-16.5462552957296,-20.9489166875298,-27.9672920097012,-16.7146944649509,-0.007241595337141089,0.07188360164038025,0.016154895045975923,-0.08609149956988864,0.1793048836030444,0.13882036465508743,-0.08463033581406701,0.20675903530570608,-0.050633513718805256,-0.04837277388403301,0.05323539076989937,0.38599555598739405,-0.15306498108632272,0.012294993951886806,-0.023294713359433547,0.09474077281592848,0.03177397026261823,-0.16884887716308433,0.3164515484109706,0.01706187825391784,0.06410932977293096,-0.01914544944649066,0.29045759574205865,0.07448758572037854,-0.15202885635291358,-0.08634508218670614,-0.0944159185610979,-0.10546245689271286,-0.020962933326777275,-0.03729806774893017,0.3732048519518867,-0.2373899058569812,-0.05940526836748575,0.05263166023999773,-0.21747976658333865,-0.06731486793553264,0.09329164925995322,0.06467486609261366,-0.025327444191322136,0.02207559495319119,0.05125581286212912,-0.011468317268142627,0.07584265751727598,-0.016815292360454676,0.03457116380205565,-0.06580862156484571,-0.04341751294142427,0.043200305164828666,-0.8972222222222221,7.636267923751797
35,1.46914363495892,12.0618476661706,10.6307459801288,9.85191004802899,5.7628450290436,-0.61938080687785,-5.94881285852964,2.17534610401118,3.4880435327967,4.31442718192044,4.10432440517608,7.25716199019526,8.69505747126437,3.29651104450319,-7.36260537240095,-0.43798337935233,0.0238616687186791,0.346582617923707,-0.248076484667581,-2.34689986003242,-0.560460594206731,0.66376085812087,0.254272188159889,-0.277262839005966,2.41375915919913,1.00532397358485,0.347071468107874,1.06058171393911,1.20348223905888,0.368291368365849,-0.87740992976518,2.27795722476916,6.42914153796303,9.8439293743063,9.1543198057505,11.869498970166,14.4731287977584,16.4369884589786,14.5042176969773,11.1987800127467,5.18828898109217,8.86511464060395,10.5526018338897,11.4333454290904,12.1639215662505,8.72127812402351,11.1828578568091,-12.547668712467,-0.173721956522466,0.06697221788123002,-0.08199112159677505,0.07850727522301867,-0.049358970520661336,-0.013661865813770383,0.12757063895840956,-0.0933240798597618,-0.4106494411400533,-0.45909019947618185,-0.07372390102058922,-0.15526426549096997,2.2197544974741747,-0.05369009473184429,0.21191826428355165,0.2122563067719375,-0.025102417943943436,0.05891846348165138,-0.934051094537188,0.8379163451657456,0.04651960069950287,-0.24149359895063646,-0.16172147458211436,0.4127146555281241,-0.12699354764901474,-0.06101380933646769,0.15540291586361882,-0.0870447254108912,-0.20025529310437049,0.14622203969850747,0.08239957187793405,-0.284844020895626,-0.1810187059059316,-0.1742295665718732,-0.06354392744604635,0.27412984404241236,-0.15259429474493955,-0.28047353211395537,0.03432412948975793,0.17455815986669168,0.061326589437842444,0.043278015036363277,0.1903208668208743,0.022473595463247106,-0.06293477323722556,-0.16077519542415858,-0.1074792339660115,0.11669987241356362,-0.5666666666666667,2.947042156343266
36,-1.99810266242053,4.89200995202953,5.90103041233888,6.75812719597321,4.02268162472345,-0.872830157286793,-4.92371327987149,-0.683610703172533,-0.544324275877881,0.57465471820359,0.349154672546083,4.48262358951576,3.29651104450319,23.7860217113665,12.2214030746711,1.55920095642253,0.569188985644229,3.25803848846872,2.3749285070104,2.85626985724575,4.01706319353721,5.32732507860349,-1.77875602326635,-0.337137155352293,0.751060652075067,5.40554573793347,7.30682052848974,4.48726388706387,1.36770257017181,-0.364122011242026,0.215348592918099,1.22510824180018,2.39967143909398,-5.50827225888502,2.94326577928351,3.25700563493307,5.72961536616899,17.1405579907538,0.83963435780006,-12.5513095954906,3.51360344008851,-0.123722241001553,6.22440604163971,6.49139654585469,5.76712743568697,-0.558809207838602,-1.08403677031498,-12.2914086559717,0.0064959121300377206,-0.11593768752549748,0.19458909818278128,-0.13992378561560653,-0.10845694230144551,0.29035502724900697,-0.11869579930752418,-0.18242937379730323,0.23118205972072417,0.11905087267833747,-0.05602423306428222,0.01768748628904162,-0.04784884863064872,0.6562185219638446,-0.0843318901522013,-0.0409562974411772,0.21520645702936683,-0.16103852805090257,-0.07524626905868632,0.010569020761470324,-0.016720200301411702,-0.18112598286217627,0.013977182395755234,0.1150328546329308,0.2491667218556778,-0.27667210908616263,-0.3349242519300739,0.11566254496840139,0.25423779766289584,0.019376587083333292,0.001155423147160345,-0.08127339361031073,-0.4228218680766753,0.16713703786106057,-0.13065818778046884,0.11131615569447939,0.08464629012101722,-0.10595975509264856,-0.07717658044406665,0.12508070548410355,0.029128928079763878,-0.004937140663648483,-0.10008766496548455,0.2089353005440231,-0.016493262774710273,-0.08418472317931314,-0.048057541764063204,0.08151422364048887,-1.4722222222222223,4.876066212775061
37,-15.3962262202589,13.1558161250923,10.6580940373501,12.1878600738485,19.2720441583745,23.0916954682244,3.79308726747724,0.197619898571849,16.4987608318385,29.7680170792708,2.64359878958993,0.0761716004410029,-7.36260537240095,12.2214030746711,308.887913473819,7.48795176250222,1.3459702599631,-2.87036070671633,6.89043613962471,2.21329892539908,3.93977552710316,5.08096272444782,5.34412569902066,-0.224639543847813,2.26568899368281,-1.4631098892063,-4.81289950074812,-6.66863557094803,1.34435447558486,7.93604325417183,-12.0405324148454,-27.0428627881342,-0.0769157066348359,25.1733856441952,-30.3990370612122,-43.9673607783363,-50.1155782103757,-54.5735163354646,-98.9495973716636,-125.555586179851,-64.3799412751194,-59.6661381071505,-35.4006058581846,-8.57283156778356,12.7951962124288,125.023989612674,214.798195874784,343.38672156856,0.0003238996235692199,-0.01327810329813257,0.05264692829238541,0.0639947814609719,-0.06925842411208544,-0.12163436722466933,0.06999047936244068,0.176506388289573,-0.23053799536102013,-0.11960948882429945,0.0469780052419842,-0.0224222015102639,0.21123303547736605,-0.08368322502582966,0.15180163537002028,-0.009435991763412484,0.056172061802448395,0.08753746923064455,-0.09636476056040531,0.06807223293836825,0.04126789870781415,0.011332532686151987,-0.02984547687120715,-0.01664794228410081,-0.07454975677172383,-0.04509898057977986,0.03565592973924297,0.04334198041341921,-0.031009958423440214,-0.0693969283928496,0.01609405761465657,0.0031124455270219874,0.06545284284009373,-0.02904010023361188,-0.06224248677893614,0.07296400761593819,-0.011895965161708691,-0.06332831517529236,0.05054616231308042,-0.028900666125168936,0.0063552505936189845,0.08614288939191574,-0.0161989069570852,-0.05465783219707051,-0.03595918684911727,-0.016758042161932503,0.038082428584461814,-0.054718476033963605,4.263888888888888,17.57492285826082
38,-12.3011500939719,-8.6468686472988,-3.18750729420214,-2.4690641706252,-1.9858653820353,-2.72113103072645,-5.95252015865998,0.0838247970078337,-0.26083910422528,1.65495608466493,2.32988483573115,-2.73955413884828,-0.43798337935233,1.55920095642253,7.48795176250222,6.55173850574713,3.08510391728331,0.654013912244705,0.959823983253516,0.769917513983444,3.42967069764017,2.93334584066414,0.910600536773855,2.0491712080085,3.6768786250306,0.879494307969018,-3.50486591300072,-5.56026963796441,-3.33156977613288,-0.188484980104837,0.427380832014622,-1.27989675269474,0.906332668168476,2.62195272960735,-0.719871087634316,-3.88185727945154,-6.19259419155896,-8.18192305323231,-10.0853526843214,-13.1094033103709,-0.0407522211236238,-4.6536545751381,-2.09184112208797,0.224968882825791,4.03858061921296,2.92590118110045,3.6831789194496,-1.79009385940889,0.07921237792912454,0.10599291953319895,0.18857758407600722,-0.0913059232215452,-0.030258049766177925,0.031711849518605756,0.20678114149696125,-0.04067342716228914,0.23267243125823794,0.02089675996963155,-0.20365410416294522,0.11679368138307303,0.20419385406691623,-0.05209459042104457,-0.017977358822785356,2.571916109460027,-0.7840422307116971,0.5610354024989188,0.49129640978217526,0.17297437035699365,-0.4424023395136399,-0.2486604999380319,-0.0004554153735224056,-0.47636997541716347,-0.44721991743749556,0.009075306012168735,0.337418165878562,0.16473354449833458,-0.029922578065147653,-0.36034329427563316,-0.00893913565938066,-0.33285293469165156,-0.24328093446995236,0.1187787566363092,0.07372588770872475,-0.17447961982633853,-0.04615346805508776,-0.1495459814648547,0.11591980145464609,0.2087143857422639,-0.253404069680755,0.023854116868563136,0.16353818478936086,0.21493738275960358,-0.02760943723296632,-0.7205704565846687,0.3581992238855744,0.01773407656237053,-1.8083333333333333,2.557682252694249
39,-6.94729372440875,-4.35650209104332,-2.21163861198805,-1.47656474631551,-1.48363005115766,-2.05962162924133,-3.04553254550853,-0.104825439711488,-0.432188355636484,0.983675906993537,0.797772968943046,-0.723807353193331,0.0238616687186791,0.569188985644229,1.3459702599631,3.08510391728331,2.53041227650064,2.26227661235496,1.84374599821254,0.09685153587931,0.678071196803091,1.06861192797571,0.56294513697762,1.58346785682425,2.11090774465618,0.419215326737537,-2.15679715040651,-3.73061712702694,-2.63287403779484,-0.418277699958974,-0.129780729196945,-1.57338571627934,-2.56244578383523,-3.84682015193849,-4.0359838616323,-6.62455330047144,-8.97473215053571,-11.4464034047204,-12.8017325098502,-15.7904957520458,-4.26648235762742,-5.98279413849702,-4.47826188607857,-1.25113401668217,1.39762585112314,0.430358397176161,-0.965924283659786,-2.63625936055492,0.007519091993602211,0.1807412125269195,0.0352810766446026,-0.024731839516543477,-0.06755439041262024,-0.15335288920199572,0.2349781520414064,0.05118131475536842,0.08036007423562941,-0.14591603256136038,-0.11667160169387855,0.03538152676280994,-0.027881768383514215,0.22135538032308963,0.05315821201528972,-0.8018735405189684,4.561566716115233,-1.2744180248839576,-0.14396612129578218,0.18681618712981446,0.007999790767551975,-0.056045558242422015,-0.280706197735067,-0.09639371400967386,-0.04724853540894317,-0.04680144884083022,0.03755827300969465,0.21811469335553982,0.03966631513819901,-0.2813726493719173,-0.022198923278668757,-0.03487295303906056,-0.15570496680678222,0.09916298926900616,-0.026845935691571902,-0.13432842305950124,0.018129470659108582,0.04022144938992865,-0.06727752124086384,0.16809910681724669,-0.2193163791145974,0.2435323276679305,0.17805830225779287,-0.1974498634959612,-0.17347110975895813,-0.25217839360608807,0.2738668363360009,-0.0775907263244254,-2.5847222222222217,1.5875806362199807
40,-2.90662568651334,-0.484586789411975,-2.37125995001733,-2.0418150585684,-2.42117887809232,-2.62897168702338,-1.10238550984156,-0.581953729131034,-0.980444129566826,0.118733871230861,-0.682422275367757,1.32369635652996,0.346582617923707,3.25803848846872,-2.87036070671633,0.654013912244705,2.26227661235496,4.73506385696041,3.65980469677419,0.201804189784755,-0.958356532451862,0.902965266902841,0.0068890323575357,2.41180369493255,1.37889887630105,0.928382683986114,-0.126570536780293,-1.72647913844198,-1.73898950606094,-0.0254941755588321,0.394889588265822,-1.27740482176186,-6.05133499763981,-12.5011765149154,-8.66396060753722,-11.0375184771668,-13.5028067155853,-14.5408762767725,-17.0171232216305,-21.770472334794,-10.4658015939692,-10.5096937139698,-8.87391376238867,-4.50617231694743,-3.17648748358819,-4.76762176063018,-8.53352500102274,-6.9005502546163,-0.09063314156889615,0.039849980339276336,0.07873634033124062,-0.048513306698681195,-0.005011295680320581,-0.04113174755388038,0.12484424562790086,0.34633065103582633,0.2408083004010628,-0.10780174916174201,0.05920388958036429,-0.16089706425032066,0.0075586611380702405,-0.14503414915277713,0.07772731758057788,0.5544469418113298,-1.3056479287717355,2.3645379988446504,-0.37591564784625264,0.04791631342102426,0.38600158528820494,-0.108174724876929,-0.271414213176893,-0.3764514138140323,0.1461127443471681,-0.2979363911105516,-0.21793208921551405,0.3380272968663114,0.3351801091849343,-0.11232585307056712,-0.21907235619331877,0.09002706812228167,-0.004091563634535893,0.1354770359454617,-0.021762046884218077,-0.11139338671585557,0.21502091425551362,0.08655143947746538,-0.5866587299848623,0.2556797919755099,0.03339043589249794,0.2977321546776148,0.047509048899382546,-0.3991117352874857,-0.11430106763522178,0.06738770001306456,0.1423040962996784,-0.16688066972974172,-3.077777777777778,2.1737212003751556
41,-4.97433961302219,-1.72998018907381,-5.87353309457484,-6.65834888996427,-5.73110486231339,-3.45824121351231,-2.02549857383991,-0.67254099684621,-0.0002575658673227,1.22236115409904,-1.53735239946968,-6.98478157134495,-0.248076484667581,2.3749285070104,6.89043613962471,0.959823983253516,1.84374599821254,3.65980469677419,7.5536242816092,2.05659158452542,-0.202728869377682,1.69680499836495,0.337903506697396,3.21249298962136,3.80575166212352,0.538970627193479,-2.51266467952966,-4.63667893478247,-2.58311024881009,0.508023652581109,0.67490155266802,-3.05930714384017,-7.04208107757218,-13.3523707751046,-14.6278591065661,-17.1978847687593,-20.2928769801161,-20.0208352680558,-22.7596150698523,-28.9826442762961,-15.8364522664842,-15.2843175256583,-13.2129807823189,-10.2489430220051,-9.20310687588784,-7.90414542544964,-9.32861813575868,-3.54443154648801,0.10279522984144686,-0.01808485299638441,0.10742224816564315,-0.005688400997404036,0.2006452961163326,-0.0397121115265734,-0.0025879938388401725,-0.010277283792703226,-0.29448509805892215,0.3692685848508316,0.2334339125814859,0.31274403525588884,-0.9235508006476687,-0.08680594772933628,-0.09374765180752301,0.5139691358304699,-0.16635988041138083,-0.38869754947378754,2.0195390911980806,-0.6897895184449745,0.24784291845996353,0.040398710407730264,-0.15090849587015048,-0.11562240351142507,-0.757033367142343,-0.008180946067235555,0.09821457174065243,0.02653647213959211,0.11335141591106057,-0.023472054232624464,0.026026315655728594,-0.21900003968627527,-0.14786598646698065,0.20523993424881973,-0.11774695618273212,0.024414613149203797,0.17594687162465272,0.0016516779155136753,-0.06833357035390472,0.04475998688104166,-0.03572064079437085,-0.026264685740785054,-0.0006172542308301502,-0.18276847387553413,0.15598979930740986,-0.15008677479096091,0.18299316382488925,-0.09323344984416584,-2.1708333333333334,2.7465659070208375
42,68.6672427039056,-5.50242698333291,4.84051073314609,5.63828331758495,12.8132598645227,10.3544834076144,-0.740721758004701,-0.0538233801780381,0.413625577483812,2.83998174542806,-2.52431093730465,-5.0075750723249,-2.34689986003242,2.85626985724575,2.21329892539908,0.769917513983444,0.09685153587931,0.201804189784755,2.05659158452542,30.3091379310345,22.9473005398825,12.5189065707931,0.666173556620529,-0.553675552192359,3.36529026118309,1.44535498381277,1.46802772126296,-0.574976452915865,-0.665220545773518,-0.22375971066588,-4.69189162837389,-8.16749729780988,-6.77483076980288,-7.95480105891263,-4.65778351117188,-12.8344790671581,-20.2183392001038,-23.8626077362525,-33.7550178958717,-45.7374155935101,-26.5069833276512,-19.7323181702125,-13.3288853737028,-6.87372644477017,-4.50994764275515,-8.13960360607317,-9.82872543307071,-14.3112651845047,-0.193170400055357,0.06920458710042397,0.21723756081317463,-0.23786311439467311,0.10258648307575907,0.020999013107050418,0.09524104685145941,-0.1059833207723249,-0.13624308511700528,-0.23496744580420298,-0.10820647159004826,0.03532423947719947,0.8323993394559374,0.01180012239040001,0.06983742682869724,0.15283254532448837,0.2255979199075778,0.04771435022638911,-0.6705297516539684,1.4385655354526254,-0.904862698789239,0.20922451021895574,0.336477891947769,0.05486273844806404,-0.04886638797277122,0.30240300561075334,-0.14179012467313806,-0.17350479131023813,0.24252974129823598,0.14475111308389726,0.22442880227228942,0.026477567522728247,-0.22775704804253674,0.0544092163576095,-0.06684682582715536,-0.13821589913899524,0.18080380601848808,-0.05405425954859962,-0.09094734084067932,0.05112982628620773,0.07513314691853154,0.2655747354832973,-0.022084986292374095,-0.22979407857709128,0.053213628374916166,0.02378755032180476,-0.10062808639909923,0.053559928852209754,-0.55,5.504465272034559
43,45.6395330811012,-1.13661147523716,19.6409752966922,16.3216785762095,17.7209760541706,13.0075592078542,3.64511117142417,-1.39744448828771,1.79629556299755,3.95321545115761,-1.88038613596573,-4.83866525839826,-0.560460594206731,4.01706319353721,3.93977552710316,3.42967069764017,0.678071196803091,-0.958356532451862,-0.202728869377682,22.9473005398825,27.3680858876118,18.0528544294113,6.42365642502379,1.67188503186219,3.79351326297167,3.82676980173998,3.28901721135586,2.03845848529819,1.97679492038631,0.831831535379922,-1.74837697029707,-3.17845376475356,0.742896063204999,2.21023009836638,1.93856137376263,-7.69398467781114,-16.8403143173622,-20.8550494996132,-29.8273605522814,-40.2242458993299,-22.9117342240063,-17.3589807768763,-10.9996771644435,-4.91468383995013,-2.18155646039421,-7.14017204640576,-4.65424276172844,-3.0082440906954,-0.1268772234593328,0.44340980334881047,-0.635407885332435,0.17400260474583926,0.19124253784154663,-0.017646978397079342,-0.017280967249516724,0.1812116800349235,-0.027996899094096,-0.16540783235398554,-0.04671068488190299,0.06464616119554327,0.05799014700119218,-0.019793442752831326,0.04396288617046036,-0.4169752449842434,0.022072625739321537,0.37286564147442264,0.29983171580235723,-0.9340882672818125,2.708708486846941,-1.4880431979600532,-0.5852126600926827,0.40342147364922915,-0.06489190551027,-0.26087552595657915,-0.03598731796615786,0.010106976218487267,-0.1605665697267199,-0.09757950403826937,-0.0187359678412782,-0.03624862671715569,-0.05067692572158443,0.05482324679855444,-0.27216207615437105,0.04785420831691977,0.1497670392733361,-0.03515294294899279,0.051294013713749614,-0.0009238711183628986,-0.010559571296889097,0.03931151300347616,-0.03781566471728461,-0.1250522632399901,0.11111393791338207,0.09098993319624321,-0.08416595789780064,0.002552650213387912,-0.46388888888888885,5.230495759257601
