,Cov_0,Cov_1,Cov_2,Cov_3,Cov_4,Cov_5,Cov_6,Cov_7,Cov_8,Cov_9,Cov_10,Cov_11,Cov_12,Cov_13,Cov_14,Cov_15,Cov_16,Cov_18,Cov_19,Cov_37,Cov_38,Cov_39,Cov_40,Cov_41,Cov_42,Cov_43,Cov_44,Cov_45,Cov_46,Cov_47,Cov_48,Cov_49,Cov_50,Cov_51,Cov_52,Cov_53,Cov_54,Cov_55,Cov_56,Cov_57,Cov_58,Cov_59,Cov_60,Cov_61,Cov_62,Cov_63,Cov_64,Cov_65,Cov_66,Cov_67,Cov_68,Cov_69,Cov_70,Cov_71,C_0,C_1,C_2,C_3,C_4,C_5,C_6,C_7,C_8,C_9,C_10,C_11,C_12,C_13,C_14,C_15,C_16,C_18,C_19,C_37,C_38,C_39,C_40,C_41,C_42,C_43,C_44,C_45,C_46,C_47,C_48,C_49,C_50,C_51,C_52,C_53,C_54,C_55,C_56,C_57,C_58,C_59,C_60,C_61,C_62,C_63,C_64,C_65,C_66,C_67,C_68,C_69,C_70,C_71,Mean,Std
0,69.1508196839081,55.4092300435718,27.5775304469363,34.4422885084335,26.4177603881765,39.6787841824101,40.2498380617127,24.1805760218969,11.2148969575782,12.7279883220913,16.510410595022,14.4209815350466,15.8816225089637,2.42161652919334,13.6812634976583,20.3670358081117,16.6555155518256,12.9319854999809,0.586386594636366,-7.93408888269103,2.57949409231691,-2.80106654400121,0.636688612228934,2.13750362353512,1.00320461559443,0.432938892854668,3.47407742334407,0.791324721851716,2.14153204235396,2.21465833647568,2.68778938593294,11.6242825382456,19.7955834071908,33.9483736348425,19.2738733650341,9.6980301903452,1.25284547140875,10.9067349622512,14.0998984960359,23.9481284090767,26.6537900759681,5.67129000821558,-16.4206379853576,-10.8900621290415,-0.170653576904521,7.4701900570888,-0.68762409107908,6.42419160759366,11.1173232424649,22.4383303071626,27.9670714636235,17.1401043301883,15.2459990148742,21.9931059580923,1.647930289582511,-0.7915640460341796,0.16419947462984474,-0.27978062284095867,0.09459405531341199,0.15375616585211627,-0.4989377891851818,0.26382995392256253,0.04525209615585401,-0.1550306581232779,-0.00041672942289908794,-0.23773419954786917,-0.14873978211006111,0.3319357742403029,-0.17717176874291155,-0.09725692957959259,-0.058019883501202206,-0.0025446696008601553,0.17780539035074727,0.21679253117125213,-0.01658360003923557,0.3685329319428956,0.41754375289445556,-0.025709036831564686,0.1909829423083396,-0.07813751506419696,-0.03312597881971767,0.17412905981208104,-0.08835319073076092,0.19549604827920214,0.28911910239499694,-0.45242826877980646,-0.09505135758293261,-0.3308335124386939,-0.054660113971213724,-0.10187450473405142,0.5386723083285507,-0.18291448900238286,0.09347563020258903,-0.0444909681822854,-0.11657384378834178,-0.13539029397345215,0.018295539250224306,0.04787115503864055,0.009102745764938441,-0.5384127950242253,0.10372017721434981,0.16889034972550943,-0.0885242832732953,-0.31774219682855037,-0.18897168318413785,0.03115974415909062,-0.051619995380141045,0.11977454746162854,0.939166666666667,8.31509589144395
1,55.4092300435718,63.5313295019157,31.1128207167565,30.3002144733945,28.6992985717891,38.8417668024415,28.5579245622637,19.1912742489851,8.25102129405935,5.13610413162121,11.7938620902442,12.7507074875354,9.01991696716895,-5.77877432291496,0.542146684706985,2.13036463886664,2.19059327755546,3.19961622893777,-4.88401777533961,-9.76220179477124,4.66524807677408,-6.41134542953298,-7.44525743625165,-1.22421914982744,-2.39019022858031,-2.99687852564355,2.76805140607645,-2.90069664727629,-0.208570011608866,0.469919774696888,1.61682630688199,3.9488859466926,8.38681787146273,22.3626504155597,3.94992452783108,-10.0499294426798,1.74255153532896,14.5303279925155,27.8957130789162,29.1581910832206,27.926166968545,-1.66990197821947,-28.0674178198307,-9.47462784501739,-0.871576134413747,2.58262410820742,-8.0360215610686,-3.49188746846335,-4.30652928385482,0.0850908682765632,12.7478295626233,4.89867031203324,5.79076788229588,13.0499053739284,-0.8002860840875026,1.6912485301137394,-0.40914837418139943,-0.013204011777147128,-0.26444570004017987,-0.3874959942681755,0.3945269386129206,-0.22043269906935783,-0.352044181690023,0.047438127890107776,0.2648212288676939,-0.07354148243850471,-0.12135979598143362,-0.03596893470730575,0.09978178780239326,-0.04105050848624745,0.06188003807270375,0.0780377474881419,0.09089788184197663,0.19384853281031308,-0.5200166062437475,0.22713385213389195,-0.022650247223286964,0.1908158462938587,0.058334128300812194,0.23638451708506786,0.06659912574891796,0.017215357724072157,0.2025049451811199,0.04338592052752471,-0.26417420053936,0.010821090505132571,0.1030712826419204,-0.3411841902668421,-0.02812056695479625,0.10928214438422522,0.029684140540901623,-0.12337773611130397,-0.2719445280480941,0.03852645355258201,-0.07520871784620362,0.18441211816008318,0.014430428605603361,-0.18069269426490814,0.2927522320207711,0.004428447194765501,-0.10091369400049127,-0.06607954856771972,0.4178657923955719,-0.06675080864133352,-0.21630705061540054,0.46519632650958437,0.31111733896431126,-0.3230845211075371,0.013333333333333286,7.970026944867609
2,27.5775304469363,31.1128207167565,42.2507685983397,31.9505000108745,16.0592547213726,37.1207871197451,38.105953447129,26.173200577705,7.90575843867782,4.33006862762442,15.9209311155893,14.0000980349259,10.1618790222799,3.76667216867297,5.832373417642,-1.05197294693808,-0.207602818396745,0.976077208576458,-3.26297029936841,-4.44448545191037,-1.10527565135162,-2.95049017492227,-1.28233246356662,0.58770150394667,6.78089459601216,1.96573553339627,9.14036058525901,-1.93606524766877,-1.10290403822172,1.90605719962063,2.34312810492188,-5.63250390602584,8.50321732589518,7.3917674369929,-8.648351995594,-19.8732616812528,2.3434739927562,6.02189486227674,20.7277355311969,22.3701946011681,17.8824369251774,3.69030987343561,-8.04927294590787,-7.83335518595456,9.66720054040717,2.23089117172931,-7.56299704807786,-2.3034527111061,5.46405558206042,11.6907667296136,9.93370828338825,12.8014687811189,10.0270247913132,15.9082323554248,0.1625682926907933,-0.4127105478500653,1.5575524322785441,-0.4784002561637891,0.06295739149028812,-0.035989744635625626,-0.35510892363742774,-0.3031185347962611,0.25707823334992835,0.3530945785854996,-0.15378568756360692,0.004912385478266143,0.1396369804012973,-0.3111904067904094,-0.3946622628932424,0.26429748404367925,0.18341488230778463,0.1095566683488742,0.18202600942558503,0.06313168758326032,-0.014500345888758178,0.10984895561291669,-0.38377061484845537,0.10466868815581304,0.011239511851770632,-0.008932241004556623,-0.167576686310748,0.3664512801266371,0.018600973097724634,-0.031998353744612816,-0.22070712330510936,0.20825847555475105,0.09769764902748854,0.04495219796155377,0.06258074957023899,-0.02471016234722228,-0.3879068340671339,0.48342320636028246,-0.13319722610949555,-0.005479988611028913,0.0663598547559423,-0.20562038390708387,0.09929813747507732,0.16925174188230585,-0.14616991257895728,-0.14215106252172385,0.3238710757959974,0.08428341540173606,-0.08652054965613365,0.07261245826169384,-0.05934172480374713,0.2947775557249043,-0.2358363003189815,-0.4127703377238042,1.4052777777777776,6.499289853387039
3,34.4422885084335,30.3002144733945,31.9505000108745,44.7180858876117,28.1068538893412,34.863324273124,35.9228871683703,21.547314136965,3.26084421972401,3.22516535959954,6.6154290453165,4.80944290012881,10.7395009976853,10.3491176520441,21.7546727575744,25.9147267419535,20.3035353939048,14.1111832975758,4.9311917741659,-2.23373422474491,2.83234936982874,5.74223467442813,0.0566696004452844,3.31255170109068,8.0468188248584,2.1424609461174,4.70940497280731,7.1146992572596,5.19005192539911,6.67794326448274,3.37154509647523,-4.97949483962272,16.7994851629634,17.8211244951126,11.0964306033878,6.73424110086037,8.33871131515181,16.8451205962632,30.6612925517661,36.2890447606518,22.2042869104091,15.6128290268451,5.69342465490687,1.65221309549792,9.77249511661709,11.4991801331141,-1.68648328416476,-3.56283568873822,-3.72995075175585,7.57876601864369,14.7774614002545,22.8636289647616,18.1362421778195,16.6073698706063,-0.28261879918365057,-0.012542095314557676,-0.47645027255535766,1.93061599471001,0.015182331419224456,-0.1963245588924589,-0.57635999425617,0.14913605421764026,0.44237560063058445,0.2727266892861961,0.024290692665948334,0.054363436947176734,-0.09880515856411463,0.1399147931307181,0.056413093702629494,-0.3569671353702918,-0.14728910520477392,0.004384074079875126,0.09515030117606549,0.0900314544752706,0.17334090860142476,-0.3753797861236074,0.09769001568381926,-0.04562550636897653,-0.5456353061797935,-0.15933080116306547,-0.1412531346096667,-0.18102321170519559,0.001140161244281849,-0.1867796742940369,-0.0015318733323103906,0.400973563061068,0.1199323249930233,-0.08348831656269991,-0.017852415271561357,-0.0907468463577087,0.3823418737723141,-0.2030568228709299,-0.4960170114951667,0.47131477901187335,0.008200671652415536,-0.07507494138327489,0.1285955670251327,0.19469608000976563,-0.12720937201257437,0.01888099086422096,-0.2399197319335752,0.08426716610277804,0.4381650806673971,0.1565594276831866,-0.04370766136424804,-0.3932366278730347,-0.09466790150836303,-0.2114053689902304,0.5805555555555553,6.68641053836898
4,26.4177603881765,28.6992985717891,16.0592547213726,28.1068538893412,57.0785569324713,36.6780151169423,18.6806710117527,13.3556782897141,2.15765300768623,13.5269702515895,6.96869022152586,6.22249224256397,15.1431342316136,17.3344565834415,31.3620384160662,36.9179064048356,30.1675191210111,21.9697461465377,10.0111868903359,-0.770250539271483,1.05628185928308,7.97080105572117,-8.11718967313972,-2.36051838161327,-3.1191278371884,-5.42235515141661,-0.631615180618589,8.70144908912078,11.5363610220593,14.6983869449222,11.0698141360727,8.29944896597098,26.6515428422993,21.6763343742116,21.084751161657,20.574997357558,17.0170473416675,14.1904816609752,24.0576198909601,25.7091540388102,16.6329509760182,4.77810697791685,-10.6091912907778,5.92261097555938,11.3963602801406,13.5785738558233,1.51804324502081,3.79576491718858,-0.344543560487273,-3.69626385779242,3.73546883367073,17.8242959105009,22.1558822925817,18.5533436261162,0.09202959640467033,-0.26430193820277553,0.06337037257121082,0.015328039078576966,1.3745248712371407,-0.7488820326866514,0.3598956376216638,-0.05645247883189135,0.1555244215765285,-0.2477394555252389,0.05930740347621255,0.059683391801958634,0.09932663662709083,0.19226972275435228,-0.017287595862196282,-0.08769843009308774,-0.3107654329741246,-0.07004205746118294,0.1237925243926015,0.0724552474452151,-0.12963934178436354,-0.19126969232885382,0.2281570766482282,0.25056951278688266,0.49808351972131787,0.016941262937928397,-0.15212089891173114,-0.3240388556045874,-0.037059107512111986,-0.14361941953451612,-0.024198843789883146,0.06752025151544157,-0.37399015559573134,-0.15724842217431562,0.02523258548490422,0.16240569190582868,-0.4996975658884779,0.1383207080032236,-0.2217222172692583,0.2996141977802985,0.167524797382894,-0.18109382833020526,0.19072350718882397,-0.012676364679749592,-0.2560085394649878,-0.4354507899044742,0.2188719379043857,-0.03610928137480062,-0.16139451587344275,0.22833072204008933,-0.05747449310866713,-0.25710190655909126,-0.13153453303639892,0.26446268353550617,-0.022916666666666665,7.554373364645891
5,39.6787841824101,38.8417668024415,37.1207871197451,34.863324273124,36.6780151169423,65.6334218550447,59.2792231267972,38.0702155273912,13.789584647138,15.5760407440263,23.2292848099426,19.4073152869602,18.8764535723966,13.5305513306005,22.5086841492201,21.3809536499677,21.5929524678344,20.6047719435522,11.2735890133981,2.53663751541047,1.85021323069378,-3.96880212230504,-4.07960988747142,0.355016539020048,3.73436612380637,1.38616715846151,1.42725019559172,-3.36364496513624,2.86518444440689,4.93983431890155,3.44022857595722,-0.594596033023371,13.2238371348759,14.825783497915,1.32834774723484,-9.71449234099997,20.0992901608929,22.7702816440189,31.1110079270056,37.9960426731509,28.3232427296705,2.40154539934436,-6.74918308560714,-9.12532709208461,16.5233430114036,2.92102656853462,5.1804239496161,17.234248367777,21.9100082607627,31.3439463612441,19.1997319302367,23.3712236496613,15.0970434102032,21.5643002162524,0.1640788258757574,-0.3913652020877695,-0.0423878727412634,-0.19171441482185173,-0.7539081762484946,1.9856797515074476,-0.4320073317312043,-0.020417786114459456,0.17562845246540243,-0.0943820885378314,-0.1465574379358114,-0.20308717396779716,-0.3410536814533212,-0.21471978884516693,0.13596979822767435,0.10417012790090363,-0.037901162804314555,-0.12989919331260794,-0.3350966204710811,-0.06495735029547568,0.1833704967611244,0.24684608134998126,0.26161285710866516,-0.4683318967229685,-0.032451094384937464,0.03147897885535408,0.27528642423284216,0.040719982256189835,0.5380723338835111,0.038572372213240065,-0.05406631830009946,0.08441665346523912,-0.20051055888638444,-0.09345530723462865,0.13310792218756998,0.21538312806463575,-0.22004871477354482,0.29165192834061404,-0.07250468388354854,-0.3213511753918296,-0.08181454562944158,0.11334197989575792,-0.046588272246627045,0.19091009565209066,-0.37449420979258125,0.37844853377418136,-0.2861607975328871,-0.06290730468668436,0.025303855858622708,-0.1776857846558239,-0.1902629619467519,-0.16284829804440254,0.3550282630438559,-0.02472618205453739,-0.05527777777777772,8.10082846720289
6,40.2498380617127,28.5579245622637,38.105953447129,35.9228871683703,18.6806710117527,59.2792231267972,76.9461799812864,52.1832684228997,24.6679807103945,12.9609259305915,31.3731627245062,19.6060153938374,13.5305996664435,6.73288837867928,15.4439022359408,13.9852188040171,16.7290052291747,17.889431457065,11.0194806350444,4.68966037520998,5.03123908102302,-3.03944533554582,0.583874844153192,1.8858055328445,10.1774935714699,9.69152016359239,7.40018819364187,-2.1442755353227,1.26866487009445,0.980431441315605,-2.20593734280361,-8.01427274590387,9.48794263537391,19.2324668789398,3.28463445557185,-11.2054250176513,18.0893382147778,22.7808449510038,23.8937159766964,36.51667674094,21.1028406748371,1.92497344901885,-4.43468341991746,-12.6179901444443,12.7780199708535,2.93337614481504,10.9011300768871,24.2958811217141,33.5112437925631,44.985753563673,23.6828828722325,28.072153441481,14.8048471488995,17.4817873409172,-0.49630367723662416,0.3962184468613528,-0.35776305892532567,-0.5697651858537502,0.3625318267417885,-0.431286848993805,2.0190868328200753,-0.9771662373227644,0.13523894083091859,0.05059697871572529,-0.2666485099420435,0.2464841428429066,-0.17795113448872343,-0.0204176975942493,-0.16336409477514155,0.16713634997204982,0.04437241918225891,0.18012069627991992,-0.23162742305371475,-0.3173140882625802,-0.0694839608899523,-0.0768109568766082,0.5623940861011885,0.05769562766918274,-0.029995076512005597,-0.09087445811613702,-0.05812320711495799,-0.013543760178299174,0.001053051796307853,0.22103985836329373,0.20071036071954548,-0.09652574541020958,-0.12046411835652288,0.06818868793887856,-0.20553396307075472,0.15236998504333074,-0.19236159128720157,-0.15450896115337379,0.14358656051837085,-0.28118513765856457,0.12592686461970876,0.08372692633281431,0.02748984419978147,0.09591083351261968,-0.045330486874176464,0.0515962235961477,-0.17300842375324627,-0.12158621769967137,-0.33575711309815715,-0.05071394034355221,-0.1281594247333548,-0.05464496846854032,-0.016949114811358204,0.2689441252009158,1.3007870370370374,8.77132715051071
7,24.1805760218969,19.1912742489851,26.173200577705,21.547314136965,13.3556782897141,38.0702155273912,52.1832684228997,45.0470078662798,28.61688703139,12.680048038585,27.4739530350391,17.1425980588944,11.8967069462218,7.37029629783525,13.5103806143505,12.2851740902572,12.8077123578714,13.0605987846164,7.95078676891306,3.5154734727175,4.30179915166064,-0.514042222569773,2.57139640448918,5.07950070201874,8.73284352711676,10.4782372638675,14.4391326306917,2.04971882447241,6.25948494076106,3.00056500599626,-3.63152500647567,-5.55866973876164,13.4934520414822,16.3231687985244,3.88510609078345,-8.56324750525611,11.7170404738367,14.4710813360571,13.2649219152738,27.4836598545741,9.35861729269731,0.882019114495438,-0.333092075834214,-5.73551964847858,14.5778214115388,3.19311032559911,4.79475630164948,9.18948991893189,13.5889623709137,23.0252801378075,6.75834865562379,14.0012983055168,7.34671310791863,12.6725946242098,0.2588649247875013,-0.22807342009544404,-0.3076588811232837,0.1560682070047032,-0.06043976770285145,-0.02126671005153608,-0.9762341262598365,2.3858547281945857,-1.275970084516484,0.019246553522969365,0.05051112426918179,0.1742322532666225,0.08179554674791933,-0.0370803166539721,-0.20474400314943642,-0.03256049589049554,-0.003728964196368357,-0.001729803636943761,0.1101877772204991,0.312291428754467,-0.03691084585650165,0.013801112002633113,-0.2292812334599934,0.4884462158087893,0.005966609878854012,0.0654860098646265,-0.2591358723495825,-0.32513191214322584,-0.0032638157320835177,0.2048892817218695,0.20690206533536473,0.06365187530009893,-0.13503642560814133,-0.09185972081650838,-0.07841468495431059,0.12376467964098209,-0.1377138574459251,-0.2376732275577913,0.260683606644947,-0.08917714507865747,0.040816975361433645,0.054274822673503656,0.004231858696806304,0.11538874853381595,-0.19118224155037597,0.1828563681812728,0.023767853191815642,0.07841893080964629,0.002642935568651111,-0.07452420312885995,0.2284778863010193,-0.3746934108876921,0.1699589693799925,0.007515652447240994,1.9388624338624338,6.710961769096867
8,11.2148969575782,8.25102129405935,7.90575843867782,3.26084421972401,2.15765300768623,13.789584647138,24.6679807103945,28.61688703139,29.6821746327229,15.2503602446196,25.3932761889769,15.5535244731049,15.7414718969472,8.32777586172984,10.5658070334704,9.82094954670112,8.38527511297469,8.01773929385003,4.94654991732842,2.71359665276154,5.44897433807155,1.48445535536949,3.50054312958722,6.64361390567877,5.64220463642444,6.9347488828203,9.02752968138043,3.22585886040754,9.37100205426256,4.28982558503907,-4.61927569407899,-1.99238303559467,7.40605688245122,6.60738941526351,0.150809999318121,-8.65849994228877,4.87577918955316,8.23818644183835,1.87696309533741,10.0084041427421,-0.431504076693139,1.24460244724308,4.66792877454608,1.60920401110267,8.60261560313093,7.57544109394372,7.10899967973004,6.87924320654663,7.2736799232752,10.7891516736296,-3.93870028175168,2.26270957272728,5.9382122439785,13.0299700441037,0.049648333301261637,-0.34914127169686127,0.2538353464927646,0.4352235646990803,0.16560586011378006,0.1686059640187858,0.13612912416177103,-1.2716037453826965,2.282830356048652,0.09315961737290322,-0.8166730608890972,-0.29756411576943753,-0.027638426848433456,0.03702142400416261,0.2267853083737331,-0.25194740799698345,-0.04806704945730441,-0.1735621334840792,-0.019091474930044493,0.04919536350249903,-0.3444281922827383,0.1389026946774516,-0.034118078983099515,-0.15135766107908266,-0.015557024802419854,-0.10740804561670465,-0.1447429798345866,-0.37381760593239977,-0.038303307530864486,0.016146283295513257,0.17774009624753398,-0.010571535213422073,0.030992976321927046,0.025759567633302047,0.13020830238280307,-0.028093846265381195,0.009256251218161836,0.10440522343160855,-0.06255410491709147,0.09061465480819965,-0.06820452812297206,0.11752850671261302,-0.127417151689457,0.07748675494285938,0.22938766483049816,-0.30219449963239675,-0.1533977986934271,0.03684680700779962,0.06971167507970064,0.07963737730694741,0.35165952384077953,-0.32237514224442665,0.1589589941977605,-0.2618367465137792,2.590985449735449,5.447217145728902
9,12.7279883220913,5.13610413162121,4.33006862762442,3.22516535959954,13.5269702515895,15.5760407440263,12.9609259305915,12.680048038585,15.2503602446196,38.0085645558032,25.2570056129397,19.1648951700581,25.3670651890571,20.7973788152567,24.7151984462986,26.050058383915,20.5661755970187,15.8428930149204,9.10252533915377,3.85567364383803,-2.96422308611454,8.30857592092704,5.53175147565065,1.38385323244424,1.48030589228988,-4.2251086887681,1.71897286278021,1.32187454129403,8.0763088105017,6.55352423105957,-1.07796135686348,3.18542867950845,13.5427878331031,9.39609440915818,10.5451615851132,8.22490893000243,5.83433574995347,5.692290328356,1.0957988635133,4.84621779583452,-0.839949846065085,2.37425384082693,3.87058198924035,6.43822732435505,7.37001537096601,5.89217016515039,6.98081480243317,12.3717433479749,13.0726029859227,18.6899960159652,2.51351886551775,4.24946442918438,24.0361776773941,30.6190525643978,-0.15920984853740186,0.04448674027841883,0.3511552690664319,0.2687292103880881,-0.2512939073200064,-0.0941792038426835,0.04943080397888196,0.0195437342019391,0.09609285655532847,1.3395323052014314,-0.4759266859718301,-0.12933527866955477,-0.3169899848429268,-0.24028234469304965,-0.12184915835206218,-0.26363075721915585,0.05546445467109817,0.258509154014442,0.3358524312022435,0.12965399094670696,0.3544588765295074,0.11735276070057574,-0.36634121375954537,0.029649911910478798,-0.05500061905087346,0.24832503942453032,-0.33165177037658866,0.23310236443654417,0.1975614546123638,0.28632706900282684,0.15564437043410068,0.11654183310010195,-0.04167163370196936,0.03259532580729366,-0.07045811899250624,-0.012036444438802703,0.11310430462219681,-0.3575543907649923,-0.20479091629994042,-0.1357401348889181,0.5175880259912226,0.022245502347587282,-0.011273047464502401,0.10384713980551487,-0.053625401597845346,0.24199886278405103,-0.014799077425623098,-0.09726188457443144,-0.040589973433894526,0.033041879680397734,-0.08567484935700964,0.2048971141734396,-0.4655333927372795,-0.08226399830168607,1.4838492063492064,6.164297571970644
10,16.510410595022,11.7938620902442,15.9209311155893,6.6154290453165,6.96869022152586,23.2292848099426,31.3731627245062,27.4739530350391,25.3932761889769,25.2570056129397,45.1066406795716,22.4598656710282,20.2853071700244,8.858793908016,10.5222486727389,7.40346827867858,9.29758994086,12.0457691627417,6.83752297743589,4.45815277237962,-3.13058794928691,6.04953036517074,-1.91650531396584,-1.94091738786444,4.15713951058087,-0.421491425302194,3.41597302151658,-1.15980025975815,10.0324145907776,8.57860926177104,-2.68377626408586,0.943083419091554,8.42790304303417,10.8973481837619,1.9937170959795,-11.2921891689634,4.52439469523891,4.26520205269789,2.25905913405551,5.01830235727241,0.792089016651722,-15.0820498845271,-22.8097903819356,3.18418087084044,5.35640210424221,-4.86607973094462,-8.15610925828644,3.09394901765067,14.6483012757514,26.484151412253,5.02549876880427,2.22963881919893,13.2588711957001,23.0374615019262,0.0013293114123447641,0.27059739831958796,-0.14811727980370298,0.023530190057965392,0.05957625870329084,-0.14395874279226709,-0.26269213559045146,0.05162208008669837,-0.8171166422988472,-0.4771119077033535,1.4156605384915228,0.02421076760594534,-0.15508804950847688,0.01682194607460104,0.20209792205185925,0.10687018922829622,-0.012563422011272753,-0.28972064587243557,-0.025392305984680386,0.010952938824713659,0.4017895720155193,-0.02801447795419124,0.15869523780822284,-0.08640586267776856,-0.14367730850661375,-0.44722438312071966,0.300491524270901,0.013482418196831943,-0.12298247492364806,-0.48693480143173196,0.05031406722694565,-0.02324377922073012,0.16838107234647862,-0.06438184974033816,-0.005047526946690339,-0.008800774338282675,-0.041517939861274,0.24339496126711696,-0.3121128797220861,0.06387717319669003,0.11930618852263124,0.13484153373466648,0.1475582511053083,-0.13615079690410245,0.14002686221873056,-0.22068851309429008,0.2394302510399692,0.1930923794265557,-0.22014087623877107,0.14362633875163142,-0.4689824857065154,0.4418764666325657,0.021473832884060396,-0.14717115930193608,2.063472222222222,6.715403240280634
11,14.4209815350466,12.7507074875354,14.0000980349259,4.80944290012881,6.22249224256397,19.4073152869602,19.6060153938374,17.1425980588944,15.5535244731049,19.1648951700581,22.4598656710282,34.9885356947377,26.4205956029621,11.1679985781134,9.96842767219361,4.04289423497142,2.44190896598222,2.00377518372122,0.860823503577227,0.228361794512111,2.60260460178953,2.66842571397779,-0.197262086438272,-1.98949174511053,4.16255444626183,2.38436592148793,4.95560231937074,-5.7084118807511,8.4144161232491,5.79846378955116,5.33389357916643,10.1219601275397,9.94847405597243,5.99883211540152,-1.29788188690827,-9.65562174078028,5.13546998619788,3.29487463267462,1.52535629012761,2.4103990884365,11.7411220786198,-6.00368417468193,-21.3813650927245,-4.30678826929737,-2.45056044589283,-12.0038620524293,-6.70743792114127,4.78692092267346,15.1987020581384,8.37846266990267,2.94792744666582,11.0309650019728,13.0172445534538,16.7573387409699,-0.23958150183320856,-0.07358105818924043,0.011028123089367983,0.05737017625182194,0.06356862183868446,-0.20453295245875058,0.2523310299521558,0.1780441003415722,-0.293400018867847,-0.1300247905005778,0.02564731867744848,1.5759622301915248,-0.3768092544826455,-0.21713756117164115,-0.25647245803663193,0.22041765406593586,0.13718193987878408,-0.0075722025252552665,-0.22746152338577497,-0.05065959911069591,-0.21204600365116757,0.04056829929981998,0.07011376370062104,-0.010418334196600314,-0.23321401307419012,-0.6132775086410684,-0.23660921625999065,0.7518449209387539,-0.21643525963224627,0.23383020044321545,0.17974956585540386,0.033737279421052646,0.014691679531345501,-0.3272589655768004,0.3417635651750133,-0.006136018577173186,-0.2100259891079635,0.22289457958424075,0.03620264707919983,0.08514839382807295,-0.06790309067735414,-0.09866764211260677,0.17467530209534543,-0.2439562626900202,0.10318094077799823,0.5030170729828244,0.024503763945952405,0.0543734201114845,-0.15713014677537124,0.04658673442380836,0.41046772477179283,-0.44152861474681065,-0.2568232950116093,-0.18878783297634813,2.218095238095238,5.914265439996556
12,15.8816225089637,9.01991696716895,10.1618790222799,10.7395009976853,15.1431342316136,18.8764535723966,13.5305996664435,11.8967069462218,15.7414718969472,25.3670651890571,20.2853071700244,26.4205956029621,64.8465231371524,41.8862731905674,40.5158584993514,31.344579988104,21.9362498649422,13.9736353549577,3.75727234717444,-4.99370933928024,3.09117884819963,12.4329762038091,4.90126493995725,8.22467005685945,2.67098755642238,-5.4667862217887,-4.7508264490141,7.96778720698508,18.4325555247722,17.7879546985782,11.3654947181059,6.15030258713295,9.02372849214312,-2.60947893734601,5.47170072774724,3.18658801513969,4.04251273688728,3.94440864156955,-7.40187872018675,-7.26334054305935,12.7193696522274,13.3999498389878,3.85961479263392,12.3257055802728,9.9376558510682,16.8508451162607,9.47435424490265,11.4351928101063,15.0289741147351,14.9370644978009,-3.64654168479852,10.3531794747205,16.3533820687404,22.6801027784372,-0.15094454220366363,-0.1175603347497639,0.13476984118742874,-0.09602653251942028,0.10287670712659774,-0.33852391044746516,-0.178801593283101,0.07524195582992456,-0.02863160795519825,-0.32059655154527567,-0.15186297721741424,-0.38521998493762305,1.3296591888742473,-0.502907392097886,0.052627675681587605,0.14599317958683178,0.09427362403514884,0.09265995381385843,0.03819140271423135,0.157030447663218,-0.3862841071039779,-0.5820164779936383,-0.03735069914424843,-0.35562595173542044,0.19978035781702,0.17999036301240365,0.06761054153806673,-0.3507562359399947,-0.09836410918111231,-0.12554597338336362,-0.36965282005352057,-0.007664879052909002,0.31687719016882204,0.4747593510637768,-0.43770983586308077,-0.009779592075039381,0.09343614643900923,-0.15824153804944147,0.3241791251990999,0.3104854616167502,-0.4101415540053233,-0.1476506983659992,-0.08689994926291678,-0.044931888942215156,-0.22831557913872896,0.03170499887227683,0.16553777054842805,0.004586517240578772,-0.00014737448078703605,0.021593224653137805,0.21521632502050583,0.012741841189773026,-0.014816259702049705,0.015284124008466729,2.1560515873015875,8.052112961027829
13,2.42161652919334,-5.77877432291496,3.76667216867297,10.3491176520441,17.3344565834415,13.5305513306005,6.73288837867928,7.37029629783525,8.32777586172984,20.7973788152567,8.858793908016,11.1679985781134,41.8862731905674,70.8982254362473,84.1961238559024,80.308491077091,58.9728826267528,38.9347498374152,21.7961511552969,6.45968938111696,0.745062412972353,15.314485194249,5.29003046352571,6.89563590769564,1.10719996852953,-10.7516775064837,-17.3395152917717,8.42478444228903,21.547887049118,18.6641889617419,12.1042884604564,9.14236699116696,16.9075900690612,-3.5593706546802,8.50757238057493,15.5909175124844,1.69639581569975,6.70587300876679,7.52152842165568,25.4365542655711,16.2445416512149,20.1268801082243,10.0701514936664,8.19598167324681,-0.642190156465045,15.190571406138,2.44723055037998,-3.69862468382661,-1.01448809585352,-6.92880863610918,-9.57011341343462,8.18147750225189,9.34214049835687,9.10394420673568,0.33012350637210897,-0.03834142562241824,-0.3237497653155037,0.1616165620931146,0.20862807958708857,-0.21734311470198203,-0.024424369607579294,-0.037071104734468535,0.038130823234470874,-0.24312371397606117,0.016780023183196328,-0.21865456820268162,-0.5209747416313186,2.5280884481164128,-1.4245704093517746,-0.18274393905540018,0.007146912377163286,0.015399542692506114,-0.04186526795560016,-0.14233506664460824,0.3368533018082851,-0.049507512609652415,-0.291747868740165,0.0009545801779292548,-0.006832512858266104,0.17279338815083184,0.1696594537704456,0.023531098910852092,0.1294860613893651,0.03173084234408035,-0.0367514198428572,0.14065075162492816,-0.3783097532331834,0.18908713939569888,0.059499859514050485,-0.03837265460027076,0.05535239317002911,0.28528212674038855,0.031883806177400054,0.072754697098012,-0.39073421803586655,0.229385282119799,-0.08643356042568541,-0.25404303854321225,0.29773409673171725,-0.2760914815145579,-0.2708560528160098,0.04230732403366757,0.0827418296950035,0.049028285471347535,0.033451191602903434,0.037017575843355646,0.1494357213697012,0.3732274272723091,0.4763888888888888,8.419514560605455
14,13.6812634976583,0.542146684706985,5.832373417642,21.7546727575744,31.3620384160662,22.5086841492201,15.4439022359408,13.5103806143505,10.5658070334704,24.7151984462986,10.5222486727389,9.96842767219361,40.5158584993514,84.1961238559024,112.962261056296,118.875593795327,89.6699918930328,61.4337327861834,35.8021196200604,12.2098674603596,4.1258848021372,19.0547804597329,2.26246996182578,6.86948866562622,2.01179872906244,-12.7690489312308,-19.7626321545151,12.2796597939051,29.4969087209238,25.9327365674399,16.879488560435,14.6144830528079,27.4109661136527,5.29224840396518,22.6729242521637,37.4103838055746,10.6850960017279,19.0684290470497,24.4855687662369,53.9430909282854,23.6626857984112,29.5471045137776,13.7041509442092,12.2045381940758,0.0372567331635699,15.0683283302093,-2.77485507138492,-9.72071416856966,-5.16981584479616,-4.86712310764971,-7.40591601500473,14.5543191604152,15.7837603342372,16.3626713840169,-0.16111222135667289,0.10646491717330447,-0.40614865835266345,0.07396152384423584,-0.010190219458837342,0.1469808401368038,-0.1701438359840291,-0.19336828685917626,0.24004661550616355,-0.1320111711750868,0.20739357617816462,-0.24744180606192018,0.04204551759660659,-1.4358288036546243,2.8379880447407606,-1.1016893920594775,-0.382691583780345,-0.18594128856352676,-0.053448977264681445,-0.017330687324798484,0.03402341627599924,0.1033831382445122,-0.05080360502474756,0.26147757728128435,-0.029342652592624766,0.04274403286478571,0.2891929782353437,0.17975991821262655,-0.1965091535791879,-0.03740927508828658,-0.12616725726671293,-0.06358201086250852,-0.08261161560531219,0.05654564859845339,0.15033036737867334,0.0010295528650272852,0.008366718307295089,-0.12173221536469811,0.11018009239970247,-0.06694696085817252,0.3151541492833155,-0.12148032616789786,0.1287268284499083,-0.10155098293733782,-0.022967198515130665,-0.3096471490211559,-0.010291328581067774,0.17157333433664107,-0.05437645709944609,0.036513799467591666,0.16992308215930418,-0.021449773587123418,0.02222539580719088,0.20546688692641,2.683097041847042,10.627900124497618
15,20.3670358081117,2.13036463886664,-1.05197294693808,25.9147267419535,36.9179064048356,21.3809536499677,13.9852188040171,12.2851740902572,9.82094954670112,26.050058383915,7.40346827867858,4.04289423497142,31.344579988104,80.308491077091,118.875593795327,141.759912077823,107.743648292727,73.8992128707214,44.8928048720692,17.3880277040125,8.00155699172238,22.1669489386242,5.1993475242783,10.4206107572257,4.14085732644378,-8.40949159743518,-13.3340514862393,16.0853032808749,36.2453407349938,29.8489189420483,18.2315027987111,20.9976371493676,40.8327684467368,16.586734164428,41.8366572006457,65.6946592284678,22.2648876882922,31.6919262206037,39.4712101411009,79.2591774321957,32.0212182007905,41.9358405837189,32.7242409550012,16.8024368549765,1.47622359764775,10.1521433889513,-8.91256674503205,-15.9222252651747,-12.6638537376005,-2.37204610553074,2.0873199991024,17.562111923005,20.111281640897,22.6189208377335,-0.1143484816833586,-0.03761355150571117,0.26900418773301477,-0.35451586329997253,-0.1045238337634879,0.1289346850631907,0.1563167186586091,-0.03340243682495643,-0.25415546757166346,-0.2622801825550416,0.10591107294440681,0.2083921817722271,0.18055124053412197,-0.18072767334295797,-1.1023668434435738,2.890705975527375,-1.5809457448199167,-0.3117249196138034,-0.1015481857150805,0.07740882547051212,-0.22972328291678495,-0.03621999002396877,0.006741112313992262,0.00802879691426227,-0.18634450533541388,0.08989780768668566,-0.12037106382786646,-0.01428999211355815,-0.24116098312833062,-0.23739335355912528,-0.0997235521496763,-0.2557587836230254,-0.015176750116644211,0.13748153559707105,0.07981129822974102,-0.26253214109497086,0.2948950240928291,-0.1332382471828871,-0.1415295016401835,-0.019461865619526387,0.11466649930805525,-0.0773649565202971,-0.1846700748325538,0.20001353043770376,0.18222850059883614,0.2311230250760825,-0.013049595734388552,-0.03434567587821913,0.0181842510120368,0.11462173145210484,-0.2370988664671058,-0.03794547561609729,0.1525067548909275,-0.1950483848789991,2.93483164983165,11.905877207405739
16,16.6555155518256,2.19059327755546,-0.207602818396745,20.3035353939048,30.1675191210111,21.5929524678344,16.7290052291747,12.8077123578714,8.38527511297469,20.5661755970187,9.29758994086,2.44190896598222,21.9362498649422,58.9728826267528,89.6699918930328,107.743648292727,85.5609366574657,62.1764126315026,38.7875360096773,15.5724377995352,4.40433374574388,18.241282892791,2.50551459530817,5.0047198179305,0.411102870135951,-9.14490251945995,-13.7938438225549,11.6539419032385,26.0640857129878,20.0852103141871,7.87260736003519,12.0717998680704,25.9249736070308,14.001808507326,32.979456155098,50.7484143599472,21.373777849467,26.1318356025459,30.1566486702044,59.9227278188307,23.8229514971868,30.327062958444,19.8456686456113,14.4940374946441,2.86524772480331,6.84953504621346,-4.04075291412925,-7.13406259429841,-5.38548668445277,10.2480364995985,4.60009014624526,13.4002053362856,17.4418773637909,21.451968139624,-0.06254882403731793,0.0737768767870073,0.1970361364815543,-0.15652316865022237,-0.3103116932571759,-0.04196668369235328,0.03869194344877414,0.00015564485138812623,-0.052447100629565445,0.06478996710721023,-0.011986560589818548,0.12851815727611557,0.10217948951300951,0.0012779899803953727,-0.38399083464015554,-1.586260791452072,3.9551784043391796,-1.3389537867825165,-0.5317932498742083,-0.0663334520471082,-0.09856628922745068,-0.28050757089354983,0.05554852485657175,-0.013136678923068204,0.0642639630279617,0.08308943938920074,-0.018681657796519653,-0.027281856278169845,-0.2792730248843917,-0.05555254518677071,0.12028861971643394,-0.02165390163652621,0.1599663467165723,-0.05567571009062012,0.017439781461850216,-0.025495615407414664,0.18171750017255833,0.1486581106212861,0.06501370307017378,-0.16730777078779177,0.05065989875710348,-0.26428565054549535,-0.007063565792156866,0.12299640958528706,-0.043906628292803764,0.26712128835057924,0.030128570658127254,-0.19509430982836132,-0.016774682465633062,-0.11099063490875223,-0.07311429290944678,0.07215595805433037,0.1172601627369194,-0.10974645868200092,1.1879551467051468,9.249374933338235
18,12.9319854999809,3.19961622893777,0.976077208576458,14.1111832975758,21.9697461465377,20.6047719435522,17.889431457065,13.0605987846164,8.01773929385003,15.8428930149204,12.0457691627417,2.00377518372122,13.9736353549577,38.9347498374152,61.4337327861834,73.8992128707214,62.1764126315026,49.6451567524804,32.143519167177,13.396694347056,0.771734663061201,12.6519158425746,-0.363434165260094,0.452521217617365,-2.78022349436417,-9.72502300789603,-14.3861917451986,6.83286659904545,16.6073097167126,11.750794888496,-0.512083665246634,5.14769554711598,12.3857572082241,11.0998325369306,25.5133031087467,38.7570879729502,21.0942232824439,21.4506203510905,21.9876586228128,41.4980081409603,15.6154345441853,16.8669231666614,6.59454496865044,12.6228559058154,4.72480150435077,3.40563094180013,-0.578386847880971,-1.61883635064329,-1.3964116119644,19.3734468607282,4.38051225782285,8.72469842650082,14.5339957361327,20.2365234216397,-0.0034072328599982246,0.09410455121576236,0.1010700128478707,0.0010524551372553324,-0.07085547646651072,-0.13204496158479648,0.1733153331885976,0.00047432377080021014,-0.1736440102484379,0.2668097345492007,-0.2839242225313123,-0.005831095717061319,0.08657358964571243,0.018517677980823304,-0.16696297279206535,-0.3166870368171654,-1.363543549665179,3.547510223848851,-1.027752315121924,-0.1560504040612751,0.22677385810151351,-0.07519402396034977,-0.05574529177239268,0.038460383474870935,0.3601136696919857,-0.03442663321291,0.10904186240978402,0.014299166404937277,0.09452989732330815,0.02973599544116754,0.06157570050084335,0.014953089772304013,0.571243079330421,-0.400284336280842,-0.0772137459419783,-0.0893514990923289,0.02206070018694519,0.018774238937064272,-0.0101001311217575,-0.12910977160219692,-0.2626895142852441,0.02026929595306387,0.11702843281531151,0.17319715790084347,-0.44379556512893514,-0.1657691982477381,0.2003622098836634,-0.01947251430323288,0.012117506491968239,-0.3252434727920146,0.2705001541084429,-0.010998212379894071,0.0193986270454853,-0.14809144625847323,-0.7922546897546897,7.045222264235561
19,0.586386594636366,-4.88401777533961,-3.26297029936841,4.9311917741659,10.0111868903359,11.2735890133981,11.0194806350444,7.95078676891306,4.94654991732842,9.10252533915377,6.83752297743589,0.860823503577227,3.75727234717444,21.7961511552969,35.8021196200604,44.8928048720692,38.7875360096773,32.143519167177,24.2164364173424,13.4748265492544,1.14223402412515,7.85329958758975,0.668840435859674,0.0808952336578429,-0.888356080708313,-3.78837373694746,-9.57568460026035,3.87568101712173,9.04553224201905,5.12198663873252,-2.83382936913558,2.37881427274781,6.86005438837199,5.28023546139485,17.4087246988212,28.3513914551916,19.3015956958025,16.55354556041,15.0755651489791,27.0199265402619,6.45488449856685,11.3147123491858,9.60511097190801,10.7945071181851,3.38507903782679,-1.59055667613099,0.507637221226428,-1.34885926566396,-1.5122147294883,16.0818365815445,3.27525345431516,5.63838317450617,9.17630954579587,12.495534988593,0.17848827456900163,0.08352724477033481,0.18100094056761368,0.09482319915673913,0.12905890835042644,-0.3627565845518434,-0.23560167503244323,0.12214240785080736,-0.017058326099411446,0.35380137783178267,-0.02561683983908775,-0.22190534050587485,0.03747117594229836,-0.03553635094851578,-0.047826654654715944,-0.10262508097175668,-0.4828872986628806,-1.037959338060988,4.0821141877060265,-1.3832101920133544,-0.09768557100967806,-0.1980461802771018,0.07902329450008143,-0.018226432916898017,0.21392085157794197,-0.111641028065555,0.1690006088141323,-0.008369959857189463,0.1875980708409256,0.25563475240363853,0.07685276872857186,-0.0968091263268285,0.018287455889218138,-0.03213041539763892,-0.14402607816392307,-0.05873056736099442,-0.2668232839147008,0.033476940819771456,-0.03962219957357572,-0.086661706317058,0.14520387544041297,0.10458131931183164,-0.019934214634853446,-0.06884338456658003,-0.015783188036907116,0.10457239976336773,-0.1417292421451253,0.0005232566713065123,0.2037687892162454,-0.11210966106596053,0.08616508205072125,0.14836877576112564,-0.040231256336115864,-0.1798225756626764,-2.9363534151034143,4.920003700948041
