,Cov_0,Cov_1,Cov_2,Cov_3,Cov_4,Cov_5,Cov_6,Cov_7,Cov_8,Cov_9,Cov_33,Cov_34,Cov_35,Cov_36,Cov_37,Cov_38,Cov_39,Cov_40,Cov_41,Cov_42,Cov_43,Cov_44,Cov_45,Cov_46,Cov_47,Cov_48,Cov_49,Cov_50,Cov_51,Cov_52,Cov_53,Cov_54,Cov_55,Cov_56,Cov_57,Cov_58,Cov_59,Cov_60,Cov_61,Cov_62,Cov_63,Cov_64,Cov_65,Cov_66,Cov_67,Cov_68,Cov_69,Cov_70,Cov_71,C_0,C_1,C_2,C_3,C_4,C_5,C_6,C_7,C_8,C_9,C_33,C_34,C_35,C_36,C_37,C_38,C_39,C_40,C_41,C_42,C_43,C_44,C_45,C_46,C_47,C_48,C_49,C_50,C_51,C_52,C_53,C_54,C_55,C_56,C_57,C_58,C_59,C_60,C_61,C_62,C_63,C_64,C_65,C_66,C_67,C_68,C_69,C_70,C_71,Mean,Std
0,22.229995210728,18.5127839488452,16.4379319129136,4.78564971247905,3.13708792282576,5.39545845130687,5.06027687436447,5.07637181562856,3.09777339187466,0.431705066019354,0.742366712839609,-3.73848379149462,-3.94152357004521,-2.93080669392678,0.524832346674641,-0.218883072227871,-0.542477441260346,0.227210136744815,3.15984657319431,1.27029109138076,1.43642540207747,2.04691750540446,0.974263132341684,-0.158181825857316,9.39884009623859,7.35331129623948,5.44247177724645,6.15147037315407,9.60153632175529,19.010803284935,22.9820897057049,21.8914317951069,3.79137331885687,28.6309852395699,47.2589688804713,2.28251026709616,3.02867378887597,6.73577074622098,8.79117725710296,6.0903218703858,38.4490711497502,68.6018285942387,43.643614929276,19.4179218244558,13.6829453689645,7.78079009669974,-0.891038082681346,10.0362232457744,12.5611355749353,1.259141084041538,0.08097086588657781,-0.21882570051544395,-0.16924404228558057,0.2100416934085874,-0.34474868636508227,-0.02125937048622088,-0.17324415858015563,0.2736048203479946,0.08810847962632246,-0.022683680278299007,-0.13334804755824356,-0.033885697341735396,0.06202285888772784,-0.13903290621023556,0.22287486627459072,-0.27330741258790525,0.08578910232508095,-0.1128448378305796,0.29386018407265385,-0.5101135856452876,-0.22795268655454176,0.01629399514448769,0.01782952211269664,-0.23748320201418455,-0.04730725532990417,0.11046803717143666,0.19841680242446424,0.4137313827800645,-0.21978932422840433,-0.25357925306062673,0.11691691512316878,0.10970434583699383,-0.1326409619681467,-0.01883913544466467,0.0318438553747814,0.11183263177274579,0.10587659643863064,0.1338468224627902,0.13886644646844523,-0.5163666436994285,0.18725483905473334,0.015294484462949806,-0.255745582387151,0.09866802810618278,-0.18143846523955562,0.13446131098791883,-0.028162906685732403,-0.24331315776976786,0.9916666666666665,4.713808991752631
1,18.5127839488452,34.2028799489144,15.4399828621429,2.45114829258373,3.10951822984998,7.32038221505348,5.5164575049094,5.53566411509769,-2.79030238854969,-0.809646795355538,-0.302175930248841,-4.38109764435148,-3.19056460840696,-0.233758940550026,1.96329817809499,0.0138510051107861,4.79464984173868,-1.13382340042506,0.608874791241982,0.340348314196863,-1.10586146866345,2.4490821200159,-0.778439157210456,-1.81328343490477,6.8541648845782,6.74565370723022,6.55816828633335,9.0718260326308,6.64464934130345,12.6378182448696,19.3730998950964,22.3220857934037,2.80094735717623,35.5979115823328,56.6824564072769,-1.93075251808507,-2.46061923500858,15.7776974192863,15.8800897311882,9.09779031278963,27.9719376566351,47.4368081395478,37.9224032375601,32.0170860935972,21.7050182902811,6.5949762156401,8.66547169364342,10.6046235417757,9.46419107357973,0.08003913186618994,0.8686959942888611,-0.19290442773187208,0.383973789588497,-0.14925564355612908,-0.1427715602712321,-0.13475809247010673,-0.06008749632764378,0.1970326972438787,0.16326328836059525,0.23696183526445969,0.47882651117723235,0.07105554185481139,-0.07142272717925935,0.001962401809813778,0.019037416107307373,-0.5305424994455287,0.11458104164280992,-0.016385363826044448,-0.2662721790839452,0.295790300666372,-0.2553107395577736,-0.10670117863496881,0.02326730488112792,-0.06094718658551063,0.04894122638019572,0.01792242257187843,-0.07621532111869783,0.4635134947399962,-0.08981224069007859,-0.06136569209138913,-0.2918878157301454,0.24589047637911116,-0.01322141353137125,-0.054429864677145175,-0.026021416593955526,0.20322021767626908,0.08979336522028619,-0.18695645800314642,-0.13731404101293435,-0.09779519516452012,0.07880840826634178,-0.1412182368725299,0.02525206990526693,0.0011994668384097602,0.05209071072689402,-0.0017056199746709497,-0.11016735123162502,0.14197732305603997,0.6972222222222224,5.8474678236749975
2,16.4379319129136,15.4399828621429,22.8837678799489,3.87937099320801,1.43485165371939,2.84611804679615,1.78980863100646,4.88511834495647,2.36370469916967,2.57828829415766,2.45200626011549,-1.81072202070048,-3.01064439326963,-3.54624630457866,2.61987587340186,2.40658804552024,-1.31334856444792,3.19808695524071,6.32908651749708,3.0129591136088,1.6132955349173,0.0930548978545379,0.644996000727318,1.35561395587518,8.20027993693639,9.60088249486658,11.1420262806611,13.01983251965,15.3206167699683,20.1527020038304,32.321698284606,41.2858795854084,14.0430077264373,52.5858436603861,84.7715429538208,8.95977030800563,10.146546761254,-3.06541571033028,-0.142281492146596,0.875060871713263,30.5588480996151,56.3202924067643,24.7542012629899,-6.15191079000533,2.78585862402751,18.0563223922558,2.61496282726485,10.5550337066585,9.59176196024922,-0.21549734830761452,-0.19245248927703487,1.5114522101323413,-0.003534900784057573,-0.1600765179349402,-0.03320118217836483,0.5123174388408543,-0.38458173622575137,0.1463658883958907,0.23371375697252547,0.08692366783715985,-0.14081196305384625,0.03587244490855778,-0.14378712843300578,0.3644357888824711,-0.24518809951175063,0.2793679422407943,-0.5414287961984312,-0.18880754071232306,-0.09817047691614114,0.07881129930759445,-0.16208587171273975,-0.08149939816884731,0.03436721104208642,-0.17810191208799492,-0.0015828953087597434,0.29555703698205527,-0.17058637237262014,0.026573985505080264,-0.09476808457776571,0.03657286965355119,-0.050095308234302,0.1178291370482146,-0.2873471294769358,0.035325032716354954,0.07134176486668194,-0.2554035898240902,-0.16687918092633222,0.17770855049186354,0.11539246007303905,-0.12100922117046989,-0.1451708212566887,0.24469162836502048,0.08691843440126809,-0.3119016310506009,-0.0813179606843452,-0.001575421043249882,0.07569146760718883,-0.03887133784162028,-2.207222222222222,4.782652807799131
3,4.78564971247905,2.45114829258373,3.87937099320801,15.435285839719,22.5649986982998,13.7086411189622,10.0277833858396,10.3275169400589,10.8398822904589,5.98546807828544,5.87444657277026,4.93014406011855,1.64523963356095,-0.839330232296945,-0.946542940981107,2.69995057158797,4.33599907324491,1.88665039827385,1.32606250977541,0.198471870435324,0.614578821728524,3.77050318329131,2.5990146083463,0.806326430037313,-0.674448470912796,0.482365774494944,1.710411551111,0.213966626728413,1.45792344988993,2.6466348120028,12.8626144738141,26.793906330885,22.2098047813564,22.1464537964992,19.3489789445137,7.62321814478279,9.161904059651,7.3140384011972,12.504094823855,9.86949046782318,-0.45919110870695,-8.51618860531957,-3.98535379155937,-4.48618837249555,-5.65087122630846,14.7516713934415,-1.04560768020542,6.56525213248971,6.76777169905076,-0.17896080572253845,0.37861371888938294,-0.0009897803284286734,2.543147098947661,-1.1094716587890017,-0.07229964703186317,-0.11793570249158612,0.1351344150260481,-0.0660151487715506,-0.43015797551312457,0.02964855829769716,0.4597087990313569,0.1398378295876238,-0.32450361425761126,0.18115450508757475,-0.00739025557732321,0.005544245677887423,-0.24806414462712773,0.30322417512341476,0.06349136579248191,-0.1476028212438121,-0.2800853392323666,-0.3834044223467591,0.3488249897064679,-0.1466182456940759,-0.05200747337793699,-0.017107781897472925,0.33742919950042977,0.14462336245186785,-0.01671159518818713,0.02054438611120171,-0.082184018157008,0.1415415075819467,-0.35714822597123236,0.03201691750705459,0.46520752195586007,-0.4959560133381111,0.1851765350130899,-0.3555352723519495,0.08232949291137605,0.18200321609295436,0.012567333739799031,-0.17646782928859078,-0.011384428055686641,0.11951012234693033,0.0778270022967318,0.06160732415518479,-0.18789471535740476,0.04079762953708009,-3.336944444444444,3.9275037669897945
4,3.13708792282576,3.10951822984998,1.43485165371939,22.5649986982998,42.5533780332056,26.4892402679733,18.0763336091569,15.9498205710228,12.0863720829193,8.15749687180139,10.1184667385518,11.5085511627678,5.46424221420569,0.455703623339333,-3.21796726699838,4.55938844582904,10.6595166546673,2.15721848962615,1.55953718712246,1.100490725309,1.54740569929638,5.20081141752636,2.90533468991171,2.45990490737998,-2.72297633655112,-0.910122501092476,0.989603867706589,-1.14541286147113,-2.60009525945712,-8.6103394979494,10.912659974675,38.197446643056,41.8712404404807,22.7970741681442,2.68297330483141,4.9512697815778,4.42090752329778,-0.488555540803085,4.95187660753436,7.68981741146001,-1.14807220859355,-18.357996755872,-14.1770723881549,-18.8393194893332,-16.0245933816062,6.37787461381117,5.45697552275306,6.5909057178297,5.22275122384437,0.20685549045496499,-0.1536071178430544,-0.16258510467329737,-1.1102326854406077,1.5821502231253735,-0.9909416480942465,0.10654165408000775,-0.08737563144939602,-0.2812395570023935,0.05646908676018313,-0.08852325348174561,0.01674958240927447,0.010098585256005752,-0.024992587714336375,0.13611737101383675,0.19788952213224478,0.14736236939931768,0.26615979182124094,0.1363495097272671,-0.04004876064551652,-0.04947477740345174,-0.02171692189274451,-0.09246437110303692,-0.21226788592298404,0.13519248799619035,0.015216921606786,-0.10177038148547535,0.016538573092786855,-0.025112253904617653,0.03327353468878676,0.26466476460777766,-0.11982778854854541,-0.2992706511636462,0.29697896151613223,-0.11364717275663669,0.11383786742158225,-0.11553929290249398,-0.054545515427677854,0.20433666690216482,-0.001080132281427895,-0.38002948422934474,0.25961512456622393,-0.1313033351672344,0.04768395339489878,-0.03812213119584734,0.03388927275026939,-0.00651809363471914,-0.08862592122467283,0.1535780081507412,-2.6888888888888896,6.522528499991827
5,5.39545845130687,7.32038221505348,2.84611804679615,13.7086411189622,26.4892402679733,25.7656606002554,22.5721380450634,16.3590271226847,8.05744885545245,4.57795622706395,4.42711252993793,5.07804990390596,0.511028722056241,-3.16842245997015,-1.34826172361942,1.90566072706783,5.88241876616606,2.21128453182334,5.29285652152239,2.17978431030368,-0.584990863454144,4.12598259554089,0.183763231317825,-1.31920288707776,-2.34937181242721,0.283057494098554,3.00355505013285,4.05504348721213,6.576075726427,6.69281964277116,11.4671562476186,20.7359636689688,15.5107391907163,14.2908365106907,11.1961556758756,4.20250829722822,7.23392756028717,5.36476905862175,11.7238222179587,7.80743894812697,-6.40073897744353,-18.2824299463771,-14.9879067360336,-9.78670850178613,-8.01866913612969,20.7634240281288,8.63580561017483,8.441484492476,7.25180641344836,-0.34384764720808075,-0.13472100221343866,-0.03099392551753123,-0.0716420813545621,-0.9956763056591644,1.8197247310348157,-0.370948781404404,-0.06670897380066498,0.45826397732926616,-0.23370994828386218,-0.03191760132618942,-0.4115831644262421,0.05109785288560432,0.5295573931212697,0.031537011612095114,0.15861719011462025,-0.280681739382268,-0.1268776848431442,-0.07873529354257745,-0.05802156191188847,-0.005418517862911057,0.22973156201173625,0.1939674019990284,-0.07906890566447052,0.08099599659294406,0.01089720471520227,-0.01852958733009152,-0.16338429733429952,-0.2291355290630123,-0.0926074348317021,-0.003975600120319434,0.15694743365181735,0.05490882105428949,0.04347860073787367,0.030590060294796714,-0.30496076096365715,0.27517067463276956,0.0009351272878112306,-0.16681975962244572,-0.09743711647074671,0.2837886336050068,-0.2845423501563972,0.3439617189300401,-0.10005730322400616,0.08123069277237426,0.016191169903682044,-0.12704828893446152,0.16414504250441145,-0.1299996203383275,-3.3672222222222223,5.075003507413117
6,5.06027687436447,5.5164575049094,1.78980863100646,10.0277833858396,18.0763336091569,22.5721380450634,37.6050992975734,26.4989177942243,21.7361667397726,4.81133530290392,4.89941938021254,7.2173517766629,1.65254859593182,-3.35940122999765,-2.00374321117937,4.98534621148021,3.91525888067836,3.22648447375554,12.9703334414327,7.5551928418004,0.428224343958843,4.42419545012432,-0.329631456603035,-2.00086617264142,0.31330067841828,4.36098431144076,8.51835130659424,7.6828194667364,15.4102482963379,28.5786982039956,29.2806322286288,32.061545946016,19.457438457555,15.7426934411058,19.5137444396261,8.10727444496376,13.9933362359732,19.6333440388451,22.868905477638,11.8688059960745,-13.6273137836812,-23.784243182734,-16.8514120063528,-2.89847593881284,-5.73473349783496,34.0257926110574,-7.74658553019924,6.70355841735609,7.45793572399264,-0.017850481850638866,-0.136181337093566,0.5090162421713125,-0.11823393843379526,0.10696864674419851,-0.3682958392760782,1.0040667654244324,-0.11591756202503332,-0.05565998852098667,-0.015525171072470634,0.02969153907387885,-0.4876260042621798,-0.12815357677165296,0.1359887609118368,0.48702722519629454,-0.3547123819779713,-0.04978037424860865,-0.23447484507650726,-0.2861328755200439,-0.023500191094666178,0.16652681664181976,-0.3807381701487834,0.03662928076725272,0.3256937921424588,-0.11120749836314742,-0.1119108213799279,-0.22727692130602273,-0.34630312864869783,-0.06750610230691576,-0.07249971122730504,0.001236965140271517,-0.0004244519917929024,0.06869371022222862,0.061598411661757356,0.03935472286101382,0.11211741385130798,-0.10384429208504126,-0.157405687094167,0.07636362826654573,0.04133549198175502,-0.12657430848899995,0.07240222658487763,-0.06772429942026932,0.15663355703702464,-0.13387293770568975,-0.013675136325536527,0.0520689043027471,-0.13081588435413033,-0.07777524117765681,-3.6455555555555557,6.131484265459175
7,5.07637181562856,5.53566411509769,4.88511834495647,10.3275169400589,15.9498205710228,16.3590271226847,26.4989177942243,41.3891198918052,34.1240701452637,7.61233515573789,9.03521548871292,2.24445423340321,0.139008901402479,-3.00907547964573,3.34271595709658,9.22675608439584,5.15254830966552,0.761267080102944,6.60099079315698,1.61370699948963,-3.29306239095154,3.76141634147981,-0.507768183308236,-1.57571106732947,-1.2614102488926,2.93122198719894,7.48268850212045,6.46206118893571,18.4643682099001,43.0414454308085,35.6588289121959,31.5238203686265,17.9879777954029,17.8952951735813,21.6574241228946,11.8326578665584,19.2484222346374,24.1592897002315,31.5100900500619,21.3351970152783,-8.69955698710904,-14.5245706213069,-6.67625748813327,10.6768651990181,-1.12785112800304,38.0799734038147,-1.73087823907076,7.34060382691098,6.67741000620056,-0.17397635498612526,-0.06145070935443896,-0.38304303259078026,0.13062848760383308,-0.08680387626623476,-0.06470120834292545,-0.11848672769583403,1.2086022288281002,-0.5120145197851627,-0.28387682173092565,-0.4054798556051199,0.2982168198796802,-0.013226367454068006,-0.12602703737091406,-0.4837422225095485,-0.4620070035396231,-0.09933710522512687,0.28281717496256803,-0.2794414356768034,0.06107500598952499,0.3345431861541212,0.009619208716234076,0.4300085648705593,0.04538145009538598,0.13003116858666847,-0.007140867777720336,-0.25903607109154253,-0.39236580203236865,-0.07658639400526103,-0.15130223531910458,0.22054466016625945,0.036479071001409416,-0.15072938738173033,0.019014787942769645,0.12625066613888677,0.17846786146198151,-0.029369105864543093,0.036285148327161815,-0.0060551832710330445,-0.0019283418075711953,0.07067572788673643,0.09806694634939464,-0.1609378769602501,-0.15082062112557118,0.3719330340690478,-0.05103939696953013,-0.04899652777197587,0.13208457861968925,-0.2641352982718553,-2.9715343915343913,6.432660405446968
8,3.09777339187466,-2.79030238854969,2.36370469916967,10.8398822904589,12.0863720829193,8.05744885545245,21.7361667397726,34.1240701452637,46.3975493423529,9.65624911248167,13.0050117997211,6.0961194098908,2.29729860510874,-2.36399145012956,2.07816830872606,7.51592544569457,4.46529090508977,3.48404932262423,7.03213763904693,2.30861372735334,-2.25011795781366,1.0622745904695,1.60551395007454,-0.933674163287456,-2.60062279547612,0.396153247184606,3.68989745939571,0.0539589248556591,24.8486590602388,57.3055771128872,52.811980582659,49.7295706332025,28.4960355049416,20.1536608687754,22.7321329953421,14.7273868176724,19.8262641163935,28.8134064516652,36.7353774976677,26.4983981727916,-4.9155362095958,-6.16490466544032,1.25821850794509,23.0005156419142,7.66923336924079,29.8746848020031,-23.6485226897507,5.50380625761986,4.44682268006367,0.27585383166486427,0.20353115350370932,0.1459734096120368,-0.0662820740263546,-0.2786863688203059,0.46026395954350596,-0.05823690599887395,-0.5188538842067371,1.6648865713921985,0.06097992456668123,-0.6032391314203788,0.07850080794650634,0.20523903340056135,0.43600462187768735,-0.047246126330725474,-0.028970517131355292,-0.3060009416093264,-0.006406212717038326,-0.04316955216949009,-0.13375160715286796,-0.03095312965613792,-0.5150771792208888,-0.38425195590640265,-0.037579501685333076,0.05901335033289364,0.03756567901548138,0.07925541277209364,0.4687178343244119,0.04706405728583899,-0.634886664747152,-0.11794417497094895,0.28920221442208,-0.32174615512608684,-0.010535707959922598,-0.08095999879340167,0.013626031637964404,0.23920331478052448,-0.2261036671188334,0.0891784761737897,-0.20288343467138922,0.054556786371102874,0.022368048623486167,-0.1330004030680164,0.266567473358921,-0.17743551786918904,-0.04111381108535514,0.20209445226900064,-0.006196312963476192,-0.06578767318524545,-2.813902116402116,6.810840575314691
9,0.431705066019354,-0.809646795355538,2.57828829415766,5.98546807828544,8.15749687180139,4.57795622706395,4.81133530290392,7.61233515573789,9.65624911248167,15.2341616753981,11.5877469989099,9.95952427150513,4.75481022455766,-1.24578551289878,1.18460770943478,2.5106923252486,2.47902438253248,3.33335022320788,6.72751022597328,1.83449856509661,-2.83875484702208,-1.40146640886449,0.81293749700992,1.38357343383143,-0.409872010985922,0.44497701431076,1.40749901112302,-0.658778904603202,-5.10279953673584,-5.49625637757904,15.1222969527445,37.047925174107,30.0429083278323,29.5667356930319,32.4037010643334,13.9570573031308,6.12528863145999,7.86050488766807,11.0526312149648,8.57759733710175,-1.65929661877215,0.704056425417345,2.62391399593378,-2.80418705546406,0.668045162845662,24.6723117242561,-6.62965472506477,3.71631135514297,1.88020501933768,0.08390014064411093,0.16507216571217048,0.221671585349998,-0.42824856397434846,0.05507875707632307,-0.22334159590519367,-0.011177796914460374,-0.2838336484517119,0.06238210660858454,1.9595526149786797,-0.6268358489734555,-0.04449179194778239,-0.3522582635226037,-0.11042010029451389,-0.2697312725940922,-0.145757549568191,0.531268112258281,-0.1872975844466563,-0.14846377072939665,0.04368305383457262,0.08837942721668361,0.3333384401062798,-0.1739714492699189,0.10421193119996366,-0.033134976037064966,0.16196476857255074,0.2153760078480405,-0.36374543409116483,0.6005159227576623,-0.01587590953745606,-0.04754927082531917,-0.16732758066289105,0.20105337677125926,-0.10293702958875023,-0.03708960654772917,-0.2505821631171903,0.3954280570138085,0.37457974967582724,-0.24700372226041722,-0.24038796938621812,0.3075817702655003,-0.2158740470012565,0.010761415057718143,0.057628731747553195,-0.22463932339552714,-0.06361359569312573,0.06882894957038609,0.14210954325644976,0.05450943628369533,-3.4146031746031738,3.901815176991105
33,0.742366712839609,-0.302175930248841,2.45200626011549,5.87444657277026,10.1184667385518,4.42711252993793,4.89941938021254,9.03521548871292,13.0050117997211,11.5877469989099,13.5362543478119,12.2408716726132,7.09998535313851,1.66534510581504,1.91173840171919,3.7567173919582,6.92029425709627,4.87013239377634,5.52399074159553,2.35336762519508,-0.714022474793602,-1.79949431643508,2.08144951571128,3.59937441423898,1.12929210214003,1.24955006540052,1.46620075879855,-1.52610392528726,1.32549345242103,2.66674955019683,26.0901840766871,49.892760801265,41.3488097597321,30.1932283614729,25.2359417289971,10.9568697793263,2.77333358554547,5.52138334382705,6.94378042890419,6.17210298941203,0.829111285568528,4.10486969470385,5.26488243680865,2.94693891593002,2.74315261675519,7.38054777140021,2.80760485864664,7.04071161725763,3.68958467319242,-0.024712178482756024,0.2328195908499995,0.10623213220326924,0.02751083674672707,-0.11052598287891531,-0.03309679839306229,0.028078195801751655,-0.4059024648273542,-0.6088156096219596,-0.6184857888884607,3.9370919837290153,-0.5508779964829082,-0.11137459662028054,0.0055784366870513516,-0.634988780587336,0.10710914203602538,-0.354318842125379,-0.16458590135000312,-0.20107118646452352,0.07197214962751113,0.32146442863835867,0.25701704191138963,0.07536043042573208,0.0027396436858200704,-0.2189691917170597,0.05463040164512715,0.4936229581854561,0.3375351966508211,0.04667914886920235,0.16784777368556045,0.01678136382004886,-0.1781559263447986,-0.20897042275834155,0.06858763698174876,-0.13939600559975304,-0.2000120180538804,0.12067466283108572,0.24304231477832017,0.06949057816231984,-0.086238882650445,-0.13927006644714537,0.05777502291634883,-0.06744253490906928,0.01825071818871394,-0.33934471153465584,-0.02846285226651959,-0.14889849941253738,-0.05610893783018746,0.19668568612348397,-1.6912301587301584,3.677805643017575
34,-3.73848379149462,-4.38109764435148,-1.81072202070048,4.93014406011855,11.5085511627678,5.07804990390596,7.2173517766629,2.24445423340321,6.0961194098908,9.95952427150513,12.2408716726132,20.1737500977402,13.0532416104912,5.84392187207083,0.608209222354148,3.38514535689061,8.36245591747196,6.55657402095447,5.28083155836995,3.64192543664091,1.33965212290264,-1.17460529728868,2.75104597051292,5.15761258679075,0.546748597222187,1.36293466832353,2.17212983741595,-1.35758128654476,-5.20353226500965,-8.65281476219959,22.9636639137768,55.7839949891082,53.4273173793852,30.4964661156563,15.0071375101023,12.6509493874484,1.12384706983556,4.93017721246777,-0.208902761617739,-1.09830902082391,-5.84958071035172,-9.97119783012325,-8.65052955118935,-14.8533948164311,-15.785658266039,-2.89815105696629,0.965996209113923,1.92682132086378,-3.43624436865931,-0.13365146385325516,0.47483967566450513,-0.14842990505024078,0.4608573265594599,0.01373666437064646,-0.40363025132271724,-0.49000812214252776,0.29475663914818045,0.07502213458387316,-0.046051625788126695,-0.5471638455392235,3.4315029626964533,-1.1416705831010174,-0.14183388107492512,0.19865472254076938,0.20491335635589494,-0.16099863557245095,-0.17575516753838027,-0.23230123013380788,0.05456224917129789,0.4879379804761576,0.08630810492104181,0.08397473045305616,0.06104085934128737,0.08310973516646558,0.09464887951401069,0.32600264386061506,0.2994634260233486,0.07299678785422987,0.09790650532768413,-0.020530150119420533,-0.08212237431573255,-0.4571579280636596,0.02750137996733759,-0.10301081023292942,-0.1317259790251218,0.032947354128990795,-0.6421227509762015,0.2609440980387442,0.002471124816916213,-0.04480342118622919,0.0014396115482456615,0.05088890194599844,0.09989608151105896,0.1126653513538367,0.15513688441497256,-0.036677755945236465,0.08259670677231624,0.12828691324778332,-1.6595238095238094,4.49040645128481
35,-3.94152357004521,-3.19056460840696,-3.01064439326963,1.64523963356095,5.46424221420569,0.511028722056241,1.65254859593182,0.139008901402479,2.29729860510874,4.75481022455766,7.09998535313851,13.0532416104912,11.3811464279198,9.25371379379664,1.12496145371904,1.65589182760305,7.53781699157011,2.59995760432142,0.524024478833464,1.31711920196556,0.979822873773572,-0.787621203389222,2.0275094283774,3.92076784345035,0.843656915228594,0.840750659636952,0.929969795018879,-0.496692347705784,-3.4336929713936,-3.82867042714243,12.0333482626867,30.1372470979274,31.6688408981338,15.9241659962505,6.53956261620631,8.74810772165573,0.301015631621274,-1.02418436490879,-3.9894828020546,-2.17595564631982,-8.87536529516449,-19.4032362146509,-13.9802133601546,-13.417224854761,-11.9956508931105,-11.4012277031871,1.7108454309681,-0.169627008520478,-3.52919301743002,-0.033945780182596696,0.0720014602812007,0.040401671681605626,0.14785271694227123,0.01064335384914233,0.05381032014449386,-0.12912027682444516,-0.019086023072269677,0.21074320560120724,-0.3613314349973672,-0.11131123455077074,-1.1407014601066516,3.7084855329253106,-1.6252775134348534,0.06791185557687407,0.0882500657339467,-0.16695826820833615,0.1417635370235574,-0.020530629169639224,0.07880362872859284,0.20159357044260953,0.1275317203406722,-0.2248375270075189,-0.21081435448382507,0.01868212581826659,0.1254467261542215,0.07282404034430812,-0.037999766997410554,0.07977246285876301,-0.14111800532113422,-0.0055322678265153505,0.007269744758998102,-0.2046594106830479,0.1080980260652981,-0.050764821849879536,0.005956600341531043,-0.0957979453467444,-0.20598540014472272,0.1556827352663492,-0.03514040914787564,0.0009869797849002306,0.024035561110420597,-0.022751400994148168,0.09319522015592063,0.01725445866787345,0.051212337649467296,-0.019350753785107803,0.1040720286308019,0.020339821620473788,-1.4686507936507938,3.3721130508806825
36,-2.93080669392678,-0.233758940550026,-3.54624630457866,-0.839330232296945,0.455703623339333,-3.16842245997015,-3.35940122999765,-3.00907547964573,-2.36399145012956,-1.24578551289878,1.66534510581504,5.84392187207083,9.25371379379664,12.7502298850575,1.24683016541492,-0.600359369185059,6.99631755761199,-1.06279221057853,-3.62627138960759,-0.238671975545037,1.61374987972233,0.0699471255207751,1.64153374922406,2.55100043660252,1.4097315328557,0.391862491637577,-0.559944323849823,0.214996351840816,-1.08804289091867,-0.331703427474665,1.39062935339353,5.91145510085498,10.6450914965767,2.20283623386469,-1.91161180481154,3.45053963538738,-1.36823549247214,-2.77485183589838,-4.35322907982317,-1.60916187251486,-11.1043528498829,-27.9138293958688,-15.4438331811645,-4.73940359498198,-3.4385820054672,-18.8354751892106,3.82352568434479,-0.858533817386157,-2.22021264295252,0.05741438616962162,-0.07277219152744971,-0.1387848983014493,-0.3228073822802105,-0.026511891874077986,0.529469120058191,0.13940124964821862,-0.12848367618167567,0.4349427951044043,-0.10602465875729329,0.004788769519412714,-0.14157057227625347,-1.6241897464407482,2.073687602044525,0.029444123153742334,0.23297828372841928,-0.6025618108409877,0.4594549795169231,0.047171359480319044,-0.2575960092519826,-0.2424731457574926,-0.021189762521794272,-0.1939020705610367,0.16411388401993254,-0.07387479440338135,-0.0028000734569313553,-0.036432634809436745,-0.23263445077842737,-0.10231737189361619,-0.2604453603528537,0.1674175816738651,0.1338732067351583,-0.15224369735397014,0.1283226124588579,-0.021551702363996953,0.10858032939534862,-0.12378117169410958,0.015993839597441214,-0.27827914691182626,-0.019209898693813825,-0.007869280838023846,0.006073493870603632,0.0012204467270962851,0.14955668216155885,-0.1412894642015407,0.11595275189006243,-0.01688007486854023,-0.014496658408780847,-0.03831489836212331,-1.4666666666666666,3.569345862347535
37,0.524832346674641,1.96329817809499,2.61987587340186,-0.946542940981107,-3.21796726699838,-1.34826172361942,-2.00374321117937,3.34271595709658,2.07816830872606,1.18460770943478,1.91173840171919,0.608209222354148,1.12496145371904,1.24683016541492,6.01897988505747,1.55525645734648,-0.0203582553693362,1.88775371420603,-1.18472903886871,-1.11825232870581,-0.389190753065601,-0.365417963286687,0.198457590901153,1.29364146944715,2.78943479164495,3.83711856846187,4.85964250688271,5.39498585705696,6.42947987714955,13.042959083254,12.0467423673007,12.8497642448809,3.76627408640864,16.4922364342647,29.2089657251873,9.53142803171906,5.20700359611273,3.21785133481253,1.621984508963,-0.453406205147247,-4.75972499492254,-8.36775210452073,-2.74516107010704,5.10672700939907,1.49817194580818,-9.78192892240686,6.69342420925619,3.51554285281171,1.19536430523936,-0.1332036449703772,0.00819574880289135,0.3625272462960544,0.187644132066958,0.1407044208691003,0.032893225267255695,0.4914976847828367,-0.4836333634750429,-0.04676188432633139,-0.2676413961452891,-0.6297768238158873,0.18478057097604375,0.04778969954924674,0.02277286739635166,2.7024367341395226,0.16454376540036958,-0.0962221863004551,-0.7549372060496901,-0.02544325383012334,0.14756891933710015,-0.266964998204045,0.11580040064473456,0.03616275037244404,-0.12868355067941825,-0.029709491908204762,-0.08365318531209896,-0.25814214387776135,-0.3252326099347943,-0.04087916670139501,0.02443318254875748,0.16246725023095793,-0.017188979926226103,0.1825292735169302,0.14232122564425043,-0.1477859036806517,-0.15660950553916003,0.021532669428075513,-0.20505048209453614,-0.40093677283366375,0.24194817602824353,-0.27463975723133166,0.09700748169145769,0.06035633687171346,0.14645217190126247,0.04414148462019713,0.2572715563420385,-0.13349162979049806,-0.6344694141332935,0.459208212982659,-3.2916666666666665,2.451322068814596
38,-0.218883072227871,0.0138510051107861,2.40658804552024,2.69995057158797,4.55938844582904,1.90566072706783,4.98534621148021,9.22675608439584,7.51592544569457,2.5106923252486,3.7567173919582,3.38514535689061,1.65589182760305,-0.600359369185059,1.55525645734648,11.136724137931,2.78223719570368,2.56040664450336,-2.37898937437821,0.0319807248799261,2.28784211309262,1.41810829520556,0.698045835493514,2.05552940383023,4.21456757773256,3.40477696004117,2.52673202129685,0.492214936951184,-0.120037792615148,5.40275654783583,12.9391739745662,20.7458536063722,21.117983953043,7.80523703345983,-1.26736005817675,9.6356868233975,6.98138146344639,-1.79185294032226,1.77700017676588,3.47816858475787,8.39544938706363,11.1815270070601,-3.09096425014937,-12.647278654311,-14.1835043506756,-2.08025069138494,0.878361021950267,-0.0426912670028903,-1.62893691377426,0.22417196841777443,0.01911810588607805,-0.24274665522004482,-0.008196870558964972,0.19370940662778785,0.16522186731737154,-0.35751251851112237,-0.46736761114206654,-0.02940309040166449,-0.14162401645208744,0.1056465787828129,0.19926099051681959,0.08768319867429102,0.23096306441393596,0.16117401894751518,1.6963086450963474,-0.03947931288235259,-0.14061588236791414,0.536745281358109,0.008019643318046332,-0.46544289265451116,0.040618416429016875,-0.04750651299185248,0.0010922874659359267,-0.09832786361606954,-0.02698393451780987,0.04263644330769957,0.07203807281922563,0.2890604473849815,0.23307985953844335,-0.06860384680283908,-0.16767280469615722,-0.19241556863460765,0.40069988133454115,-0.232224364939855,0.08810914950761974,-0.39500405047246834,0.012448380608676611,0.005447754218825947,-0.26154869771577366,-0.09738217914790465,-0.23129094966053834,0.5166895161473622,-0.14547187119536656,-0.09854888646079658,0.15352868537177528,-0.2151809272716276,0.5328805331495674,-0.11787615733891049,-3.55,3.3356744652215435
39,-0.542477441260346,4.79464984173868,-1.31334856444792,4.33599907324491,10.6595166546673,5.88241876616606,3.91525888067836,5.15254830966552,4.46529090508977,2.47902438253248,6.92029425709627,8.36245591747196,7.53781699157011,6.99631755761199,-0.0203582553693362,2.78223719570368,15.8545402298851,4.31422723141271,-0.544156876382835,0.435193559887087,0.741092448035627,0.955411408303554,2.20961934506601,3.18838296188733,-1.15628437162269,-1.79937456179689,-2.27553310237448,-3.39388476633391,-4.3352233929898,-9.28230516716936,4.33507976345375,19.1557176537022,25.5912802428211,8.38515503836457,-8.48907688779385,0.228150466139637,-2.42546592713612,-8.41818957759651,-3.31787152443083,1.48158289333002,-1.55830405278033,-7.8873297986792,-11.8302593009473,-20.1043214890724,-13.087563530391,-1.21962852356716,4.69081117360836,1.07928239525199,-0.931148405327232,-0.27316595836914653,-0.5297017663019868,0.27676955727172065,0.006153796734571473,0.14368609890841794,-0.277791040650066,-0.048752916309208465,-0.09974329903280521,-0.30691036660387566,0.5282926641067115,-0.3518143906835258,-0.15630991444463704,-0.16726142036138905,-0.60363954449179,-0.09328013453493132,-0.033881232660227974,1.6694280304338829,-0.7660328496535029,0.371647937557736,0.12569219299402784,-0.11309809825378932,0.01212981971144537,0.02736646896441165,-0.1480338965083041,0.18383988261682724,0.030789847326888702,-0.012063934134844377,0.327437428311849,-0.2166514700782888,0.11128888859233596,0.1084412222864061,0.26830639929187944,-0.40104292345103126,-0.06355570991055141,-0.07418715398247244,0.10094836437555957,-0.008074056144865626,0.36799436809858577,-0.11258653549858645,-0.03805733499149941,0.3232956618021981,-0.13292767721965276,-0.004911758762910137,-0.00023181359922984948,-0.0925239256696119,-0.09184477262723544,-0.019179133053420075,0.1771230901943651,0.0551878170401823,-0.18333333333333332,3.9805200954002298
40,0.227210136744815,-1.13382340042506,3.19808695524071,1.88665039827385,2.15721848962615,2.21128453182334,3.22648447375554,0.761267080102944,3.48404932262423,3.33335022320788,4.87013239377634,6.55657402095447,2.59995760432142,-1.06279221057853,1.88775371420603,2.56040664450336,4.31422723141271,9.00058109833972,5.79134967158096,3.73151316739642,3.05985085548724,-0.673641356621272,2.6114903871723,3.93220778008693,3.42574280582878,1.96109870155089,0.564208948226289,0.469155624619498,1.18653340034575,-1.75954902464754,13.6718551594821,26.9006004936291,21.2360889214046,15.4589268222761,7.60732062701842,2.22147199426455,0.0228897851370956,-2.75097082714001,-2.35725251633902,-1.28722653482102,-4.01125215136375,-7.426173383026,-10.5607759767634,-14.6275827408437,-9.70915491473199,-0.952656367570862,-1.07867581153655,1.8237316848451,0.015897731796283,0.08164378241974503,0.11061040534687815,-0.5438005327624368,-0.25164177182648456,0.272749334361259,-0.13284450966166425,-0.2315274209629812,0.29173114910714965,-0.0042851717900812825,-0.18354431646215133,-0.16758026456950242,-0.17616105866289633,0.14977841092154295,0.4636898886291226,-0.7540889625800361,-0.1470174426124473,-0.7683406643944086,2.0362237217683066,-0.20752414304444472,0.10838038983365784,-0.10078403525478241,0.08349941785959668,-0.4757340531000978,-0.3901147273956163,-0.1450081742814839,0.011156673946813833,0.21366331219288978,-0.01359156624822474,-0.27520181094435797,0.2461262705211214,-0.017294977037803843,-0.34081103667073986,0.45058349373174345,-0.10083550173058362,0.20437581802994553,0.04017079915723695,-0.2159977537477873,-0.2009386730356933,-0.023911045873512227,0.19669350467278252,0.22216526183088603,-0.09014393048633933,-0.016675621650414457,0.09506691601190399,-0.007951019281569017,0.11402687289746294,0.1170858975408174,-0.03368604270926556,0.15230346307552653,-0.8055555555555556,2.9984297721206876
41,3.15984657319431,0.608874791241982,6.32908651749708,1.32606250977541,1.55953718712246,5.29285652152239,12.9703334414327,6.60099079315698,7.03213763904693,6.72751022597328,5.52399074159553,5.28083155836995,0.524024478833464,-3.62627138960759,-1.18472903886871,-2.37898937437821,-0.544156876382835,5.79134967158096,21.1701709947495,12.2723998760757,3.00007255783399,-0.287101590665592,1.6839593307951,1.94387064180234,3.76507107827122,4.34935428560823,4.97825082142755,3.45537437195424,3.81442754640273,0.779676284404149,15.9251958768226,28.1013187053238,16.7827491325599,22.8900961262824,28.8849967052564,2.00384524791827,2.22729049680558,-1.03839047489015,0.284072276004363,-1.21863016576028,-14.3582975422266,-17.8591063488029,-12.927612837852,-14.0343874708029,1.26235483363914,26.1170120623968,-2.5441929026859,6.7328951520196,8.31541595472795,-0.10820476501758157,-0.01707489377456723,-0.1845919634984159,0.29769291036506623,0.13517045959044313,-0.07591454982125106,-0.28367687192398644,-0.2866724786351021,-0.04285139675549762,-0.1414466566402022,-0.19768809540827595,-0.21974652136164866,-0.021486413324710518,0.046353291913878436,-0.024927929917475635,0.5360519120648982,0.3715889929958828,-0.2068141414108828,1.6813272105595356,-1.3511513710710077,-0.07069196527690257,0.1285221555312365,-0.05622959562256775,0.01424259030661137,0.08694819947910153,-0.03290858856399691,-0.16337810697877486,0.47326066381771376,-0.03573465993577998,0.17447046457728466,-0.02727247172157062,-0.06196587426817413,0.2025593381397985,-0.20456796394931973,0.06684945392188799,0.17714358269322505,-0.27062976656192106,0.06426170185742215,0.13652176122055631,-0.18500875543314563,0.09566813045826131,0.012192137339643368,-0.06138691677451241,0.05894949953223107,-0.06789016264649794,0.008210311733555794,-0.007455401456871772,-0.04288680184324543,0.0418594270533539,1.2574074074074075,4.60001858634827
42,1.27029109138076,0.340348314196863,3.0129591136088,0.198471870435324,1.100490725309,2.17978431030368,7.5551928418004,1.61370699948963,2.30861372735334,1.83449856509661,2.35336762519508,3.64192543664091,1.31711920196556,-0.238671975545037,-1.11825232870581,0.0319807248799261,0.435193559887087,3.73151316739642,12.2723998760757,9.53871545515822,5.33692736768635,0.610289033595708,1.86265122412545,2.71201331565989,5.19882968011724,4.55164470105985,3.86246793549191,2.526933543025,1.77409414610661,-1.35278029557941,9.89956981737412,19.6030177408098,15.1473542721413,11.6003842608973,11.5685539726852,2.45083186267934,0.13084040653849,-3.46763908361707,-3.83656308518269,-4.0036505415944,-10.5921170052614,-15.8443888621721,-10.901217066706,-10.2140182854872,-0.978854002515195,6.1267915111772,-0.916462849349572,3.50068723519731,5.33082804812087,0.2854050398824284,-0.2617978219052718,-0.09529067186920331,0.06207407973782894,-0.03637800584417025,-0.06395600933358749,-0.026987674754816404,0.0650954498772742,-0.12719481990082046,0.05461156420639913,0.07098071221738159,0.053457489103763564,0.060337416196628364,-0.25659917797242626,0.1421052622269539,0.009706172429176357,0.13533580788683378,0.10421337160910087,-1.358190864304932,2.9179029114814625,-1.1361477790726096,-0.0841719978732996,-0.08913829470480171,0.12585345160781974,-0.14136232995124934,-0.1787661128043243,-0.0569052505275134,0.09234532223477113,-0.1195016596360197,0.07037044965334181,-0.005210699512797743,-0.030727221578830375,-0.17061791681197505,0.3497337405147906,-0.14956998639340377,-0.12136140406223953,0.24195456643337546,-0.0018274686629110642,-0.08927904437178112,0.022320623884378766,0.25305611245780085,-0.13393549683593856,0.015889676549725867,0.07956254825557448,-0.025323443436546512,0.0031408576388947396,0.014934266708760389,0.06777698654529056,-0.012007582712587783,0.30509259259259264,3.086861748630512
