,Cov_0,Cov_1,Cov_2,Cov_3,Cov_4,Cov_5,Cov_6,Cov_30,Cov_31,Cov_32,Cov_33,Cov_34,Cov_35,Cov_36,Cov_37,Cov_38,Cov_39,Cov_40,Cov_41,Cov_42,Cov_43,Cov_44,Cov_45,Cov_46,Cov_47,Cov_48,Cov_49,Cov_50,Cov_51,Cov_52,Cov_53,Cov_54,Cov_55,Cov_56,Cov_57,Cov_58,Cov_59,Cov_60,Cov_61,Cov_62,Cov_63,Cov_64,Cov_65,Cov_66,Cov_67,Cov_68,Cov_69,Cov_70,Cov_71,C_0,C_1,C_2,C_3,C_4,C_5,C_6,C_30,C_31,C_32,C_33,C_34,C_35,C_36,C_37,C_38,C_39,C_40,C_41,C_42,C_43,C_44,C_45,C_46,C_47,C_48,C_49,C_50,C_51,C_52,C_53,C_54,C_55,C_56,C_57,C_58,C_59,C_60,C_61,C_62,C_63,C_64,C_65,C_66,C_67,C_68,C_69,C_70,C_71,Mean,Std
0,692.38936873847,971.271499380444,717.564985896556,604.628823016284,461.674316913743,434.006575624574,214.975764967569,-13.1469224533892,17.6993270455455,6.44547702272289,15.3456529966062,-1.87358999102559,16.1504713801402,0.371521168799256,143.535556263251,22.9365230734122,11.9963300666203,25.5901069503981,8.73857694952119,-22.6153674948755,-6.56932690553113,-8.37402392276561,45.7656464768888,-30.4884692404222,22.0829636707269,-34.6166352716117,-16.07606824621,16.5547529295512,-45.7875047278852,-12.4339164397789,-29.262321260178,-47.7364251019146,-0.905226983105239,38.636003777508,42.1549793145166,8.79301603111486,9.79577676848053,-75.166348157411,65.8027385616928,240.327014535203,265.817892248441,135.23815600105,-52.4076143811396,-28.0489412360329,-60.7575786262367,82.7386702190579,3.26659248330442,-49.3824765612093,-56.9092679201712,0.4028856804247477,-0.0846043164758389,-0.13848836214361407,0.027279071541655795,0.10418129822739577,-0.15525363773547388,0.2012138672936142,-0.008085858870881493,-0.024124706553185205,-0.20570095448929757,0.005821406598926615,-0.07388111201368798,-0.2077654058631028,0.09704397224264004,-0.10427228354186317,-0.47955891323311056,-0.0008024066839272664,-0.07409609092920955,0.10819394037073567,-0.08814257679470931,-0.13237914519127095,0.08614600542715845,-0.013660931031867605,0.015358158591012576,0.043035120799975346,0.012492890422443144,0.15023255830760288,-0.1410313914029583,0.0967370465794283,-0.28484403582879203,-0.15593917904385254,-0.07029155248630693,0.03415269169774222,0.011423089996080896,-0.13948794066226392,-0.03911712470428289,-0.0857000144033808,0.19019976318990744,-0.02869416658049965,-0.03137450247605232,-0.26256652164327193,0.012214476684687668,0.02832160937311288,-0.03903549360769374,-0.08633738212192278,-0.07098923872076282,0.19090547436261188,-0.26139126612983016,0.1134891762156191,16.1587037037037,26.313102605707112
1,971.271499380444,2203.35077200404,1551.29728397194,1390.69568555693,1050.29627545287,832.452673915244,416.315528943409,-11.7173000927876,27.777118863883,1.65069526992609,24.907937217405,-3.57121278951913,19.763999143468,-15.3624526282979,173.897757269643,33.7791197455754,27.257239672472,34.9390974033169,9.40929126304907,-47.3398072509199,-17.5181194073792,-19.860700794147,86.8823468497626,-25.4022915145416,13.084658740671,-45.6105726530499,-12.4589280980878,-69.0740779805379,-63.247712245098,-55.0197440459415,-64.2193830482486,-89.7265570615231,-5.76601636198184,45.8017416632616,29.9699309928202,112.289308738737,-43.9121775225523,-141.123990312044,119.07273785979,395.793485789035,294.204833337175,55.7356244814309,-123.435952290795,-182.01589712108,-103.469330264759,22.7073449281692,74.6517397668042,-120.201053992868,-104.143546858716,-0.08399313507390065,0.12028164114152248,-0.007824278244247423,-0.014827117979705725,0.029937519029126173,-0.01781301703030392,-0.07206596571765814,0.06934753829473313,-0.007891336918165048,0.12072560904381728,-0.1856370309951392,0.07954374840243111,-0.01216486773171708,-0.031644408402874684,0.0023198768296319628,0.21481099204743864,-0.014689225368427731,-0.010951042330429296,0.021426628698074365,0.04561416375054326,0.025758168388993814,0.062323102773826196,0.028765999770522,-0.15427313933380885,-0.049744964580168784,-0.0632275572442887,0.01649999977106805,0.007601418456239608,0.12978093647178662,0.016873986365044204,0.05868403107529018,0.06349921997932026,0.03390577016175831,-0.06976997726860569,0.04250539829466144,-0.09927125668861407,0.0020373975540462475,0.047550510449552434,-0.0716700930181286,-0.18379137766947154,0.09675691568174082,0.06145544816424101,0.06189834809744237,0.03503026675740053,-0.05325549836755902,0.057696991404681354,-0.07684689849750266,0.05482296658006355,-0.02068670748469224,21.981944444444444,46.9397568379305
2,717.564985896556,1551.29728397194,1652.21565244962,1371.02008958647,1030.63877340355,776.713626316326,333.536460283316,-3.14207784048723,27.0619228604458,1.45069737245717,3.62561325223019,-0.93931381931917,17.3671257886594,-15.5852736190797,32.4521495031046,35.2535398073082,8.88834733390495,22.6443218537827,-8.3481182044755,-53.8207533629602,-1.51219233786305,-6.08869411356594,96.0193882092983,-51.9696126763168,-19.9722037644032,-39.1845435496012,8.9610549113527,-69.2940244753636,-41.2454712859904,-29.8319090637604,-34.4324230530986,-70.8573623493448,-7.10271319344693,31.5733191735209,-10.3676057570033,93.7968740324448,-90.2975445891382,-76.2762819108864,79.8061442769224,298.663465790709,180.976777992805,19.5024415476657,-103.127552866475,-201.68012130978,-82.5616426688076,46.7616779888825,48.3268560400987,-159.849048729607,-69.0055548253141,-0.13884294346588483,-0.009298121792666912,0.32664385257372425,-0.1587705990360649,-0.04080332562864648,-0.19723558090616722,0.04991431764976925,-0.11219292687846327,-0.05629547664512521,0.007612418262524458,0.05575482972635825,-0.01868940056163497,-0.07273359038517707,-0.1972146891556944,0.011723818564138651,0.07713139826822105,0.061779044757154976,0.03271893121664868,0.06205302560447524,0.1252478455912535,-0.04817352225911397,-0.18216345905634637,-0.21899044748411942,-0.04179061081585809,0.06977061403412464,-0.059602750884925684,0.015332267013900822,0.067051373076946,-0.031118025931273028,0.35467750672377607,0.2084665611668783,0.07124208344660556,0.14072729087844218,0.08332076091721137,0.3450939631146265,0.03738277833101305,0.1141960359707167,-0.3157655929760136,0.022546354530632307,0.08876899228723723,0.15724598430802503,-0.12332741584908621,-0.07139193024947522,0.08160011050998418,0.10155591593570358,-0.08784437786406515,0.04290589404389806,0.030700953817216804,-0.04376119377981661,16.332870370370372,40.647332660946205
3,604.628823016284,1390.69568555693,1371.02008958647,1443.00480442919,982.29085743337,661.749634446818,365.751597444266,-4.0136486889099,12.89757923988,5.89523407067901,0.825982871613964,-6.68488359107086,12.3233895189903,-22.1164032702472,41.7167551326595,27.7231054167917,13.1611138817733,26.6993056731403,-2.73341134380759,-32.5872028205912,-15.9583760134268,-15.7157712462326,76.7304233414795,-44.5088074329855,3.4455240639311,-31.1948537712977,17.9228637262845,-64.0926855904892,-31.4412971512509,-25.2711094109961,-16.0044332540323,-51.3969078309198,7.24001755146236,-0.578381200831407,14.0287297543757,85.9621702673378,-73.3652644865476,-93.2842234978887,94.4462258912502,329.417437873206,229.172603321691,49.7874644210445,-62.9496949615094,-147.509974978659,-59.3716876620762,59.1843631745606,78.7697892462245,-102.903829737822,-41.2261213722068,0.02880808032585932,-0.013427270280785095,-0.16286140292761206,0.19742293144296053,-0.07852951713944119,0.14150337167196259,-0.044442124018608566,0.012681373509377689,-0.011647259401380818,-0.08176471312452786,0.13058534419251144,0.17346456917621997,0.08010474029471662,0.143514989728035,-0.014157654539304329,0.07753687467984721,-0.05390596757552744,-0.04019728770634151,-0.03727225402467387,-0.05702861745548181,0.10881409031044942,0.03707216663684877,0.17136204512265574,0.0007835356025097832,0.00316037745952638,0.0682561661548347,-0.15905916150028446,0.0008380868103275775,-0.02721124979841256,-0.07565200661460307,-0.2951077399306491,0.023477212472192185,-0.1810432957669182,0.041355069944127666,-0.2649851930292062,0.023936161059060275,-0.03896305668316798,0.14113811267603504,0.003930812753520581,-0.12840043886709304,-0.005432965009504431,0.05899997242320869,0.03258375563003054,-0.01558072487772203,-0.08158965372417062,0.025874013011266572,0.016006439844485992,0.012428750730993742,0.015177088947143716,10.909351851851852,37.986771439926166
4,461.674316913743,1050.29627545287,1030.63877340355,982.29085743337,876.560085000709,564.099441282287,326.30527633292,-1.70745994397483,20.664765073812,9.30669314796531,6.99922556321838,0.908448863657811,10.2919809750655,-7.76856049699119,-7.47217912349896,27.8023042355337,12.4995609631631,16.6146374511636,-7.37166839958216,-28.972485256804,-7.6246626055742,1.31673270687109,92.7385969225468,-15.1604576123341,15.5171903207823,-2.69670475257719,9.32932956520455,-9.461285965038,1.38360304270684,-2.76368338408965,-15.9998794261586,-42.5120973877304,12.0166908682006,53.4006084396205,9.81870023249482,103.232506943288,-38.7202716563975,-37.8912938680986,59.4729592196292,225.699611665597,154.892725508228,15.6170195382543,-62.8016580078918,-43.616521926625,-20.1543660028736,8.04206376529001,28.4538179543316,-55.1960081575275,-63.3514393962865,0.11355746295203259,0.026515540424431244,-0.03789320260852093,-0.08361335018422451,0.3245283073338764,-0.12678985053664552,-0.0055905923253497854,0.2596682191194865,-0.06270487479525287,-0.13398889503590383,-0.2853641026335963,-0.17457214877075672,0.049496807308415276,-0.07576767201263379,0.0009171290020475849,-0.21860352998423396,-0.002399058011254216,-0.01692333684682473,0.22552114445441834,0.05013699500815118,-0.13829939350353165,0.06874144222896109,-0.24480278225722463,0.12251341425283298,-0.0547812662063618,-0.1530247221197642,0.027421377905872533,-0.09024430313998358,0.03944242808392125,-0.08495293976807118,0.08513619807570362,-0.018463694705925265,0.06330543996922237,-0.24132269229258888,0.017877587582124425,-0.17068906353054117,0.0938186540512181,0.11418645424207637,-0.12111493773614544,-0.27878736682017985,-0.0401308758139509,0.1461558262265707,0.05504219965213133,0.028775863147980765,-0.020463343595351298,-0.00691778185880554,-0.02854488056866898,-0.1316444740532482,0.1331239574504433,6.4040740740740745,29.606588540402786
5,434.006575624574,832.452673915244,776.713626316326,661.749634446818,564.099441282287,518.692458195275,255.155835213549,-6.45317301086572,9.1135176423156,0.837357815745775,1.14845764818224,-1.81507927652937,1.77055050456031,-13.0439100940408,15.6411394594832,16.9774816393363,-0.418557532960906,13.8856343711335,-1.82843349868391,-31.9533704218853,-4.91783367537585,-12.1933765420675,46.4550881462326,-35.8620440960757,1.76650577206294,-24.9957227692929,2.40902908833333,-34.8280626107558,-12.2159857238269,-5.16777717893724,-20.6279534179349,-35.3921738492228,-6.15784534525674,29.99899682206,23.420805948839,43.7356692574544,-26.4813548727712,-63.1287585068086,23.9050558913048,159.546631364353,131.098612478717,18.5475116852948,-69.7349430211126,-75.9765835178227,-53.4240606970338,-24.3561438909321,-16.7763904610975,-69.7496239958058,-69.4425028304397,-0.16836860759258251,-0.012754917378482191,-0.197173244693154,0.14699894971345634,-0.12842498208259953,0.6724287265191153,-0.32113629586120496,-0.0391423081350175,0.11225271916428389,0.044864844969303506,0.21865233672899143,-0.03915020112211475,0.28637028333382253,0.21255772257873115,0.1861343477572357,0.06524797110004352,0.1501781754173246,-0.02609007638429603,-0.12763141382381332,0.2339383822262894,0.13358204187953027,0.011586144046976303,0.1842789643941459,0.20761437453876516,-0.0965210936525486,0.09261866199314674,-0.14523096515171446,0.10273774334388079,-0.19701634107452262,-0.021319055972640735,0.09289587870275168,-0.22499718281002726,-0.29084062247483855,-0.15338664676050315,-0.4776742366160288,0.07361068144083822,-0.001808450300413849,0.20901239126561563,0.26061720336122846,0.07862540451059699,-0.06540517122811515,0.1154340939626626,0.16954646491632722,-0.1367708736473443,0.12395966066868966,0.08702561262346793,-0.17976760561724187,0.3006583805863793,-0.14311129685238347,6.342678571428573,22.77460116435138
6,214.975764967569,416.315528943409,333.536460283316,365.751597444266,326.30527633292,255.155835213549,822.611446850167,2.23946193944994,3.41094638277712,-0.107112708096229,-3.26562909358877,2.58347186053483,4.38571460755261,-1.09057577443254,4.98344383835766,14.840389437671,0.525975631935535,11.5100659946851,-4.58604750205996,-9.70384366088682,-7.09053710064763,19.762457321823,30.0232054947628,30.1554240995767,-18.6013867152406,-6.88372462992203,2.18046405771922,-23.631443871117,2.12362002911819,-9.19231385352674,1.04859192679514,26.471957520522,-2.20351807127104,-8.28613700569317,-11.752790563821,21.2640606372607,27.023361227554,62.244869198646,191.643769300324,355.819937600699,420.741402711619,408.430014334434,256.265109575547,227.089507024029,-59.0648928914481,-38.4039615063058,-55.6088406725764,331.497427959837,247.355585011759,0.21094009699733088,-0.0733803907770448,0.05183744339664522,-0.04906746626704064,-0.005048010828466283,-0.3253947702875864,0.47804455880729024,-0.3287800549530287,-0.05310644975291957,0.05981289435381817,0.07756826032657467,0.024236729735194744,0.01013549499790013,0.008518509918466368,-0.13296679482038457,-0.1955597371767973,-0.0810599012809854,-0.22427182700519524,-0.02782105052728557,-0.06066255100296964,-0.05131945011412336,0.09676110072879396,-0.17274977759466092,0.013824152059983679,0.2288491076734519,-0.08499564270105792,0.20105244056739432,-0.08878486242219787,-0.007782475743080573,-0.2457765538238542,-0.11336505360108957,0.10366839294476367,-0.0021345846855432755,0.23639138809534657,0.24020248109298983,0.08791191703368868,-0.05273682565060715,-0.16326959445749875,-0.0632334859691372,0.0038960743557545367,-0.20080176127797963,-0.1558492404086961,-0.1406168809381774,0.08140901676549343,-0.1002954636295821,0.07052669802919156,0.22576465492252593,-0.371338339573151,0.10554119453042902,7.713564814814815,28.68102938965348
30,-13.1469224533892,-11.7173000927876,-3.14207784048723,-4.0136486889099,-1.70745994397483,-6.45317301086572,2.23946193944994,3.8248892724741,-0.557391601870341,0.342149397437506,0.328303954131932,-0.501965276648341,-0.279565586647274,1.4823330058616,-12.0576673253859,1.0556652447337,0.614316857576375,-0.778994019769959,-0.412324518920758,0.129633978105222,-1.07512065040375,0.616807816762348,0.679937361832501,1.31724237130674,-0.795309801048655,1.94391334368609,1.12314149234352,-1.87242076888169,-0.0632292471968915,1.57385746682521,2.43790561766651,1.53497113187429,0.140988706529587,-2.8019728661807,-4.70711556006445,4.7334428890042,0.0007490137635388,1.78266017639462,-0.46503597938758,-3.84016732917537,-6.57930763523194,-4.96704406069988,2.03535848386254,2.62630155300141,1.45213317752752,0.614348445247137,1.11483723948359,2.24187943626292,-2.62682017204609,-0.002349643668743863,0.06909990166675443,-0.13026500372758235,0.00887270188550969,0.23929997025164096,-0.055828128427820874,-0.3428505267968469,3.212660608395477,-0.023085422737685487,-0.022751843738668676,-0.27908055094706874,0.2795157472406851,0.013280308210041399,-0.611612068216267,0.05950594505293916,-0.3494989076988438,-0.32442112540231877,0.27268631836639384,-0.11598719566555828,-0.0015376262767667714,0.3473726316443733,-0.06848594768338366,0.17734584954329732,-0.0841338861523721,0.1020038450420453,-0.5376408319501024,-0.4158141007749162,0.03705660850072953,-0.016051452313359665,0.03594961334636537,-0.29179072231497677,-0.10059750752200633,-0.13746861889152118,-0.21356309774870896,0.1623433412214061,-0.31577672808254487,0.0685221678902854,0.19985796195691227,-0.3379456077422598,0.21026446486017192,-0.26885981793682995,0.5291011826242287,-0.19543420996508534,-0.013969431408679896,0.20916499581187362,-0.2510441637051936,-0.2759802634931738,0.11883436547586952,0.32043136565211183,-1.6149537037037038,1.9531741531348663
31,17.6993270455455,27.777118863883,27.0619228604458,12.89757923988,20.664765073812,9.1135176423156,3.41094638277712,-0.557391601870341,7.47571130667305,0.849615174030668,1.16211244967614,0.627967546146309,1.0723860984212,-0.484096336602099,24.950688911418,1.72971051062882,2.39184758065481,-0.456824560192044,-0.214283230629287,-0.835609630220379,1.13258750771831,0.726017776869584,3.66551217200794,2.88770024283556,1.1381807015306,2.99311580165832,-3.52193650905921,-0.174386048129878,1.90068890163793,0.406780823948866,-2.83903477005035,-3.02546064768218,0.400471181276551,14.6862879562803,-0.465902476645905,-1.89955893786123,-0.166695594206069,2.38997108924072,-0.0392343642949917,-1.22688747706892,-1.20986299816051,-1.21566345031139,-7.75192023747987,0.103969686854285,-5.83320093755767,-15.3125895338593,-21.9421145170192,-21.2757243756718,-23.4806662022504,-0.022866405444978557,-0.006550538906308763,-0.06586762586988437,0.002568243994392787,-0.06495066828250406,0.09728683585193558,-0.03560553177593692,-0.021825483302096573,3.7748437274178492,-0.039286934366328415,0.061845078118762616,-0.6020861975323687,-0.0644873684241328,-0.061755470669818284,-0.12079335170254216,-0.30396434714672205,-0.7622585337903012,-0.03603802577457745,-0.18516089937644237,-0.07292826447213993,0.21530105328989996,0.13847111959530842,-0.02147748654064382,-0.2918549483773772,0.376843090211711,0.011919864087154383,0.06731629963180556,-0.05202149486756404,-0.11644426232290801,-0.15386496711971953,-0.010594373565003718,0.0526036884781595,0.05920652318110907,-0.772302999381865,0.3973205379079513,0.5741310952451639,-0.43274826473516964,-0.01414766531457566,0.12245455669194039,-0.3971794020791742,0.3573087553258568,0.14665990941536292,-0.023742706480388866,-0.19821667189829462,0.10799549270547629,-0.04098822516948718,0.24174801108374408,0.2931039609772643,-0.24339442967446562,-1.0756944444444443,2.732345385684806
32,6.44547702272289,1.65069526992609,1.45069737245717,5.89523407067901,9.30669314796531,0.837357815745775,-0.107112708096229,0.342149397437506,0.849615174030668,4.67300287356322,0.3838717993783,0.124093295947086,0.429462521580971,-0.0075068695159907,-1.84890396076975,-1.76852836568701,1.61182699712716,0.626637363121961,-0.607913288642836,1.09766580468563,-1.24765573315727,5.93337855798392,10.9120178715938,16.360157727896,22.3053296911102,22.1855252554187,4.92898763300662,2.68896401482473,20.1208445573597,2.9373569629723,-1.2720754892194,1.44400991143262,2.78054574979476,0.544622118685461,5.42269025363263,11.6937598647132,14.8269086323889,17.7442478010473,5.49383714350212,6.78047454913963,7.63240419421485,14.4765588323947,-0.197685182633556,55.5324873845673,19.0906284287102,2.41903706720172,-4.26382144351636,-1.54027346178474,-4.84109198565504,-0.2072917169541377,0.12479943344832783,0.009998923411091657,-0.0894185491213442,-0.12032708412088966,0.06043502087892712,0.05757769463751661,-0.025782015081762942,-0.035855149039412955,5.052367368496307,0.008405143760321768,0.02805578137058859,0.1437879931626756,0.06444217880055729,-0.08585900003052836,-0.20560498614206513,-0.019842053039375026,-0.018648659521906724,0.25751460999212955,0.07678897036044366,0.5287074561386054,0.03017721969481539,0.44323738067477825,-0.5217233453474834,-0.41877711219324515,-0.12746389546600834,-0.0830747362144024,-0.07571230195219347,-0.1117638737527308,-0.5053846538735762,0.5895528047266615,-0.02621133247881484,0.16141340630880407,0.04578176879375996,0.19885061548455032,-0.11101834926306732,-0.20029828904088262,-0.008075322830416991,0.05878993522076928,-0.030857196188154447,0.20105266250169174,0.001093448105943668,-0.2101818174460588,0.023339899718181747,0.1291256598472252,-0.11264440363558946,0.0245410487387626,-0.1397710648259738,0.09072062810882771,-0.15833333333333338,2.1593987296382333
33,15.3456529966062,24.907937217405,3.62561325223019,0.825982871613964,6.99922556321838,1.14845764818224,-3.26562909358877,0.328303954131932,1.16211244967614,0.3838717993783,2.32893358876117,0.338953573851807,0.600223784280254,1.31079408539677,7.58089546093021,1.39060383169764,1.47658031992267,0.49322905340198,0.77220977024519,0.198366425388017,0.0128729083613803,0.795678023215028,2.19609473441754,0.89611323100201,2.14700952515753,1.94203289014988,-1.73435337575328,2.87044215696445,-0.33576647275806,-0.672031963792639,-1.22405967661103,-3.3146517512868,-0.489386191801193,1.54118753657355,1.37579011471697,1.97174157167248,2.15553373963674,-3.54461340091948,-0.240827360229807,1.15964355707709,2.07741537610281,-0.998098742057564,-3.83220466137355,-0.455818199789927,-0.209344792494091,-1.223062826743,-3.79877326584701,-7.60936247782492,-10.2120473043261,0.005063589102057882,-0.18063636423034254,0.03213959673218907,0.1419392392895134,-0.27242338004144007,0.22080740180318834,0.09310931216023831,-0.1539062802001957,0.05308442595185378,0.018012317376243564,4.268613095851737,0.037882326076753244,0.26798781584818765,-0.8951243791894115,-0.06973077289981953,-0.02813180057520488,-0.0028566903898103683,0.1010281222510965,0.01600168203208805,0.2427751269569879,0.028838110941916042,-0.24606044997549578,0.4159924699060972,0.5450606222578346,0.05931200816662965,-0.6794168345078229,-0.00391213200745489,-0.06946425562177339,0.27781554971864797,0.14750036277085501,-0.08406749724472824,-0.008699872092393646,0.03861497821601285,0.03028905863286495,-0.22530375513821158,-0.31496685865276075,-0.027489616966631377,0.23458455498726333,-0.0061159045557829484,0.32410397393197304,-0.12302781388039129,-0.14880584229677604,-0.110515593740485,0.032606231166031716,-0.11259214399128624,-0.21279589946758476,0.42268240856188355,0.09012138206798931,-0.1547119164700579,-1.561111111111111,1.522804514296295
34,-1.87358999102559,-3.57121278951913,-0.93931381931917,-6.68488359107086,0.908448863657811,-1.81507927652937,2.58347186053483,-0.501965276648341,0.627967546146309,0.124093295947086,0.338953573851807,2.25833373243934,0.49456256353882,-0.758532527865185,-1.53947380095588,0.501036805168804,0.534511769138514,0.1377847918141,0.590248671475543,0.118033038498138,0.101955041607912,2.18290016145189,0.284841601056035,0.564366616363233,-1.83107643247724,0.10747488433554,-2.63469308007754,-0.242986450706828,-0.324581108462798,-1.7929666258888,-1.94626363314118,-1.53884702852888,-0.589946673763961,-1.55248886028094,0.195062002106211,1.58036127927546,-0.377144995038476,-1.99753047268766,-0.620325836401549,2.34264672958866,-0.346128878119417,1.59879397990144,8.52044409367621,2.35312467079152,-1.36765343498786,-4.68366025323065,-4.20920098746348,-1.24685510418451,-2.93605662587245,-0.041056232089643284,0.06444970869037621,-0.01637431385430421,0.1559380738711372,-0.17275856379631852,-0.06989505594769362,0.03239926988438458,0.28606708673222153,-0.5715537505648104,0.027342778347119095,0.04711851470958865,4.364208272509301,-0.03423404238011271,0.12399375201511909,0.03744186479312739,-0.02201879693206243,-0.08158108736061426,-0.012915952689542974,-0.0520109045408155,-0.4789935967927303,0.04965650796310965,0.23632657279733602,-0.07337177197373235,-0.016819921858476444,0.5598944488580796,-0.18105084898403825,0.6301567464058051,0.03335089363452721,-0.18638178111862952,0.45207640764545876,0.19296405543677322,0.17287597934009818,-0.04273511921614006,0.2527681510513041,-0.2587493336633711,0.05100749331374314,-0.11193427519062736,0.06040683882755797,0.09711214133227183,-0.6318417845261605,0.44320518410290216,0.07325932348711295,-0.17350230320426943,-0.12057205876496309,-0.12003536099581416,-0.048512843142632475,0.054362371041373016,0.11347354624954895,-0.10564329459927947,-0.701388888888889,1.4994444746102924
35,16.1504713801402,19.763999143468,17.3671257886594,12.3233895189903,10.2919809750655,1.77055050456031,4.38571460755261,-0.279565586647274,1.0723860984212,0.429462521580971,0.600223784280254,0.49456256353882,3.32199904214559,1.1333828868641,3.03650724704632,1.29397863941309,0.698316211930665,1.4031668314126,0.260131937040769,0.0934635176532572,0.583697367603069,1.33952350130881,5.45662250589,2.36019077971183,4.20031333776309,2.03085902570189,0.0358890166890541,0.507645306549884,0.625446611665205,0.615816076550773,0.682374828178691,0.601636474963078,1.23131914553279,1.03524276677847,2.05626317497736,1.85120687028507,1.58430766031306,3.36458888415337,8.37084729328399,11.6948996290436,11.2924619427085,11.2699814889953,8.65756430982518,6.17649996002877,0.168685742196994,6.03444680047258,2.59683950644838,-0.832460885898115,8.06426759862042,-0.19436310986426056,-0.02157134363002962,-0.06616063440660115,0.07350492964753444,0.04185601974328647,0.28405470651987375,0.03815662121490304,0.01467213867465881,-0.07364336228298159,0.14119164352796684,0.31329908104327775,-0.03637664974384585,3.3422038906765077,0.007033871037592873,0.06061967706542266,0.1095325518667085,-0.021807565912581876,-0.033921646579259834,-0.24672592599977977,0.013148797694738758,0.11857372818247289,0.8290583032546762,-0.8562573156498121,0.25697845677976067,-0.31506493348027054,0.10852965328391262,0.09162280751884463,0.0072334925497190535,-0.19008659959492982,0.03794542879473104,-0.35885572228372725,0.2541358507596934,0.09079500084922293,-0.1425543244144369,-0.18816699827278133,0.03814973907397411,0.5704418009890214,-0.21767491084517793,-0.0948409626660402,-0.14902753778137467,-0.09436291508824969,0.27533090850514513,-0.3889225319889054,-0.035961742450836894,0.017026483571899217,0.12024568328332885,-0.06921615177844967,0.061343761259307225,0.013712384340126574,-0.6016666666666667,1.819889843409648
36,0.371521168799256,-15.3624526282979,-15.5852736190797,-22.1164032702472,-7.76856049699119,-13.0439100940408,-1.09057577443254,1.4823330058616,-0.484096336602099,-0.0075068695159907,1.31079408539677,-0.758532527865185,1.1333828868641,9.64337931034483,-2.48499400454013,-1.49610531268737,-0.488863789448904,-0.342158936994787,-0.805620561220905,2.36574455522703,0.29537668012705,2.605655301076,9.79788903942027,4.67109784078083,4.82435350579094,3.28209998376117,1.765061415022,2.46866202383414,2.00988032180242,1.01698873635277,5.12621068341716,2.48307501828285,5.82442401062434,3.68457187062664,1.41693190987129,3.88954570094871,11.4573063192863,7.32383069486468,0.166508440124173,-4.89758614880063,0.0532333545111301,0.486740141087221,0.0150208770536318,17.7527429257897,9.7391564274924,14.7420946444277,15.0363659164521,31.563487199184,27.2118396326107,0.0830459041940248,-0.02844103276181752,-0.20239399520440976,0.1621419223094202,-0.08472324922204236,0.2611858044098517,-0.022328593929253748,-0.708082295380652,-0.1408691574056925,0.06888455996555415,-0.8917078608657864,0.11185463406270563,0.0003288561710088615,2.8261437961357507,0.07794689290217043,0.013537699706739837,-0.030201053297526863,0.006602239243825101,-0.16514472464879695,-0.05709008368828258,0.23287944046486306,-0.3140503271848559,-0.4754767051966303,0.07213999514285452,-0.34926268914277414,-0.13355619506798572,-0.053933668890195866,-0.0709106814288858,0.24000250462739126,0.31909899149976595,-0.5115717494447212,-0.20498236007309362,-0.020542220898658762,-0.08599045510374896,-0.02619385284602817,0.3792745141980994,-0.46234062768861306,0.3256155863404222,0.05697415928213511,0.17073968559700745,-0.38006151890410683,0.43933623873908645,0.12148840509099335,0.029120359533827647,0.13870869361733681,-0.18287813177728096,0.3692271179952003,-0.18834138666677158,-0.27255048154976375,-1.5799999999999998,3.1037685658477874
37,143.535556263251,173.897757269643,32.4521495031046,41.7167551326595,-7.47217912349896,15.6411394594832,4.98344383835766,-12.0576673253859,24.950688911418,-1.84890396076975,7.58089546093021,-1.53947380095588,3.03650724704632,-2.48499400454013,334.047204661558,-1.77863726400096,11.1786978635139,0.902311588751123,4.99093606094515,1.7518289423531,2.86805510488018,-11.8210302421294,-11.089173306173,-17.6934047516115,4.53920807663294,-11.3291832325809,-28.9984706775369,-46.3328057813457,-21.5028648058545,-19.6059430576911,-26.1430178261909,-3.45699147751042,23.8704203450673,57.3156418191499,14.9770399987507,-56.4813288948499,-18.0379279584901,-33.4066511945774,-17.2796534029089,13.3056894463878,50.5292081328064,6.6031229232705,-34.6152525716538,-57.0902740127899,-30.1744015547096,-10.6910884799654,-26.7583124431476,-46.2774129557899,-25.3442290298293,-0.10757529963858942,0.0019712308186465447,0.017909297329072683,-0.01576242786725487,0.0018998375470968558,0.18234363635010967,-0.13302066790163244,0.05588238190761905,-0.11931463118035983,-0.08828559029167542,-0.06514136794947134,0.03632328972258657,0.06744224604978707,0.08458804166141592,0.24002505151176914,0.011840744907880837,-0.17643894300006144,-0.002548312572891356,-0.004188214969026815,0.1559442127573649,-0.09287438707301707,0.007987134484257466,0.014920169578826942,0.14068009311816942,-0.12933314157188305,-0.1355478458209888,0.06150128970891246,0.08740764022705674,-0.0017158968052245263,0.12396644802694688,0.2652558239263443,-0.0009343085843938519,-0.2493870119813207,-0.052401715547873,-0.05424782439067257,0.05413567100168168,0.054461805557062454,-0.07999544743297178,0.1963225772187023,0.09106906166687775,-0.11552815941023428,0.09137221253824444,0.083507288700313,-0.01404257744201437,0.17714671816381847,0.04691632005017426,-0.07634984188407591,0.13555790217141994,-0.12936963648278765,2.3694444444444445,18.27668472840624
38,22.9365230734122,33.7791197455754,35.2535398073082,27.7231054167917,27.8023042355337,16.9774816393363,14.840389437671,1.0556652447337,1.72971051062882,-1.76852836568701,1.39060383169764,0.501036805168804,1.29397863941309,-1.49610531268737,-1.77863726400096,9.31830140485313,1.40254387508575,1.28933649448941,1.08590350642222,-1.92428824486172,-0.191095951365112,-4.12255344172775,-4.61109573814881,-11.9963835737514,-14.3327144044506,-12.0958768071175,-4.58479571829532,7.95756586290783,-11.7790448735717,0.785417936510461,1.5516270759336,-6.64241132990312,-6.39240258328063,-3.06918861444046,-7.93679680977982,-4.73449497126444,-17.3134334726066,-19.2943430962462,-2.64360962380514,1.47271531413359,-1.95383289306389,-9.49502785916643,-5.70934944238794,-44.0423216364622,-13.4431866923703,-10.712339299886,-9.6041615646733,-16.2502328880107,-13.5992535904058,-0.4951899818743389,0.2171054048551424,0.07373345051449419,0.08022604486604899,-0.22441819918635442,0.06856710480728345,-0.19567322797809564,-0.40610478189655336,-0.2980413113711877,-0.20390312226169252,-0.04560939701585125,-0.025446372928671922,0.0837886543197016,0.023249889403161236,0.015317552966520041,3.0031525455214982,-0.9322550082143354,-0.3614937680220242,-0.6942552925588704,0.1834508996206291,0.11818690140145693,-0.061497200993819015,0.2332444804207261,-0.11127026767224582,-0.02350370746165953,-0.09215661815227587,0.034682295149292955,0.11605718848676438,-0.006466457277823556,0.01950676143134903,-0.41095350432932193,0.03150329574719025,0.3379717791811913,0.030598496792664655,0.4534193753981364,-0.28062219617313794,-0.021224279757492023,0.21967486739208097,-0.46388655402127665,-0.022913962079632963,0.35397268520220665,-0.14392815965230388,0.0708743538019858,0.32065152540025516,-0.3909129575025227,0.2775398295365271,-0.19606693189645752,0.28129105820945993,-0.21940155274648893,-1.6222222222222225,3.0509509017440988
39,11.9963300666203,27.257239672472,8.88834733390495,13.1611138817733,12.4995609631631,-0.418557532960906,0.525975631935535,0.614316857576375,2.39184758065481,1.61182699712716,1.47658031992267,0.534511769138514,0.698316211930665,-0.488863789448904,11.1786978635139,1.40254387508575,3.30541634738186,0.508368146647308,1.18950632807563,0.308168052796395,-1.11018747087337,2.19509025445344,4.17984237056218,6.12246482347355,7.08381228580998,7.36010993776929,-1.25878974912474,4.0437492976089,5.26503508986832,-1.68966515658551,-1.42572409473559,-1.40896947184655,1.82635735050005,3.13980872843555,1.79906241441847,7.08569465931642,4.9994129866632,5.14029825097081,3.59058102319332,4.70724731422188,3.5078027503889,3.69381330728182,-3.27271261857054,15.5942286491056,4.92942462342985,-2.47300313367493,-4.07026371222602,-8.64459982735338,-12.1713896944225,-0.017474443303533746,-0.009231880651638002,0.057914234145595,-0.03998763387986152,0.0006192000175808263,0.17655636409145942,-0.09662619677954032,-0.37348021426745276,-0.7646628179916295,-0.021317536957439317,-0.0117442946984569,-0.08418773576904963,-0.02135632608513921,-0.024937406523181015,-0.16979290006930658,-0.9421283189799425,5.147415370483225,-0.0601788538716219,-0.7766664746962944,0.028637333104828782,0.5894550307621748,-0.029429142978789884,0.049804330216579935,-0.02838484239453419,0.1451819057219323,0.03017442603962082,0.27434722073949824,-0.07251408304154255,-0.021704087798383228,0.27816925473509846,-0.0673415245324781,0.13253440597440713,0.012140401779497536,-0.11668462149173903,0.14175646434006267,-0.35811667297137867,-0.034992467735860636,0.029387021838576468,-0.16128416798523457,-0.08308442777157668,0.08511693061032137,0.006388922431309791,0.07517888100882089,-0.19455106595148647,0.0005928154750365235,-0.0043976378190963,-0.3030656686463432,0.15776602306435952,0.16016059767387958,-1.468888888888889,1.815328165203709
40,25.5901069503981,34.9390974033169,22.6443218537827,26.6993056731403,16.6146374511636,13.8856343711335,11.5100659946851,-0.778994019769959,-0.456824560192044,0.626637363121961,0.49322905340198,0.1377847918141,1.4031668314126,-0.342158936994787,0.902311588751123,1.28933649448941,0.508368146647308,2.9443745210728,1.0627755578072,-0.0484618506440945,0.348307029399536,0.587415578291153,3.08309218749766,1.27473118118138,5.57232392968134,2.34797380822739,1.27928993328176,6.81162296789041,1.34382093437242,-0.557318267016546,-0.903235114421125,-1.40479257876383,-0.790823001649611,-3.96598452733919,3.96913624289044,-0.945454052578858,2.02307197177957,-1.43664418698671,8.28060457919917,16.8753113770313,18.6171988705924,14.6749305377574,3.98615384337044,5.73372995815797,0.624969280781504,8.08824055045982,4.3573360912055,-4.07495178555463,3.27217455809713,-0.07380547342917916,-0.013085178226159363,0.034437291162849194,-0.05265191953950383,-1.4974371220898613e-05,-0.01726866841989596,-0.22093323733282838,0.299548121264771,-0.03713293967963735,-0.021988583240934098,0.05894219423551736,-0.01715526806756476,-0.023509126754016816,0.03243054493414342,-0.0034439105773015817,-0.4248831094158542,-0.06321027390020191,4.309478624413722,-0.6865924101676717,0.24436625574760348,-0.20447679254620083,-0.24257393773413957,-0.04336813702213549,0.007739863419111765,-0.5930654019750532,0.08532769533419017,0.32797584054871876,-0.1636346063076107,0.27677418017266964,-0.3043583560091636,0.016009597630227745,0.07903619708769892,0.25447271803214944,0.2638075345593242,-0.343611621259747,0.6120824534452664,-0.1283977679182722,-0.07225159030515371,-0.250248265058202,-0.09838101631658257,0.46663899901951117,0.034588963796055694,-0.16866156033798269,-0.013595827045624008,-0.08014313926929992,-0.08507983480258556,-0.25861658409632843,0.09641324369420422,0.05190847936224344,-0.9150000000000001,1.7130016115207825
41,8.73857694952119,9.40929126304907,-8.3481182044755,-2.73341134380759,-7.37166839958216,-1.82843349868391,-4.58604750205996,-0.412324518920758,-0.214283230629287,-0.607913288642836,0.77220977024519,0.590248671475543,0.260131937040769,-0.805620561220905,4.99093606094515,1.08590350642222,1.18950632807563,1.0627755578072,3.05010217113665,0.551167969680022,-0.0349158398795526,0.129508249098552,-1.98886413072902,-1.96796064869001,-0.649432981107949,-3.4381100642525,-2.14483633094197,-2.01235371094106,-2.94602492107547,-2.49423743575438,-1.95407486178264,-2.07094974659183,-2.86394078501134,-2.11638538894559,5.94686253575643,0.0121683365945703,4.64836655852578,-2.62971135029648,5.06370265993206,5.20918074514933,7.0334583575219,3.30191572550053,0.422115408081131,-8.35709011167006,-7.92453263914392,-3.38259472000874,-5.78218314841797,-11.8395193474055,-10.3626793358179,0.10048214640562932,0.02553249120566983,0.06832102159031576,-0.04339758693956603,0.23112074631169185,-0.1135387254269334,-0.032012321999069886,-0.11443250870747919,-0.2244635589771218,0.21981722192004816,0.016238461877313332,-0.0539252548729297,-0.19246633296029678,-0.17686806110066952,-0.005631896094817233,-0.6613783354667092,-0.770238542336279,-0.7356813616914907,3.8434735823857675,0.027809787133493285,0.23786512314879268,-0.6294962878071206,0.010559400226178838,0.23620101591695877,-0.0648680137622141,0.47921491887405826,0.15173252510566676,0.06326592446026877,0.056263228302195184,0.40585910856082075,-0.019663212566395246,0.28718022858535064,0.29047773966951485,-0.05997810930678614,-0.30188106363719747,-0.005930594050697048,-0.02900338933637216,-0.017155513581703894,-0.20203078361628926,-0.3372114994148459,-0.15657152342716066,0.36914794967837916,0.19598063807783195,-0.17784286171697858,-0.1842626745490581,0.06078222218513374,-0.08288555922387773,0.13561532298607623,-0.007555742020159553,-0.8777777777777778,1.7435888767529615
42,-22.6153674948755,-47.3398072509199,-53.8207533629602,-32.5872028205912,-28.972485256804,-31.9533704218853,-9.70384366088682,0.129633978105222,-0.835609630220379,1.09766580468563,0.198366425388017,0.118033038498138,0.0934635176532572,2.36574455522703,1.7518289423531,-1.92428824486172,0.308168052796395,-0.0484618506440945,0.551167969680022,6.72618263090677,0.879501609721774,4.12975225332109,4.17929508377143,9.54806164827028,11.648348967093,10.6755097449855,1.49916038752175,3.22091550869706,9.20381528910933,0.451530472879163,0.73710191593297,2.58755858778672,1.29727242342143,-6.53818457541331,1.9723599817386,-2.14334751556429,8.49369635152512,3.58751369466382,2.61629261570649,-1.81455147974633,3.56844903629326,8.15540209019144,2.74735188007263,22.5231163225722,5.98252600847644,-4.23490651928475,-7.3543252452216,-3.76437983490656,-4.23573641920995,-0.0964296746700804,0.05368291957814739,0.12952634218130082,-0.05396799514036479,0.038342641013075406,0.26733553593976234,-0.0666133829144442,-0.012448144578672774,-0.06909502671923964,0.047917356267217576,0.24048326859422262,-0.47688948393278424,0.012698327817420195,-0.05905987303366999,0.165819107270023,0.16895869848989895,0.025341373242071127,0.28125429026837107,0.030567581797003262,2.7030610106860946,-0.008406977322143438,-0.3484053753016069,-0.440648255143604,-0.5939039277502599,0.35392299199153704,-0.1362120637915622,0.19236764892795613,0.08473453357252723,-0.4241121163556167,0.033373687150397145,0.26282551989053765,-0.3428371607096171,-0.6213614221499637,0.14672331664559732,0.015864990890447024,0.18967301720192745,0.03349792111834253,0.2010101624338645,-0.042950435698189064,-0.33892162808803206,-0.43199883004748263,0.472175270487484,0.34901393428038935,0.25410194507875733,-0.09055479788874815,-0.10586543432369885,0.20604920031548427,0.002964305972224419,-0.03665624413582031,-1.7022222222222223,2.59155988371999
