,Cov_0,Cov_1,Cov_2,Cov_3,Cov_4,Cov_5,Cov_6,Cov_30,Cov_31,Cov_32,Cov_33,Cov_34,Cov_35,Cov_36,Cov_37,Cov_38,Cov_39,Cov_40,Cov_41,Cov_42,Cov_43,Cov_44,Cov_45,Cov_46,Cov_47,Cov_49,Cov_50,Cov_52,Cov_53,Cov_54,Cov_55,Cov_56,Cov_57,Cov_58,Cov_59,Cov_60,Cov_61,Cov_62,Cov_63,Cov_64,Cov_65,Cov_66,Cov_67,Cov_68,Cov_69,Cov_70,Cov_71,C_0,C_1,C_2,C_3,C_4,C_5,C_6,C_30,C_31,C_32,C_33,C_34,C_35,C_36,C_37,C_38,C_39,C_40,C_41,C_42,C_43,C_44,C_45,C_46,C_47,C_49,C_50,C_52,C_53,C_54,C_55,C_56,C_57,C_58,C_59,C_60,C_61,C_62,C_63,C_64,C_65,C_66,C_67,C_68,C_69,C_70,C_71,Mean,Std
0,440.8939348659,620.7779269109,802.017213518281,292.147174001829,255.001570642669,122.303665007788,71.2296908994724,17.9102593336513,3.17165933491325,11.9784719467468,3.26551880942767,4.93721116681475,9.73985306792315,13.661097009558,14.7807872331009,4.4999933657365,-7.21591673944202,-15.6418854219218,-24.8134314735954,-34.0971308635783,-7.12044446692923,28.1340896758778,22.5357402987546,24.104563891034,26.4023250952007,29.0346614480262,30.4272299997276,29.5669852412998,32.5536818299199,28.779148296753,28.787004838048,35.3036446277317,23.3252710181362,0.548342003786271,3.03823471996216,4.19755398983739,5.01300555726708,3.56106861692377,10.735185842136,11.9950597062884,14.7991509614917,-16.0529210593352,-25.1237786883864,87.1391008747546,229.836230037999,384.475136803852,19.7829899173193,1.7039805216603754,-1.173894561456884,0.21899343499440366,0.12557340385018514,-0.10211711386956264,0.048000917362257985,0.058605013970102725,0.07343682505643194,-0.24224290322672043,-0.14483544120935588,0.15955652321456645,-0.01614951462092566,0.0036352466478238653,0.04315052199298274,-0.08428779393116341,-0.22174181689331504,0.14742770718240367,0.019144603981798566,0.06482860241603741,0.1714880313402396,0.08265155175960551,-0.022285955658995507,-0.013604496189694419,0.24059081041471866,0.059320461330967515,0.011894449062565577,-0.029946284516453692,0.0019788722183872445,-0.1912295214961755,0.10201386198212856,0.20350280953635838,0.002659276495469121,-0.05787473230080565,0.014960847992169292,0.0893723799779323,-0.12822680805805498,0.14875408338215293,0.15841941707824783,-0.10079738710058711,0.05834133030465022,-0.233309483873658,-0.06194627003388845,-0.05988584933118818,0.14066151842583774,-0.17262383690267846,-0.42068866752419837,0.07859249373011185,5.403333333333334,20.99723636257639
1,620.7779269109,1030.76799424799,1442.68451902153,440.82590716419,405.964991680107,160.274564850109,95.3704154157131,25.6539512807295,4.59139993628506,8.16160215160816,2.80398319990442,4.11900198593923,13.1574900558708,22.0178275937357,30.5003630003308,14.0435616715175,-4.82176163293286,-19.3436365336242,-34.8501942048531,-50.4975627129042,-10.5971952569411,47.479045584926,42.0438632677634,39.5875800595345,37.3657441616008,35.6446644878033,32.2706061131282,25.8832715221043,22.7108494557586,17.988145343195,13.9554983910968,22.9943162842478,13.1944614656813,-12.6252931064401,-7.6372186340834,-12.9849045117301,-17.7829352707917,-25.7193327938578,-17.5631479697116,-18.2360604560277,-2.57570761494665,-36.1971448462709,-50.5695364963696,44.5519412577545,159.532626376621,294.200307353415,-4.97586895989342,-1.202842853203968,2.881945719624493,-1.5020000334489003,-0.027525735735531506,0.026563165351007764,-0.20103931281870582,-0.039782750214669475,0.007390557401249891,0.049915752756233604,0.11133318499857502,0.11686896177687986,0.0023150195348729985,-0.08958011527815066,-0.13765622532445246,-0.24941409626868546,-0.05750097355977957,-0.04086539430257448,0.00047470092912823934,0.012217817437596227,0.02934396430939463,0.2131068379590724,-0.014122009463004582,-0.13396939345496192,-0.008247695178291823,-0.002776299779576313,0.0018297831093694458,-0.012011898327739792,-0.012394622335856953,-0.007072167995514647,-0.005705516264230993,-0.11108418010371773,-0.3268010180055619,0.3097417735305592,0.17565531451561894,0.021307570691771197,0.05843078901465466,0.062380036204980095,0.02684855165448008,-0.1021162993793309,-0.048474006819279845,-0.035150660007010046,-0.165850834623474,-0.033467449498312075,0.06606555230828062,-0.019676214949329435,-0.046573227718596365,-0.030573596403312635,7.732738095238095,32.10542001357382
2,802.017213518281,1442.68451902153,2087.58803829463,589.482428937675,557.307443264865,197.369966718181,118.986264411276,33.4007351320684,6.27976321794427,4.838246125134,2.48148290915389,3.39265856142526,16.5477358158898,30.1955303619355,45.7830219208157,23.0583848817429,-2.95000408298135,-23.6862957154449,-45.6006373725851,-67.6809739303358,-13.1043886791106,67.1345926873191,61.4476302558511,54.9424895522026,48.0943118792712,41.8966297357345,33.6914256069118,21.785312181771,12.401489663474,6.59170766706413,-1.52172817790104,10.044671864695,4.20181535278356,-24.643742570391,-17.8123733769203,-29.6012068593277,-40.1565833717041,-54.6297260246835,-45.3616136482484,-48.21834426885,-20.9544437217018,-57.3151917483798,-75.6867792088447,2.26280991843068,90.165234972991,204.83629313329,-29.8865438138048,0.22016991686186504,-1.4856398753809326,0.9559287043827113,-0.12088134824242346,0.07415668732953999,0.0382359860346567,0.008089438939261057,-0.03865139337897963,0.06592287396498196,-0.009845786151511318,-0.13576919314116634,0.025264136447727622,0.005549554565948975,0.02468019786644218,0.14982106217711932,0.10352899330233946,-0.026103010648283635,0.02411686027870063,0.00993394738861737,0.009755612342043399,-0.2295595041574935,-0.06904191916458108,0.0864455231035298,-0.10633630113480534,-0.025439883892709583,0.009473779193871793,0.026439007684038066,-0.002902686775437683,0.04074397254773646,-0.020798920098579164,0.01695845671107322,0.23716839195298295,-0.2089026924462072,-0.11060298856417787,-0.016777160247723084,0.004218698064827009,-0.08898748919780128,-0.06550958833877661,0.07768531612683974,0.009935131752725118,0.10700197508990114,0.1185123190906636,0.07340251417588457,-0.10377430719565113,0.07658012448901827,0.19565345823229224,-0.002619185864843363,9.78547619047619,45.69002121136111
3,292.147174001829,440.82590716419,589.482428937675,454.293199186883,504.324350485664,61.5649174484755,47.8766219176821,29.8747902613855,-0.383692604916783,25.6144176791825,13.2637910418233,14.3127987027469,15.2458141877197,16.5667766166316,18.4949068699123,8.76612954080504,-2.92417144030037,-11.3706377829747,-20.5523903106409,-29.8173548502783,-25.0891885598813,6.56678007718054,14.3198041657927,16.8012824954829,18.9363864108999,21.34384723512,22.7644584057905,22.0442599046096,22.9282331669612,24.809497560943,26.2813379912852,29.0972126204142,9.78538600524713,-5.49027616948657,-0.393476584577101,-9.57305272373476,-24.006659489361,-40.3145293302109,-24.2573814339727,-20.4823048569565,-9.55419093137162,-34.1988352614767,-30.4434440444928,36.545517621776,112.942488011844,202.123471571284,-11.0679956371107,0.1341367429148343,-0.028083276311176495,-0.11515950181861494,1.5458081799442482,-1.2086848784222999,-0.2721127581893435,0.037576544842172065,0.039238554258678504,0.3096651000408848,0.034670576781256186,-0.11815156127099402,0.1052706149800456,0.2889476905471644,0.35621308234054905,-0.11463499560600497,-0.09922481168842213,-0.12653359324878985,-0.08870767690572212,-0.047597349615640584,-0.055724046115952566,0.29051915115101307,0.07506542330088381,-0.003437480048897052,0.2819828310553335,0.0310354299076146,-0.12660391737977075,-0.047455623925956064,0.014534273903323925,-0.09917529682221371,-0.02296745604466874,0.05948105010299321,0.047798638048894164,-0.09971955445264995,0.1686170897412801,-0.07397021982103238,-0.0034420246348477483,0.008162543681333527,-0.005728200844428335,0.01648353222804629,-0.08254822056147962,0.15913717433526503,-0.27068578530824916,-0.11601391623658354,0.10109838917132101,-0.08854139754105778,-0.1636968195187064,0.10669540469805684,4.118353174603172,21.313920314829055
4,255.001570642669,405.964991680107,557.307443264865,504.324350485664,582.981495394805,43.015910962435,41.4647817965424,34.2865612709258,0.760401075495922,29.7990748161608,16.4976970463459,18.1977297656853,17.9530844164458,18.1781240002393,19.8273476455758,9.83549196833001,-2.17204996458274,-10.8130861596343,-20.2041416493112,-29.7073713391051,-29.3468602392823,1.98629123063423,14.1750201795212,15.7953108201932,17.9542689082005,20.3982391773928,21.7170539845341,20.8139638405562,21.6330441739972,23.5892975839443,25.0114833466553,26.4273573370486,6.10428692962883,-8.20020638010704,-1.58535552037927,-13.7001809331699,-31.5261293819223,-51.2835445408326,-31.7636689922915,-33.3773305769949,-20.4963386245626,-43.3675745001614,-36.2605295594405,14.8656249994852,71.470819609912,141.091674814715,-13.1336654331638,-0.10649820173901972,0.019907537790918802,0.0725500248108788,-1.2022095194561777,1.033864702149434,0.3408796625416272,-0.17987712641194264,-0.04515434322497615,-0.20123489578810483,-0.1179887610246664,0.079014578532459,-0.16680481997166882,-0.2397701689094474,-0.25867397994732,0.10875045608144265,0.07588911350462454,0.1552844050201243,0.08037146989493098,0.036349767560906965,0.01596226526334127,-0.14256430129182385,-0.04161964659404664,0.0010123074853266632,-0.22447654347684995,-0.032685811672679324,0.07160995924820768,-0.0040541074857407535,-0.027223006063440854,0.09301343513465285,0.004736842833828938,-0.07390620853213316,-0.0033273198644835646,0.12236146052841411,-0.13287745260188305,0.08426807676174528,-0.049748709018884424,0.002310904699440634,0.13366544079183337,-0.07036200858818502,0.04857185281412476,-0.11334476215498251,0.24340443149253999,0.08148425741428152,-0.09256721001412352,0.09127722088836861,0.10540122360479412,-0.07781430607887467,4.750674603174603,24.144802658021565
5,122.303665007788,160.274564850109,197.369966718181,61.5649174484755,43.015910962435,57.6056359587178,33.9739388308474,7.42944500449873,3.78550654584196,-0.157790126986702,-0.107945308492138,-2.9585033401693,-0.799589936214089,1.7349898364264,4.44111942349031,2.00505041107342,-1.21153637491067,-2.95838935468743,-5.04206696436298,-7.13981237230238,-0.0271540046664936,7.97843281413937,5.02311792109532,7.62260476040332,8.68425879733696,9.74166457351361,10.6478321340363,10.7660166026864,11.7350799921024,11.3767864721011,12.3493854807537,14.1249213858787,9.42507593479432,-12.553316754249,10.2673513402279,8.49984016482302,1.39854532381657,-5.67640357489628,-14.1852615172081,4.5420331403687,15.8753873741061,-31.0826634941691,3.05832170234988,41.6699761895579,86.0227558695362,130.003088328993,2.99518395917831,0.05514034822455716,-0.2187068714372372,0.04980906424436064,-0.27100434284801844,0.3408124092563207,1.448905495968944,-1.3288785525682543,-0.0963704720567171,0.1702794186489853,-0.3725733060377403,0.08736472770430026,-0.010176719475278984,0.15355321204316005,0.09111071594712443,0.1417614540092957,0.0587999446971671,-0.006718626783289492,-0.07545459565482238,-0.116108605917814,-0.27446768909558167,0.29035561241964875,0.09263371149495224,0.1411836539889123,-0.005616136523138327,-0.03814047153506376,-0.11305694606690726,-0.008775496188008654,0.07141756172512428,0.049171289834736676,0.027905689043950715,0.07028273327511775,-0.18675647379824645,0.2125597288323231,-0.16244015229806832,-0.06700307850617929,-0.012531979182405274,0.03135136950514629,-0.08302580071132293,0.10880906476616685,0.048926544201598025,-0.06129974319561991,0.26199385553642895,-0.06623058357231781,0.02450659043206014,-0.03948735508718515,-0.05536958299373075,-0.005168890562684262,-0.6436706349206348,7.589178872494558
6,71.2296908994724,95.3704154157131,118.986264411276,47.8766219176821,41.4647817965424,33.9739388308474,22.3604674850783,6.55350713412493,4.17035627451787,-1.15692529522712,1.08413645835227,0.155895849502537,0.50463872270723,1.32215191361714,3.04119075390838,1.50548323476194,-0.786236058747147,-1.58530453119067,-2.70621870942902,-3.85907469130711,-0.286183630306667,4.98066901082286,3.75757366708072,5.31997255010521,6.11401340990137,6.89384035577087,7.41632817778451,7.13684918074491,7.78411901438886,7.15080087324635,7.8221351215401,8.68382809116272,5.40032719517077,-4.22747247816204,7.06767301315894,4.70837752912502,-2.04182676495937,-8.74858486616897,-15.9544646867581,-0.0525963487089369,9.94473225751777,-15.3938691825367,-1.16837746196088,22.0284381703102,47.0628589552517,71.6200208893079,2.03737510678991,0.04278712421295213,-0.0334309706850512,0.012414808754712653,0.03720240679370662,-0.18333804882015034,-1.3337343279414162,2.631408112898279,0.0020275517037723454,-0.8884577636662573,0.771806253268359,0.04506571623576686,-0.07508514153302719,-0.013755031582892398,-0.06808842526056286,0.010846141141424117,-0.09891960099142136,0.056339898263018745,-0.05796326838803913,-0.047245241104911836,-0.0742758740648233,-0.21585545486052707,0.12015627997364936,0.08657812432104331,-0.002134533216838049,0.014833402493552802,0.09389656478897246,-0.00286009919553478,0.008669176103106377,0.26223834741064694,-0.005660318043691096,-0.21775303740827168,-0.013790505728252229,-0.03375747217871047,-0.14632660747768111,-0.036622482688406545,0.04213418218843411,0.012126994038761172,-0.09157885209791242,0.012157334419807897,0.13058621131494552,-0.2722084800016682,0.06758876844030562,0.026254742222381656,0.043552155588103776,-0.05026356172603294,-0.004812625269855015,-0.0717764644385147,-0.19079365079365082,4.727628103507966
30,17.9102593336513,25.6539512807295,33.4007351320684,29.8747902613855,34.2865612709258,7.42944500449873,6.55350713412493,17.1445206936462,3.77892928016086,3.65535045341657,2.85213597396168,2.61880467107847,1.64495787973248,1.25808371204318,2.71338433802975,1.93122892556613,0.205015259006026,0.290812737001538,-0.0340903139364765,-0.382817972756505,1.37421614303982,1.59369984741472,2.30688045366822,2.79013491713192,3.51818048476611,4.27294433184803,4.58417209733455,3.90459664585469,4.28265601102341,3.78453297637317,4.32366328026396,4.15038711541757,4.69531548080269,3.89212130466787,1.76582125172904,-3.43338903489125,-9.72686665097445,-16.1187009605418,-21.6527489978995,-7.66684679047541,5.22599527263269,5.98973934239873,5.35694329224208,-0.960069630432701,3.98732560908726,9.75598460801804,1.07721125409235,0.06866243346857157,0.008758531310588418,-0.039834969523778366,0.035206749670338135,-0.0500259306755644,-0.11218564068077239,-0.001555293169884295,0.8260708837528443,-0.27935274565486035,-0.6010531544291575,0.11372254772147602,0.04793601263059362,-0.2268950947274673,-0.0984116500571041,-0.03148828395457182,0.05783227571061099,0.09099697602217703,0.030169442642334777,-0.021171030702603864,-0.11550866563518475,-0.18067890141641038,0.5435330178973344,-0.4828513291638013,0.08452082718735135,0.04886174259031353,-0.005883217710814724,-0.04617006879730939,0.022864627497515017,0.009286487215775817,0.0377818700087443,0.006573174227963264,0.12936901165364034,-0.07667674207191402,0.1527741757519374,0.03495375447845915,0.08499605118066285,-0.05137976087105458,0.05391038411520901,0.22376796392881723,-0.027514096138594346,-0.0789311589626642,-0.14287322416999174,-0.09036924599813581,0.015551867994920853,0.02535233337189065,-0.06054734763845366,-0.09917969758708031,0.9148611111111111,4.1393865117486
31,3.17165933491325,4.59139993628506,6.27976321794427,-0.383692604916783,0.760401075495922,3.78550654584196,4.17035627451787,3.77892928016086,7.91052083333333,1.37885257783909,2.34050146242928,1.52866212495746,0.599452794016987,0.430768070220016,0.298197747189625,0.383713033650963,-0.429485010353675,0.112799990776633,0.2959959531847,0.420682844736984,2.12030184325042,2.45316976633228,1.47348281452332,1.56345436006413,2.09595535616209,2.63271285693818,2.67481691289433,2.07204894035927,2.3921592546954,1.84228487746934,1.84807570645921,2.54217025254966,2.5329835222431,-1.67987240214307,-0.431560344364804,-0.0159531283923478,1.22368699509624,2.40680338958466,0.446476379625618,0.312305514424197,-4.32336849779427,-5.0607954481799,2.01133427809594,-6.33202187208435,-3.14272170076964,4.08847666787868,1.2733775017426,-0.2487652042270168,0.06860262617139543,0.055559930905060124,0.31089653069213524,-0.19968473638269402,0.1740665299496111,-0.8902488347480678,-0.27797551696045614,1.4141063281290143,0.08671493679152208,-0.46315782034589553,-0.25025806484888236,-0.03416723505873989,0.2820157894166923,0.01878481535296131,-0.15979763224555307,0.042875332318398164,0.015259656041079523,0.08549502259929385,0.24819918657556805,-0.06720279840970746,-0.14669655921591643,0.0064690189265422336,-0.20220407236138357,-0.03426058149642887,0.14867674031712128,-0.09934812280186102,-0.23499736490623135,-0.1468359388669286,-0.01955835931003377,0.1593145016433511,0.011610887455923232,-0.11811122757845685,0.17500630402359688,0.040800608247999304,-0.008811452937322994,-0.14948535667318558,-0.19309839873455287,0.08080523069768338,-0.12170011522016595,0.374846516084872,-0.10189675714491825,-0.0014998702111584604,-0.008448149878460447,0.07700723743955301,0.077002535947988,0.14992271550831796,1.1791666666666667,2.810786515076044
32,11.9784719467468,8.16160215160816,4.838246125134,25.6144176791825,29.7990748161608,-0.157790126986702,-1.15692529522712,3.65535045341657,1.37885257783909,11.1701517600575,2.88933112588762,1.52368992524432,1.91663843790613,2.36679287307692,0.545394558783708,0.508547638400652,-0.316580129613405,-0.52238460512665,-1.02586457505521,-1.56037344504032,-0.729469030978109,-2.24890740594686,-1.32088486584435,-0.359032518599794,0.805485188038762,1.86305441963066,2.59077051202113,3.33873232354783,4.32025658312987,5.39520794695135,6.19788034945288,6.86364353284082,6.45644119597068,0.092816154353948,2.38398679334634,5.26492884961722,9.29248393379846,14.1531859876583,21.9955264131534,10.8393703347099,-0.798498609961233,-4.13448583597778,-0.0807178019291138,0.0862247313127611,10.4582718849065,25.9471827895696,3.78967346318785,-0.145497897918281,0.10838219942251637,-0.00653863534139865,0.03558873841262101,-0.11359089075679359,-0.35864479940208416,0.7782033062016266,-0.6001481716946216,0.08484247299147848,1.6896422638848083,-0.3897978028579516,0.032447982324006724,0.14202772482677378,0.027769117549415967,0.04805980604532513,-0.06682438518990656,-0.24288585196723864,-0.0710361472400773,0.015140285761353818,0.1445843739936573,-0.18571114908252706,-0.08863835188140089,0.44634970715224553,-0.26725244339049564,-0.05923146689436252,0.017877611409548664,0.01974584645512916,-0.05134047213033926,0.04524892697657607,-0.1336466086312535,0.07832029915912121,-0.274939431309981,-0.060064329192850326,-0.19579362458702462,-0.021605680908506782,-0.0553713735363358,-0.05347356778320937,-0.010592063453546203,-0.3989021326956304,0.16543805941077885,-0.08293003490485126,0.1289632544368035,-0.012911753908559106,0.09260391729843713,-0.006947873130734198,0.03056272901819781,0.16007218037366436,0.5604166666666667,3.340681331713258
33,3.26551880942767,2.80398319990442,2.48148290915389,13.2637910418233,16.4976970463459,-0.107945308492138,1.08413645835227,2.85213597396168,2.34050146242928,2.88933112588762,5.41833333333333,1.240527501079,0.593574502313241,0.53234057292821,0.751604532206946,0.129599410359871,-0.884616292763061,-1.0716569968419,-1.41919809171464,-1.79370501194535,-2.66645717953052,-1.96038380191288,-1.36691504074221,0.133091590899633,0.736442661708812,1.05722637035115,1.30916011703304,1.51126075094794,2.05222235945894,1.56982499232512,2.69409362429183,4.94176744335634,4.986340192854,2.92335178339429,2.83811590836768,0.338940757961706,-1.68972278110482,-1.81912951351266,-2.09205613273391,4.76687098786668,3.86657605419194,2.55754901696003,-6.05411648695048,-3.16690814370056,-2.76750820591011,4.41804729901135,2.19942374474294,0.1630854251741929,0.12357903449691686,-0.13803591658464465,-0.11290519951196015,0.07769330054251108,0.08382519705124813,0.0473147763937361,0.11291256552971855,-0.46326432241692,-0.3926194326029551,1.4032991729242739,-0.23458311729963685,-0.0030319934824950623,-0.003395762419515567,-0.0433371626022689,-0.19889559589419636,0.3536080105137821,0.052634788939023076,0.030256638935996734,0.015452859331806318,0.1425642634299075,-0.06486731795119005,0.23929226264145576,0.20287662281831498,0.024334683885364874,-0.028244407105515262,-0.0826751885893946,0.049113833489559125,0.027383669835058914,0.2148872904447513,0.1488595395960712,-0.41136588550694275,0.07513570679002195,0.13860263044732407,-0.28774094040901094,0.19916222309476062,0.08664788432925148,-0.13084349970394735,0.16133741817556047,-0.02856984505643499,-0.08621816561064467,-0.08169185461237775,0.04429715238495459,-0.04955627290079988,0.052897869100819804,-0.09838232775338994,-0.08458873202307932,-0.7166666666666667,2.3255823643408835
34,4.93721116681475,4.11900198593923,3.39265856142526,14.3127987027469,18.1977297656853,-2.9585033401693,0.155895849502537,2.61880467107847,1.52866212495746,1.52368992524432,1.240527501079,8.47536558109834,6.05674302570831,3.65501151974426,1.23251285986448,1.31644202032956,1.13394864720918,1.5031210582337,1.74127704006255,1.86405566633043,2.42329227192169,2.71761616016258,0.864324807901912,-0.489449256253512,0.860947871853309,2.0463414907046,1.84990747774424,1.5867878047901,3.14931542456326,1.89153170256528,1.8378423218962,0.706928917820506,-0.372533389297282,15.4773170917875,1.25771958751098,-1.25786907244334,-1.43360095254113,-0.520335856390923,1.5677404811048,-8.54898019250256,-7.2004663962903,18.4091125913823,8.02299026159023,5.54230716841804,8.53730941678975,7.83421043154416,5.28458612411048,-0.01955105253955659,0.0029275228091135575,0.020005056507369567,0.11275926639890879,-0.17114571653068328,-0.008233654894844353,-0.08219871077837783,0.054939411211163816,-0.24785983722700103,0.03104290611792375,-0.24205233764586573,2.761781589689825,-1.3833369940345557,-0.5522714286019861,0.15669878766412682,0.37518560664250933,-0.08471520779116935,-0.026443749239582884,-0.1433669983047,-0.195473191042392,-0.07212019554098861,-0.35214056277581646,0.25633582875887273,0.28837746673652764,-0.09135518204605828,-0.5334817044529376,0.022901090277289145,0.2564322723952958,-0.514194968652967,0.1694753767609901,0.17755281712500587,0.02971153633970036,-0.015470601486842064,-0.19121532070212782,-0.1868192456360458,0.05996860143564842,0.29779189853372,-0.2522905099267986,0.0013078405720623283,0.10202604377221029,0.037576283313578894,-0.12940077082369592,0.03931679835201402,0.08756731630448349,-0.2239827131510817,0.1288917963699384,0.09284774054181426,-0.8694444444444444,2.9095301306393684
35,9.73985306792315,13.1574900558708,16.5477358158898,15.2458141877197,17.9530844164458,-0.799589936214089,0.50463872270723,1.64495787973248,0.599452794016987,1.91663843790613,0.593574502313241,6.05674302570831,5.44541517001916,4.17443339757638,2.50453155180888,2.11737872512584,1.70686766160432,1.41665091937489,1.07772704498533,0.655851975436483,0.978429096193361,0.593880872481197,0.254544824063103,-1.17295378692756,-0.0761381254325863,0.950155269392546,0.935147090031548,0.970905331390018,2.47923624492129,1.27965557449977,1.01298533092731,-0.154733157432377,-1.10399554486812,9.98855411157899,2.00347836651148,1.32139627980206,1.9729093619311,3.08483090561844,6.13535133826019,-4.90375531548272,-7.33901523634486,9.52722249641476,4.18136884990876,5.89162887843261,8.10328790736903,10.6163912255524,6.01238049136647,-0.00799848414931406,-0.07769089367824783,0.005021804279483399,0.2917051207945978,-0.23745529149969155,0.15811891429255187,-0.013736665859917915,-0.22795444988127458,-0.035374365778107354,0.13364203010600667,-0.004599748502672337,-1.3950984566333466,3.476747760755515,-1.0118051333433313,0.05883966354549332,0.00370112160180237,-0.5836042830753604,-0.11793026907594442,-0.07910494738341117,-0.03540039697102901,0.2862908796773036,-0.2428634623613649,-0.038814462537410825,0.34449554472340804,0.18933223955736542,0.1845163160737691,0.250314567366655,0.05284368586482767,-0.10636023894790766,-0.2865315591138585,-0.0021019833787661642,-0.006067256105266608,0.08303021316905514,-0.17347212076486235,-0.010452892549185317,0.0020063005990502013,-0.05087882443782453,-0.03450222388705675,-0.013654242286022855,-0.023593962593994964,0.008661888324587062,0.07070505473622805,0.0029773165360823264,0.021855428436249727,-0.09980822819685105,0.007930804324778388,-0.06408432985403908,-1.2937499999999997,2.3313976859427386
36,13.661097009558,22.0178275937357,30.1955303619355,16.5667766166316,18.1781240002393,1.7349898364264,1.32215191361714,1.25808371204318,0.430768070220016,2.36679287307692,0.53234057292821,3.65501151974426,4.17443339757638,4.49636055236271,3.93289869327971,3.08813146879953,2.0668960036362,1.39929143726992,0.62604329967627,-0.195304389346354,-0.0316580379185731,-0.802099101095412,0.385195452139863,-0.730407360910204,-0.0664442031397297,0.541507306936759,0.472974935839423,0.323288345966277,1.05565915774058,0.520303138891344,0.488599556774166,-0.12006268714357,-1.15153001872719,5.05458044420157,3.0535434740037,3.01402918272631,3.46047668508234,4.32125929026682,7.25210796114552,-1.84302770352023,-6.85812407019736,1.85757356105018,1.05459996374803,6.56238687541297,6.44097650065798,10.5438028456254,2.17219379485934,0.05120536587735162,-0.12543489292404242,0.02504375434892731,0.3463737917644692,-0.25362387321360647,0.09537354072468925,-0.07796672505303448,-0.09746327854308974,0.2901731522391078,0.02770452640369991,-0.004880992955541413,-0.5593188200979118,-1.0174029144671948,3.2329295999113206,-1.0515322652422476,-0.20876446992774514,-0.11459806233601223,-0.059466066583029935,-0.0464962034100041,-0.033616692887715675,0.122481713789289,0.267510713597514,0.03103039432991508,0.018492332490818345,-0.09035973687102097,-0.2002887836251479,-0.05299837802589462,0.08535074881431166,0.352933368356388,0.21263486660952113,-0.20321743961863353,-0.15729808658880845,0.0027771466919459652,-0.06421563715925142,0.08828305406482698,-0.06752666963509796,-0.07731496394562526,-0.10088309848617916,-0.022239983049716656,0.0274116533013171,0.03072620982827179,0.09100698351955998,-0.0847428814083001,-0.0010133261251479523,0.05786496432129439,-0.09552847893812845,0.025393544074523877,-1.743055555555556,2.1181030551799664
37,14.7807872331009,30.5003630003308,45.7830219208157,18.4949068699123,19.8273476455758,4.44111942349031,3.04119075390838,2.71338433802975,0.298197747189625,0.545394558783708,0.751604532206946,1.23251285986448,2.50453155180888,3.93289869327971,5.88491469109195,4.49537165766496,2.84305277265343,1.70757365116267,0.442226151746427,-0.829595401247869,-0.773563437899968,-1.08372333274789,0.910808706144112,0.185940009699862,0.284887582638043,0.315081801251234,0.0972105980021174,-0.277921840622234,-0.392504473891271,-0.470439178921813,-0.336978218381567,-0.558769680628216,-1.34459475669632,0.760500179978783,4.24820461304857,1.61487232233304,-1.73669725920758,-4.57369051821875,-5.21996361340152,-4.682359411344,-5.3005440652778,-4.28254870298363,-1.29788428245523,3.32161761393804,-1.9847722399859,0.144361841583483,-3.06863046866709,-0.0834570287535936,-0.2623344190464601,0.1591903601840898,-0.1293946448550184,0.11921303334403585,0.15604968645557094,0.012459739012592917,-0.03368526677265872,0.01792730956010645,0.05097743373026414,-0.04469919194020565,0.15063505444147096,0.04747057976132489,-1.0542238628578893,3.1141262027869594,-1.3599740248260899,-0.35240387742364343,-0.17625236874720987,-0.03789725882548779,0.18110170963771643,-0.0347750684399648,0.3732988501617146,-0.008436866334289967,-0.02222388763131063,-0.04629023864592919,-0.15322170561688772,-0.26679398365894885,0.06073378215161476,0.21889316546728557,0.2698699735050524,-0.015292818648160445,-0.19171806052107063,-0.013905221056495873,0.18047739162237897,-0.18755732783393503,-0.2174216409711725,-0.012149866268478917,0.21233182948979454,0.09463614711300661,-0.07988351122420354,0.2825903853176935,-0.05345502287604056,-0.04737852120410206,-0.10180428078109544,0.16596357175844226,-0.017797858719434432,-0.10063373747857994,-2.5145833333333334,2.42382233076023
38,4.4999933657365,14.0435616715175,23.0583848817429,8.76612954080504,9.83549196833001,2.00505041107342,1.50548323476194,1.93122892556613,0.383713033650963,0.508547638400652,0.129599410359871,1.31644202032956,2.11737872512584,3.08813146879953,4.49537165766496,4.07090018114525,3.01694740659844,2.50483784833427,1.79529233361421,1.07045462443625,0.696809199649447,-0.628293555481603,0.467342219986547,-0.128730772655399,-0.0034097195344996,0.0675057864602872,-0.24663572358468,-0.651037457825424,-0.904664208390465,-0.371046529903075,-0.455546956957803,-1.11938101964899,-1.76967611852476,0.778474439386314,3.17973423434291,1.09051715351919,-1.22252573555524,-3.12726595091242,-3.58027288392708,-2.98088163770339,-3.99853941774767,-2.21293242213963,0.663916869618471,2.13774487151393,-4.64130944341556,-6.05734806215934,-5.20287173492856,-0.2092817094906229,-0.05687085395315002,0.09797406044471309,-0.09815823892389115,0.0700591823325397,0.04451238650173866,-0.09621258569054845,0.058648396832316464,-0.16307274490230741,-0.06560416164419393,-0.19889319849225714,0.36794839545455527,-0.0014779847487598418,-0.21048885016014915,-1.3605884609475682,3.187578058995475,-0.5007628476719617,-0.993469480353123,-0.2231903041207817,0.01647104862141556,-0.0022404897409068207,0.11855040970318295,-0.08471502120436371,0.003953147542941168,0.029020819012121866,-0.008650283832128163,-0.23993096631496272,-0.03958392871127698,0.13885015557669536,-0.2307234590138922,0.08791557378570579,0.19112411965781545,-0.08062916572023142,-0.1036844767233655,-0.06550254019320016,0.03141447402163688,-0.049900616832914496,0.158530769755063,-0.1138948838302343,0.03546002407229254,0.016356792305140328,0.033493692352418857,-0.01819568870079795,-0.044770269584378096,0.03665218806714345,0.09998519140137428,0.021452342437048216,-2.1048412698412706,2.01516753178123
39,-7.21591673944202,-4.82176163293286,-2.95000408298135,-2.92417144030037,-2.17204996458274,-1.21153637491067,-0.786236058747147,0.205015259006026,-0.429485010353675,-0.316580129613405,-0.884616292763061,1.13394864720918,1.70686766160432,2.0668960036362,2.84305277265343,3.01694740659844,3.19339944687166,2.91185841225232,2.683886013947,2.43261834509012,1.51495022379921,-0.74985572518892,-0.560515877267891,-1.12714059357989,-0.988949750447874,-0.864183673695331,-1.25989865965557,-1.35437444371014,-1.36592646686051,-0.700359350532408,-1.14542390115478,-2.45122203276045,-2.74930874951205,-0.0654298576439761,1.38871748203056,-0.234537468359065,-1.37496385869145,-2.3616295909688,-2.66236219540579,-2.99935988300747,-4.24382187772851,-1.87919753629002,1.04256790854958,-0.581086345701479,-8.20612817432168,-12.1877060202482,-5.29670730036914,0.16216800797061687,-0.03769881774216466,-0.03492142346838943,-0.12932607561216874,0.15737231533920515,-0.005968531808585981,0.06379817916684573,0.09398502717983609,0.04253270694452551,-0.24743141125177795,0.35943891994035876,-0.08488271779536155,-0.5784846838733195,-0.11329942879714537,-0.35992388263483444,-0.5019198582824946,3.443683084729208,-1.0501361661364719,-0.2432741286833217,0.026270294536421972,0.12059853287555071,0.0005026344702572775,0.18409503165084773,-0.14902482531673258,0.018736514030897614,0.055403056923482505,0.4008560520091854,-0.07962788497617475,-0.3438701807582313,-0.48824111321830027,0.14813271679669482,0.2419870865280969,0.11959969411803331,0.12989751192133708,-0.15170492597744742,0.03968900155231388,0.02358783541637889,0.21610409741871947,0.007419998391114852,-0.1025636511272286,0.07236866182168783,-0.003976893771875334,0.011028038995865736,-0.07342285093451881,0.14223256843890458,-0.09658998857019488,0.07524544061437828,-1.4867658730158726,1.7842083529878625
40,-15.6418854219218,-19.3436365336242,-23.6862957154449,-11.3706377829747,-10.8130861596343,-2.95838935468743,-1.58530453119067,0.290812737001538,0.112799990776633,-0.52238460512665,-1.0716569968419,1.5031210582337,1.41665091937489,1.39929143726992,1.70757365116267,2.50483784833427,2.91185841225232,3.58636945324107,4.09619581367292,4.57489939418169,3.46424233741511,0.322757306330191,-0.545251003097281,-0.858750024241681,-0.635760444111166,-0.414287948425736,-0.814222995172729,-1.27062203851234,-1.36506487330556,-0.843071362506275,-1.22333272067183,-2.624272734192,-2.69631670053809,0.781525928123733,1.20261341335341,0.388045484587797,-0.0469741556656857,-0.458202722553175,-0.888912126704304,0.665139220138504,-1.87424763700054,1.24409299761496,4.01091766151035,-0.751289342069805,-8.70071501175295,-15.3442497514722,-4.01152447306969,0.022759274935866818,0.0005247223636772894,0.02332426513146331,-0.10847094134077218,0.09889445662737571,-0.0803298974103325,-0.05068377519220121,0.03710217344642677,0.006583287675662165,-0.07308904839444413,0.05083194642416883,-0.0264762520458606,-0.1367345732448374,-0.05876250003440647,-0.1796037917955036,-0.9980505856971643,-1.0578995351769165,4.995491636394706,-1.7738041844346017,-0.4587459484136136,-0.07082969472802654,-0.1094687077641845,0.07098081420699046,0.0059657778104994525,0.013239026230892166,0.06080038627213436,-0.004533409824186167,-0.09568503405766399,-0.06520473653942133,-0.28384762063800983,0.06179410737542708,0.25903242596569237,-0.0007739288436843756,0.02627515732755152,-0.017262763295977528,0.06303473629191823,0.009173027096342086,0.08771084821825793,-0.10104491955555668,-0.016757304164225134,-0.020553710769906634,-0.02073940950604033,0.03454818883641527,-0.02151388867053576,0.02711585044312954,0.01993459485420027,0.05035665638988369,-1.1920238095238096,1.8911291476895666
41,-24.8134314735954,-34.8501942048531,-45.6006373725851,-20.5523903106409,-20.2041416493112,-5.04206696436298,-2.70621870942902,-0.0340903139364765,0.2959959531847,-1.02586457505521,-1.41919809171464,1.74127704006255,1.07772704498533,0.62604329967627,0.442226151746427,1.79529233361421,2.683886013947,4.09619581367292,5.37889230205971,6.5616860026171,5.20112909173464,1.20150049619897,-0.761469493778461,-0.876460954847697,-0.603476585512526,-0.312296408977671,-0.732626379693718,-1.42621984379041,-1.55492918788768,-1.15603891314798,-1.4962031951744,-3.02309593528489,-2.85938949242273,1.26337509054164,0.610784333426732,0.478240843823475,0.711304985700816,0.806683069150534,0.179677038931881,3.47052208793683,-0.134377216933936,3.72341389315986,6.39514883201001,-1.43382949861089,-9.78265117935652,-19.1058391911956,-2.98436935092913,0.06594912193807179,0.01108346553559437,0.00833414964100799,-0.05632480743418265,0.0448323853852192,-0.1256215889366473,-0.04682756327419494,-0.01829175441941839,0.07743276679018658,0.012887332171635138,0.02976445390182417,-0.13665987060409224,-0.09617527921104109,-0.04545355898883944,-0.039668808984855766,-0.22501420546754053,-0.2473697612324704,-1.7727258436458626,4.966304178306668,-2.155178318156856,-0.17390595870634565,-0.12593382546073367,0.03035336685570513,0.012644068394052767,-0.01104426881298902,-0.03192741261538566,-0.09635325942048048,-0.009547538413005758,-0.03806311771546879,0.012841385420497215,-0.001828451535660791,0.04428457133458552,0.003075173529415447,0.0851559212447286,0.03755864506213933,-0.006114437071648206,0.014214575714255731,0.01873396349295513,-0.048961869015130485,-0.027390915734285384,0.008293093634013253,-0.05939441724382172,0.04589018332599571,-0.007110912778257527,0.011281044073106344,0.008324048798230727,0.02667626018892724,-0.8306150793650796,2.317087029453083
42,-34.0971308635783,-50.4975627129042,-67.6809739303358,-29.8173548502783,-29.7073713391051,-7.13981237230238,-3.85907469130711,-0.382817972756505,0.420682844736984,-1.56037344504032,-1.79370501194535,1.86405566633043,0.655851975436483,-0.195304389346354,-0.829595401247869,1.07045462443625,2.43261834509012,4.57489939418169,6.5616860026171,8.50556911538562,6.87686125184655,2.02069737847676,-1.00258885022966,-0.906573381270534,-0.618665507766523,-0.290695603104336,-0.720537156826396,-1.6423539819494,-1.84851028984652,-1.54389277600806,-1.82771354235409,-3.46740615304579,-3.05350896890278,1.66716825154002,-0.0463507239123973,0.508184808589297,1.38999134437756,1.95456456175248,1.1201933033747,6.16635763231432,1.56975224219775,6.12478587381434,8.69600058571571,-2.23028987542914,-11.0256121903605,-23.0075023089309,-2.03611178820395,0.1721130127224195,0.027743190432797795,0.010707079411000953,-0.05508670351938135,0.01920664078125346,-0.2714847419656822,-0.07302939324833796,-0.10977767966584907,0.24659228763875876,0.13930304508622401,0.01625290084646018,-0.17843747489760683,-0.03692361160815069,-0.030227384528052185,0.1805031612014811,0.019434163418460014,0.035410730788424064,-0.4595601061463237,-2.154469303030308,3.079839597430244,-0.42031234779245874,-0.3020878737051938,0.03620499283285578,0.009706166861362917,-0.02763150919590249,-0.06384303923227895,-0.2104172891150574,0.04197333470761148,0.04409972138802735,0.3782988708332571,-0.07503907979524505,-0.15180578310034948,-0.02582452263637504,0.18348694659948694,0.15173156840652988,-0.11264406293084896,0.04301536955081933,-3.269748623340334e-05,-0.08743177613623067,-0.0412322205624109,0.05035953545395399,-0.15740837191507961,0.10324791181438968,0.002215025655726357,-0.013479464995350276,0.008064368211795087,0.005186017004374939,-0.45531746031746034,2.9147159579255093
43,-7.12044446692923,-10.5971952569411,-13.1043886791106,-25.0891885598813,-29.3468602392823,-0.0271540046664936,-0.286183630306667,1.37421614303982,2.12030184325042,-0.729469030978109,-2.66645717953052,2.42329227192169,0.978429096193361,-0.0316580379185731,-0.773563437899968,0.696809199649447,1.51495022379921,3.46424233741511,5.20112909173464,6.87686125184655,15.3293621406417,12.7395067443336,1.54875984252421,1.68527852448848,2.14927043717777,2.61426933947984,2.27045834817093,1.16092624390906,0.916461614939427,1.26847101803426,1.17541108766331,-0.136757689014911,1.42992262519916,1.27435962896976,0.0946835124715169,-1.54702867920297,-0.226956667575544,0.55463797390855,-0.137873853723559,7.38942413099804,0.346683224329462,0.656591960601432,39.5296727770343,13.347746123595,8.37649446880319,-2.03466604580458,1.57160356586546,0.08643434165758378,0.2193546607503645,-0.2322238373638365,0.2928145096961135,-0.14189758239692976,0.2988394014964789,-0.21178634223696338,-0.18188070590727276,-0.06398200878635014,-0.18619140671787215,0.14449586851344887,-0.0769803079974081,0.2844486776510226,0.12694773970367504,-0.030058543208255312,-0.00040940427552988817,0.12505633225861493,-0.07074784980011357,-0.17219736798274066,-0.41877414066466867,1.2263691490824553,-0.5178469067640585,0.19724314245485394,0.23363958658308873,0.03626390361170779,-0.08360973692841363,-0.11752698585895133,0.015646977130322093,0.14217485149170125,-0.03909772403074436,-0.4317242607822559,0.3438524764166615,0.017750515788507542,-0.03806333233075737,-0.09733141233432971,-0.010025183899408064,0.027805225955516703,0.19699840921155987,-0.08048172913894823,-0.11491846914257771,0.10892036459447892,0.035602814589694595,-0.024129603355678108,-0.013694282743866925,-0.08562849577163421,-0.09086115756869073,0.006591839584946337,0.14039682539682533,3.9139956745813733
