,Cov_0,Cov_1,Cov_2,Cov_3,Cov_4,Cov_5,Cov_6,Cov_7,Cov_9,Cov_34,Cov_35,Cov_36,Cov_38,Cov_39,Cov_41,Cov_42,Cov_43,Cov_44,Cov_46,Cov_47,Cov_49,Cov_50,Cov_51,Cov_52,Cov_53,Cov_54,Cov_55,Cov_56,Cov_57,Cov_58,Cov_59,Cov_60,Cov_61,Cov_62,Cov_63,Cov_64,Cov_65,Cov_66,Cov_67,Cov_68,Cov_69,Cov_70,Cov_71,C_0,C_1,C_2,C_3,C_4,C_5,C_6,C_7,C_9,C_34,C_35,C_36,C_38,C_39,C_41,C_42,C_43,C_44,C_46,C_47,C_49,C_50,C_51,C_52,C_53,C_54,C_55,C_56,C_57,C_58,C_59,C_60,C_61,C_62,C_63,C_64,C_65,C_66,C_67,C_68,C_69,C_70,C_71,Mean,Std
0,26.2998178615072,12.3909686118964,6.35861399881724,-0.0095654509478059,-1.57938747356178,-3.43041995254866,-3.63690967463553,-3.73951537495788,-1.41957326503896,1.00944705105061,0.0796007546640254,0.110794807738443,0.110936814270682,0.227275571860549,0.317323090913472,1.6796980950785,2.90196883059057,1.91742352634978,1.18374534964103,-1.33524745768233,-2.92921277508237,-4.2704071545993,-5.46393350252418,-2.53942911591875,0.351942387803464,1.98745510823834,3.65497404349589,5.88383350147255,5.71840835134762,2.72511619006943,0.846928186734987,1.41495404699018,2.06293361434407,2.83339534532054,2.91510052536397,2.53265379851443,2.1355461229828,2.15100595177007,0.894608926909055,-1.34966749555086,-1.13476227187883,-0.812430610961117,-0.378253468228483,0.40496678041258055,-0.3331816092226686,-0.032680896779703525,0.3383550827122404,-0.13782237747035275,0.10888942935517365,0.023932603506429933,0.054015883092820315,-0.0484046095366022,-0.15428876126443744,0.06682010009931802,0.037599054575149754,0.007562345073349256,-0.001854170124318922,-0.06794752159173544,0.006980924846014803,-0.050986565206704,-0.12310916149419075,-0.17826812581543822,0.15308707844029443,0.047728874396711224,0.012859816329647928,0.022870774898765243,-0.0022769835983555164,-0.10045660541077168,-0.02683854436509648,0.014818759741477349,-0.02467800006569526,0.020106244468001057,0.03828606729131985,-0.08011239035812619,-0.0009365866057545193,-0.036877067796759894,-0.013168510408695716,0.03490689810691093,0.00329014662684001,-0.03266836292949862,-0.043518818082908126,0.11896675526913733,-0.03273500991789947,-0.006450173025283128,-0.01796162731503108,-0.021686714919392853,-1.2583078909394696,5.127359735917429
1,12.3909686118964,10.6739208103116,7.24455766461849,3.28858707714053,1.54172579025697,0.105969354293866,-0.647256721695069,-1.30683738078737,-0.872761765837641,-0.61126852851909,-1.53122684240126,-1.42497883821928,-1.35714260441235,-1.16686144501985,-0.847553617345884,0.753363608275736,2.28094323288299,0.971407502988485,-0.120813154669422,-1.65305499176199,-2.98326566452925,-3.93553942364164,-4.93733851757963,-3.09889270337603,-1.36823452603353,-0.177164701550055,1.03991074531907,2.611903295527,2.4396417127488,0.950787442274582,-0.134188320243106,-0.677544319883043,-1.43595795416985,-2.03760543683259,-2.54907754634468,-2.20609158309811,-1.86807035714577,-1.041631559819,-0.840234454060243,-2.44461311398453,-2.19608497025417,-1.91551461024083,-1.42848412253061,-0.33680743028902216,1.6311766842373916,-1.4064778217875256,-0.24640720875065678,0.3867684257293045,0.19672371217072365,-0.14385635537562116,-0.03858626390264656,0.003623751981767011,0.08935046809842298,-0.006703366336477959,-0.013624379929017412,0.009660661013947074,0.017853135057777195,0.07377550780280889,-0.024015332759977574,0.006462651373302584,0.054527423214012154,0.17360646571562457,-0.1279521979136412,-0.015770637062798135,0.004189308903192087,0.020963762352269072,0.009159819640108325,-0.0009019562533827488,0.015591826376605618,0.08128423147761764,0.01882266446789217,-0.0035872080843429056,0.0007882231755525267,0.09024994201291958,-0.03866163655742148,-0.0209880872804131,0.04240733860796063,0.0012590303377612146,-0.0004937826668607192,-0.011109503025108953,-0.08741711550360351,-0.20310208708435668,0.17886910141654808,0.05002617890635083,0.0069239043235723935,0.13162193655839335,-1.523972431077694,3.2655659249679188
2,6.35861399881724,7.24455766461849,7.54418364632233,5.64131749249361,4.79756463480436,3.75755160741008,2.74877176980517,1.58085634785788,0.586941786900234,-0.667297138960403,-1.46420188173751,-1.28465161449045,-1.1116195164673,-0.810624575083271,-0.265340126877967,1.15984312370857,1.08898962866052,1.09230270913127,1.11220250656768,2.58265000026016,4.29042955633969,6.39958687874228,8.4559608377522,11.4025152338398,14.210749870833,16.8018437792131,19.4233339992325,22.6523754441753,25.1770775790719,11.8723487742,1.72896017932286,0.0402826876631978,-1.85505392310619,-3.60674765473217,-4.59432883938218,-4.33339068326209,-4.06399901838179,-3.34366695893866,-2.92210218178823,-3.02653945950359,-2.31880027816766,-1.70742206653467,-1.67018758016381,-0.03943408844878576,-1.4501971809371823,3.0387730580630685,-1.5070310848701887,-0.22790713539438567,-0.09151408113387496,0.2147921831473595,-0.005155588592849334,0.002880187788341964,-0.052354921693635356,-0.053144585802040345,-0.05306586269066129,0.013646142910692646,0.004987899926704075,0.09944646649881246,0.018064903438244934,-0.016143963371206112,0.0006399515270465924,-0.011513497724980951,-0.07642274723921043,0.018766861185402814,0.0029399163876617923,0.06570362268303868,-0.008519376754751581,-0.0059464485272146565,-0.015153672871365665,-0.06999153291631792,0.025426582700028056,-0.01397988614835267,-0.08935731848818293,0.05610957907979154,0.007104037612848876,0.021005789143402207,-0.041077334352904706,-0.09601846630134332,0.01234277915327068,0.1701926977236061,0.044508807661601806,0.11150255518233572,-0.16676685269948413,-0.038480677736227084,-0.0319283587200928,0.012476677039901985,-2.28045948203843,2.744846743685761
3,-0.0095654509478059,3.28858707714053,5.64131749249361,5.94551935005968,6.04821262201789,5.48820037583376,4.56269437176359,3.24873170159693,1.43444827368234,-0.751890688410978,-1.44237674321047,-1.21191090641801,-0.955720990028814,-0.602494883583824,0.0678363519380951,1.16297103729907,0.628354759745335,0.995205070495966,1.25460376840028,3.52852095946189,6.07712991080297,8.96110125749506,11.7828115989172,13.7793989687211,15.6332450067228,17.5859229884833,19.5661070491692,22.259070930897,25.0620875699595,12.02301205506,2.05395054171129,-0.353848716822135,-2.94443180440361,-5.40061322810044,-6.7534938528909,-6.32298521788772,-5.87181740639692,-5.12323693942076,-4.39420549308218,-3.5283314121149,-2.5178289729195,-1.72199786019741,-1.74983784075516,0.3351788198015188,-0.24787608979777817,-1.5276451872073245,3.7631341019983657,-1.2657958578456556,-0.6459896813152259,0.10590245808897254,-0.017309715135163634,0.02848934525402421,0.01782617754065094,0.06522422622080006,0.05311613724715002,0.08330785786314268,0.007758590519768127,-0.10760086597052484,-0.05506808624601151,0.0007434373880612586,0.020744983381713298,-0.1396336408509494,0.08035865170157423,0.13824592688806608,-0.0533957809159447,-0.02277961460132341,-0.09392176725364515,-0.007028875352053898,-0.003591744428601929,-0.005282420632961839,-0.001584210970133359,-0.0059849275227129035,-0.019507447599644293,-0.024884845674918988,0.0007734537385518232,0.08664326303271051,-0.009431707811549608,-0.0616414609738231,0.011211970463189525,0.13400204158339366,0.020905958473456783,-0.061394579651372155,0.037956404025064616,-0.013892167888498744,-0.03820787808045613,-0.11141390315650766,-2.959168755221387,2.436292131510439
4,-1.57938747356178,1.54172579025697,4.79756463480436,6.04821262201789,7.03671315088054,6.77293541731973,6.11550982676653,4.79497533082885,2.74598259714669,-0.176154254948119,-0.927378402250583,-0.76505562374134,-0.558051890696889,-0.267593639539285,0.42658760029747,1.51075442006743,0.888310138504056,1.78597513526682,2.35454731115372,5.11804192497909,8.28940961701137,11.7571985157138,15.1555924205908,16.1922391300322,17.0903522595428,18.18216926954,19.3028061628034,21.4401245306005,24.3804659660337,11.8658161865174,2.25777511770527,-2.29814191650276,-6.99050043975897,-11.5555590792293,-14.7430373772833,-13.5754515929076,-12.3791887092177,-10.9860925298776,-9.56859740663288,-7.35977885764861,-5.55293929439261,-4.057718362069,-3.6758191968935,-0.1292585797437662,0.4356007854429365,-0.22238302718723235,-1.2631234455811418,2.958177105734398,-1.4467156268347086,-0.03348188738715234,-0.06560040027488924,-0.013204426853380708,0.008676748152557388,0.10904225835031524,0.20158420652543071,0.11218733955318652,0.02906902711671366,-0.06359209130375233,-0.18856042545661128,-0.11105380112918041,-0.050988270934602196,-0.19617686522740557,0.1741136203774776,0.06210039923627553,0.01665689890297577,-0.039047294090662855,-0.0701593437233408,-0.00017973104354395295,0.02879342573915279,0.045562262229011025,-0.020190744936179717,-0.0012069319563578068,-0.0047532993419551655,-0.1464906124341071,-0.05425397945732032,0.04142285699206398,0.19963381973037053,-0.010917617867415465,-0.02707730028107866,-0.1436183692898185,-0.02355847633782314,0.00299915127918534,0.14100560138109922,-0.03882989695447243,-0.05925855580832018,-0.0658114059834272,-3.487878028404344,2.6507948149339176
5,-3.43041995254866,0.105969354293866,3.75755160741008,5.48820037583376,6.77293541731973,7.46222525989319,7.61677343840985,6.83249327502478,5.00497113999087,1.7281930849912,1.20342282164065,0.909898741858011,0.637653757600627,0.427983055411438,0.672585018954211,1.39853519291443,0.426693833936961,1.41413094450365,1.80412447130027,4.45876326876258,7.29704135315147,10.381885025166,13.3208196318586,14.3544599450873,15.3156574801796,16.5474613231806,17.8080612211294,20.0663095427104,22.8238956427964,10.9829290439655,1.82348729034024,-4.92498132966689,-11.7701008230123,-18.5482457120548,-23.9994920626703,-22.0641510753722,-20.1076100301063,-17.9942342702544,-15.7800936587835,-12.1485138968688,-9.5150983028832,-7.17651457719979,-6.26405402495487,0.11571469024193916,0.23574103859946663,-0.08499137594302572,-0.646853201615144,-1.432804537711889,4.115726091808187,-1.5620575796173501,-0.3893773969271545,-0.15234385742632445,-0.011156147357561305,0.06638982915749063,0.05204999429080807,0.03909573260344706,0.03664871637103685,-0.019343882180992183,-0.07134269736519255,-0.0424780460990447,-0.028138145729584868,-0.07295565550994462,0.03661916681536167,0.0224879834913118,0.0245347295540875,-0.0179886973918009,0.0031512594174092352,0.007906936932933846,0.004245858325245447,-0.005449387631389349,-0.0903880512455486,0.02279079001353788,0.09301341026880251,-0.033327876240827274,-0.014070241957797765,0.006622820289972025,0.029151153201179298,-0.002945853071841903,-0.0037437061205192364,-0.012606096301599303,-0.005398963824666922,0.00686797702014472,0.015863902843280552,-0.011649890166023724,-0.013589572075568377,-0.01180809885300789,-3.791481481481481,2.7298764184287148
6,-3.63690967463553,-0.647256721695069,2.74877176980517,4.56269437176359,6.11550982676653,7.61677343840985,8.79680280692577,8.63941864136976,7.29871852113301,3.91174913042949,3.5441799116379,2.73713415632121,1.92417832748331,1.15631564016875,0.895596648102267,1.31103934519898,0.315275138365867,1.25680366811187,1.32814136551797,3.37519045234163,5.43144656143561,7.68821337230387,9.72099308961774,10.3263762415832,10.9247438504267,11.7890512885047,12.6827920783778,14.6397669166463,16.7750027730494,8.0850767853043,1.1943386954254,-7.76727018048057,-16.7757535509935,-25.7758838446718,-33.5643410830222,-30.8311965032505,-28.0846874402905,-25.2103738893107,-22.2466213416459,-17.2016620507794,-13.6866422469478,-10.4483719057406,-8.95380622402584,0.016212495113972387,-0.14056040401026815,0.2130483971664921,0.08222498775488052,-0.07273909823798398,-1.5644548341753561,2.74268391781366,-1.052450259818247,-0.5043076335023892,-0.05253862540264186,0.09251201379604389,0.01581704734983546,0.02722160906354513,0.15233772248729915,0.05816600196796596,-0.11648274931215669,-0.07447824278872792,-0.04184154317705015,0.0279377837063919,-0.0203946858249626,-0.020207044691693505,-0.015798411742318295,-0.06888969038045605,0.09588519440523122,0.026678355672791226,0.007034093741822693,-0.017375329379833056,-0.17071385365508293,0.09687911834626942,0.0432495898522003,-0.034507233994550364,-0.017372687801701703,-0.0337418338943723,-0.018898063632912566,-0.01067100736489697,-0.0013557709061627504,-0.009810569377409628,-0.012228715836789262,0.012198022031362086,-0.03275114268795008,-0.01028527182140425,0.001722099579586081,0.046154138515770396,-4.0395293790030635,2.9642541738059123
7,-3.73951537495788,-1.30683738078737,1.58085634785788,3.24873170159693,4.79497533082885,6.83249327502478,8.63941864136976,9.48941685949382,8.85225407332123,5.51151126519999,5.37111939350473,4.17391726062526,2.94825978501272,1.7545768579058,0.973209543270217,0.972145107618734,-0.0275393660779368,0.692509594466462,0.226722967523802,1.39900128763133,2.48688301716991,3.71113267287545,4.69970848061944,5.01917028684971,5.32134026188797,5.85094716269199,6.40654218831287,7.96253769478377,9.51180803781817,4.69820522773643,0.53623635873028,-10.9982761119982,-22.5354621397433,-34.0631841719453,-44.5355610847079,-40.9002886648139,-37.260506488048,-33.5168153583929,-29.6932488381904,-23.1667530281919,-18.5193998557019,-14.12171840488,-11.7282164974169,0.050175029455122235,-0.02748323703166359,0.01318208676181501,-0.014584246742415373,-0.06419868234024072,-0.3382730745599177,-1.03878274208994,2.858826480246448,-1.4007339354663881,0.2728958876984089,-0.03301545214203832,-0.06821551934719018,-0.11011961813164199,-0.1027250270417223,-0.16954081225000842,0.27860567077382514,0.07621535705534362,0.0491999636740868,0.29380054889096313,-0.14437648758328608,-0.08394934769892735,-0.020807220938889676,-0.005626326670533436,0.024771144542834824,0.007811707746246632,0.024123975952097695,0.030046158767138842,0.09618281049268912,-0.1313216264587647,0.01087483711516707,0.1192548699727609,-0.0008390423627404914,-0.11317734279132757,-0.08513345783896402,0.022727100684315972,0.020240059668568188,0.017418590265579424,0.036129384130025574,0.17020782135242096,-0.11900099576904423,-0.03601520840085048,0.009090830463359623,0.07603087113174191,-4.0436090225563905,3.0788661645959574
9,-1.41957326503896,-0.872761765837641,0.586941786900234,1.43444827368234,2.74598259714669,5.00497113999087,7.29871852113301,8.85225407332123,9.66834453531409,6.89486640876417,6.90085107993676,5.31242735722318,3.67872341210208,2.07200545728865,0.786808401255435,0.804617246972186,0.306417810433157,0.521183504098697,-0.603461566961741,-0.995918960119497,-1.45471643783618,-1.82560673723384,-2.40635018813936,-2.03237841631537,-1.67179605884411,-1.21719308380777,-0.744974553547155,0.62176188226674,1.13181903612645,0.533350711075104,-0.380108661848894,-14.736671828886,-29.0510726864734,-43.2695092767112,-56.6010553603859,-51.6491124089585,-46.6993915439307,-41.6698429380179,-36.6749126868458,-29.5318785140354,-23.9906432729533,-18.6402705881401,-14.9611683474424,-0.07959508311860782,0.0032353875438244383,0.004195208522034476,0.019835244169288703,-0.01044293847643384,-0.13660247255763458,-0.45770155415596503,-1.4465596401554488,4.257621621729934,-1.3645981960320357,-0.4560843245624131,-0.2914784068469694,-0.10260904340638638,0.00035022294243957215,0.023264884917201585,0.08390880947411902,0.10190187206082245,0.016133383950708374,0.007804254293029157,-0.04274586532057528,-0.01277236503349621,-0.0028216821220180036,-0.006064697580589875,0.018649676492681597,0.0012792601977781781,0.011276258488222241,0.01888810125540523,0.05195649414419332,-0.040238158917300856,0.026410668307924295,0.024751452193201427,0.001279680417261468,-0.01809600919957775,-0.11115550809758827,0.1864189071917235,0.06754487161928617,0.03237547300929612,0.006825803478183204,-0.04594864848153414,-0.034346103648916035,-0.014154998515567306,-0.015456028390779161,0.041537565751008775,-3.706260094681148,3.1077877236571503
34,1.00944705105061,-0.61126852851909,-0.667297138960403,-0.751890688410978,-0.176154254948119,1.7281930849912,3.91174913042949,5.51151126519999,6.89486640876417,7.29601160461401,7.65227313234363,5.95220960036556,4.20737521769343,2.49729584082465,1.02335379211794,0.312215649402288,-0.206624560048842,-1.39546778135658,-3.0859238598875,-5.19746683121215,-7.2529540605102,-9.24583877620322,-11.4558164157044,-10.656464913242,-9.83445629303139,-9.06224023156165,-8.27880057966155,-6.82008137390287,-7.36946868643896,-2.95393322793173,-0.11471941719214,-4.8058976370291,-9.41054055983217,-13.9376709174339,-17.8536754812058,-16.5051067495341,-15.1694916166028,-13.7383444550946,-12.3976177639953,-9.3045817723785,-7.37744531305239,-5.54158994176999,-5.0189626333185,-0.1548956102262388,0.08246912060708073,-0.041198687819144895,0.022572351985659312,0.017123928649506157,-0.011699112069972577,-0.05520961620145257,0.22116416433467714,-1.372925311482139,2.8468047042660647,-1.1162887975010447,-0.45255049807818987,-0.10874033757576426,0.23325581860227265,0.17426751242473204,0.0444968467971113,0.022177696386313384,-0.05458304456929146,-0.19162892954562896,0.16179617446890357,0.04056464460563195,-0.0022094708333044014,-0.0357612939107017,-0.008350213082684346,0.003999728317083638,0.011906334586160106,0.022821445663379444,0.028750921077746926,-0.025460553323478907,-0.05725526281045266,-0.0076565414659858005,0.022330396137501915,0.12016116685062028,0.011976226663768052,-0.16649446416344646,-0.030082805686404007,0.03151799231432259,0.01734846024156799,-0.0038882007558310263,0.04927569827983771,-6.507419412271521e-05,-0.11511781863388033,0.1272753481709698,-3.03557783347257,2.699261307212404
35,0.0796007546640254,-1.53122684240126,-1.46420188173751,-1.44237674321047,-0.927378402250583,1.20342282164065,3.5441799116379,5.37111939350473,6.90085107993676,7.65227313234363,8.57871469977915,6.8406932676374,5.06545698991136,3.3217813788519,1.72688558771863,0.660473474449432,-0.564681024159206,-1.31180200850119,-2.46526810421809,-3.9159398789067,-5.59445615413541,-7.24455180605459,-9.12546099231643,-8.41557147124113,-7.66963682895733,-6.94743093332847,-6.21911642925119,-4.97621036662883,-5.45308958434543,-2.22900391349491,-0.163201291246977,-3.8414655232899,-7.38761263685002,-10.9300758430829,-14.0718871434486,-13.0831292336598,-12.1260707642337,-11.0858243227872,-10.0657553925618,-7.50347012013525,-5.96229125392893,-4.50866693847179,-4.23051007174433,0.06365893789981655,-0.0025943294374511966,-0.03995088346542345,0.08852284616738076,0.14052273143871571,0.06399844958489928,0.07684371789269093,-0.05338019041597551,-0.481342043070234,-1.112851327635034,3.0599375689425568,-1.7801743487128607,-0.39247310703418736,-0.03389329350598207,0.38104046599850466,0.06152399012191974,-0.007473654322638012,0.005460425623971946,-0.02469505509613864,-0.07205171410936528,0.0573167870288967,0.011460983039769798,-0.00239792987982483,-0.06050467160546085,-0.009215933627839245,0.0015750282876198806,0.014447911486784431,-0.00932952393086394,0.05038605006464195,-0.01372167442806901,-0.01146302226202621,-0.042678177440012934,-0.031870766611693184,0.13530577858314283,-0.06371260052371391,-0.01380956290219726,0.006274958799258803,-0.024209035587026896,-0.09274220833736788,0.07615771094042768,0.027341886049059676,0.060677932902752474,-0.13379000105079358,-2.684895572263993,2.9272367003334643
36,0.110794807738443,-1.42497883821928,-1.28465161449045,-1.21191090641801,-0.76505562374134,0.909898741858011,2.73713415632121,4.17391726062526,5.31242735722318,5.95220960036556,6.8406932676374,5.77658296551033,4.59756847860056,3.44142081922536,2.35939362266946,1.40105856766697,-0.23375964860273,-0.73904931050356,-1.51328267164037,-2.32788940260587,-3.45669717563337,-4.57796866550811,-5.9279505703701,-5.32607169846701,-4.70120689425148,-4.09607624270478,-3.48650168033654,-2.45298613147589,-2.72684094102766,-1.01934015448771,0.0415655712039878,-2.39082803235147,-4.67359026404754,-6.93442442055236,-8.93975807450532,-8.30091102715708,-7.71095285064177,-7.06324959180082,-6.42800139946927,-4.57684512931542,-3.69309867708462,-2.91527518479419,-3.13404915955093,0.052767695342457725,-0.014640028909281611,-0.10539655119664414,0.04912387665053544,0.2062334685545876,0.05308327800805767,0.019342008789980863,-0.052393560803894325,-0.21266616155026533,-0.5017724287330353,-1.8034701932885917,4.681453183508654,-1.720601291297735,-0.34859831035159183,-0.08980444341632178,-0.060211054324946216,-0.04053102611408023,0.040606038325891776,0.01597672157835935,-0.009202441408960631,0.006843526432054166,-0.01895910448041764,0.055481946713876414,-0.0002757750772992377,0.0008404367889498161,-0.002296510366495036,-0.001054774812687337,-0.0825707520068367,-6.121390309446829e-05,-0.00914997468573882,0.007076919380533101,0.04089781531033907,0.015062992791452574,0.07329854002684709,-0.047075723123915884,-0.006859442655023562,0.05013007908394199,0.004199297705600872,-0.007933887013389193,0.017376108731587684,-0.0016722332820334022,0.004278011898166419,-0.024311624035898993,-2.5342133110554164,2.401371059522107
38,0.110936814270682,-1.35714260441235,-1.1116195164673,-0.955720990028814,-0.558051890696889,0.637653757600627,1.92417832748331,2.94825978501272,3.67872341210208,4.20737521769343,5.06545698991136,4.59756847860056,4.08363692108604,3.51881019873313,2.95305301261559,2.10564481450499,0.0586532221547681,-0.202263111343768,-0.585402520935438,-0.773016314120261,-1.34825408194445,-1.93273130918328,-2.72417360865188,-2.20986711150101,-1.689418324368,-1.18509474712864,-0.678543204355318,0.170114478767464,0.119503984011567,0.271667374846417,0.324487603491489,-0.816238190674855,-1.79331186649966,-2.73266919099351,-3.56004726441064,-3.29807708629962,-3.09852072473673,-2.86689011400128,-2.63683007358972,-1.55907172147022,-1.32621053686648,-1.22180917675445,-1.91518497930109,0.01218267544404916,0.05400941252353552,0.006442988190167416,0.08897185387055222,0.08939068922388385,0.03494512147898415,0.028077547714199715,-0.06367502476780063,-0.08349043781605947,-0.11764572075831198,-0.39085114741842325,-1.710644993740215,4.856429985702077,-1.6473304552393397,-0.528396566731515,-0.19436951455682955,-0.03759204515680744,0.07766750198876081,0.03148094935055625,-0.0029127338544317817,-0.01408111227789729,-0.004247364128995071,0.020602829115752966,-0.0006901698069567162,-0.004817488138591349,0.0017604958497939673,0.0438067211936202,-0.06841939155875391,0.007234818471568423,0.00010436854428934148,0.005799626896858005,0.03907915029725673,0.008306877525853743,0.0018443466566437452,-0.00891997048149122,-0.029008771993103324,-0.03233280971195025,-0.0029718357379190726,0.04048499551706313,-0.004368254724146617,-0.0344014075666134,-0.00813469822710942,0.011958596691307308,-2.412102478418268,2.0183252763333366
39,0.227275571860549,-1.16686144501985,-0.810624575083271,-0.602494883583824,-0.267593639539285,0.427983055411438,1.15631564016875,1.7545768579058,2.07200545728865,2.49729584082465,3.3217813788519,3.44142081922536,3.51881019873313,3.61339117815857,3.55108572730811,2.82133757457328,0.353668509691787,0.358529939300825,0.391567538919874,0.847663817877211,0.843439803528952,0.827127160975544,0.633411126049908,1.06135088512135,1.46967781267531,1.85939076109817,2.25068677336847,2.93933443002171,3.15510872429472,1.70120342328589,0.705572000344104,0.889072956584378,1.24579166158192,1.65595268867072,2.06213522063294,1.92858805895114,1.71993101931413,1.53666966245951,1.36238320013345,1.65954615964105,1.21611819105322,0.614852348111616,-0.60694683348257,0.002346883048108377,0.02207951476815556,-0.02779712842497751,-0.0025526311626014988,0.01713162819127717,0.025319617671020252,0.13492275190109548,-0.16495965800888707,-0.006373342460673573,0.2272601946444183,-0.030218736939376274,-0.34788448127366234,-1.6502219222387404,3.7352565899388903,-1.437251403780549,-0.26496929334473746,-0.009847660073222858,0.025856730935327647,0.06941354316002638,-0.011991462064232471,-0.005151473758311096,0.011463883191114096,0.02051616668830793,-0.01018536438189717,-0.03726247249843683,-0.011817368903557484,-0.011048889198328577,0.008591259876647885,0.06369015013149774,0.01011562497779828,-0.09213462379498873,-0.00885779569532802,-0.0037745727239132634,-0.07710278805787145,0.061818526374247895,0.007719223208603905,0.004437251356998762,0.00020502555639843347,0.05624480927891405,-0.02725231961497579,-0.09603422543823345,-0.016947175874241577,0.050284949635097095,-2.315547201336675,1.8982600396569944
41,0.317323090913472,-0.847553617345884,-0.265340126877967,0.0678363519380951,0.42658760029747,0.672585018954211,0.895596648102267,0.973209543270217,0.786808401255435,1.02335379211794,1.72688558771863,2.35939362266946,2.95305301261559,3.55108572730811,4.12774970223069,3.57604693497012,0.761135254822454,1.10968282522753,1.64966889939236,2.7610782535365,3.32283329859943,3.89313150620944,4.27761848370084,4.52447077412466,4.74292003201602,4.96261926753416,5.18767657051918,5.72059747681602,6.18382303835462,3.0867404717951,1.0029406778409,2.52244140052549,4.21225867335704,5.97864648919723,7.68405839070492,7.18303874544478,6.59872611649829,6.03893399463958,5.48707977566759,5.06133233516528,3.88305824677111,2.52097957613729,0.669719058720013,-0.06350958464281835,0.06374343038570202,0.10857853717934832,-0.12397105206074875,-0.08084662528469855,-0.03041672729900183,0.03627626578785987,-0.21348546181767025,0.019187658733677716,0.17807134667505503,0.3943377006225478,-0.08862367950574311,-0.5309841200975657,-1.4367205637232439,2.566530635869195,-0.8230322486434744,0.12696882802649367,0.016866420132897835,0.003907821122055333,-0.025513478105048778,-0.017128394200029363,-0.03954493396249655,0.06367436651077084,-0.022437530272218783,-0.0003672941893111151,-0.026179259667839846,-0.1083168484872862,0.06693104167629173,0.017991661379066735,0.05674971666083118,-0.061191928216734755,0.024229005067985247,0.05860591705821961,-0.028574206610832775,0.021457409166807915,-0.011879191511311888,-0.008501892006952092,-0.04285801782347219,0.009720860313302736,0.002000029333888594,-0.02225061594166798,0.01103925212569677,-0.012572095485609138,-2.2581453634085213,2.0292239162376062
42,1.6796980950785,0.753363608275736,1.15984312370857,1.16297103729907,1.51075442006743,1.39853519291443,1.31103934519898,0.972145107618734,0.804617246972186,0.312215649402288,0.660473474449432,1.40105856766697,2.10564481450499,2.82133757457328,3.57604693497012,4.26066085438007,2.11985549134084,2.29463725235089,2.53227334877329,3.60783219486403,4.02266409958244,4.49716076845921,4.74271126122786,5.31356129438291,5.83747595019816,6.35875254407396,6.87992845376631,7.99080080872513,8.71986635140841,4.24382606303842,1.00450310909157,-0.420820626372869,-1.72328997210012,-2.85820184356588,-3.93055989898433,-3.39800970367175,-2.94423424871307,-2.4637591302654,-2.01097562694135,-2.04328325186799,-1.98341841627687,-2.14487810400342,-2.59603830594075,-0.0003530249296256359,-0.03293252637529452,0.04262803395576304,-0.04132991535985582,-0.14519324999591107,-0.055065218632983366,-0.106273623406458,0.30985740163478764,0.08583025763484163,0.042627299966226606,0.06645378435981444,-0.050448571665064855,-0.18379519389817933,-0.2654400286389741,-0.8210080656397544,1.7880611376204403,-0.3043469877629435,-0.1863215058003114,-0.07473990374250641,-0.017328342865642717,-0.004174141169976104,0.018758655613762935,0.014518712041305226,-0.001274637289535705,0.006088945320777331,0.02337316458063721,0.08796134452601649,-0.020116340366723554,-0.07885304134808972,-0.017937239626677128,-0.037755577043451186,-0.03383098061462652,-0.02058788508213718,-0.05215551699623294,-0.0009014442719056281,-0.006037193867987216,0.016566580952024543,-0.007782957608122026,-0.09093983220798454,0.17379938869396833,0.028662395230162407,-0.10112955072448755,0.320544451403131,-2.0801587301587303,2.061713087308723
43,2.90196883059057,2.28094323288299,1.08898962866052,0.628354759745335,0.888310138504056,0.426693833936961,0.315275138365867,-0.0275393660779368,0.306417810433157,-0.206624560048842,-0.564681024159206,-0.23375964860273,0.0586532221547681,0.353668509691787,0.761135254822454,2.11985549134084,4.86567492897542,3.19501374932251,1.42660274428167,0.409681462959227,-0.791846487079789,-1.93588363456468,-3.35950183699443,-5.10940527824126,-6.9703261124411,-8.8575319866255,-10.7457955601865,-12.2209648049939,-13.6436986525078,-6.46790000640882,-1.50941029471025,-4.8947108294605,-8.23749661181225,-11.2600992542074,-13.8093871942617,-12.0467785415585,-10.3034357832602,-8.58695275256486,-7.22521944153664,-6.58109417150669,-5.62375965360489,-4.96397755431239,-3.90552679393521,-0.05560201251923774,-0.012953404231867981,-0.03185825973329013,0.0065843152792248085,-0.06493624081282409,-0.029666128030196068,-0.05935518053204368,0.04883246541031678,0.07210062307213552,0.019298322406461826,-0.008890137409314361,-0.038736012797176096,-0.031927942171191055,-0.01090434381271873,0.1296361432754861,-0.3023812749788792,1.4196456229314185,-1.407472380620122,0.5798533757723517,0.07444850816608639,-0.0024206324306131027,-0.03826499786546512,0.07037606723207601,-0.02172994413060312,0.013539843082545624,0.01724034685607016,0.030071260491390854,-0.011108945759932468,0.06417812273924173,-0.1209671198754297,0.06209864869661387,0.07325456791771362,0.047182258516507716,0.07741929984218181,-0.07403556684563824,-0.04219322263663754,-0.037584782925990684,-0.054779980871023495,-0.07307159632617087,0.09571306778477406,-0.041604148953959655,0.10482793683764116,-0.08781280972519477,-2.5682539682539685,2.20355960413496
44,1.91742352634978,0.971407502988485,1.09230270913127,0.995205070495966,1.78597513526682,1.41413094450365,1.25680366811187,0.692509594466462,0.521183504098697,-1.39546778135658,-1.31180200850119,-0.73904931050356,-0.202263111343768,0.358529939300825,1.10968282522753,2.29463725235089,3.19501374932251,12.8486040086533,21.9929376334185,30.6012378750805,38.0311918340304,45.5567766173077,52.8803521038941,41.526580402525,30.2642804132997,18.9790827883541,7.70158418746735,-3.24754307463076,-3.27297855649954,-3.07064587679412,-3.29541775992664,-8.42616617383701,-13.466878145473,-18.6348374264238,-25.5434271406239,-23.4354543948104,-21.3622199620185,-19.2532978043551,-17.2437712355441,-14.7137962373024,-12.2933770041575,-9.86156618104969,-7.36975664400514,-0.11609804825328587,0.0684624880446025,-0.002756148766173115,-0.009955681733500485,-0.04618611968185785,-0.025417096501671125,-0.03410122122539624,0.047060269881427655,0.016514458608227575,-0.03303572545418478,0.007852875208905647,0.03413596435997787,0.07731211598717605,0.03389669716630373,0.01756699205930682,-0.19401728793231235,-1.415848436832176,3.540593271249671,-0.9214861746819865,-0.48826758668367276,-0.14123260972107593,-0.034821656970904794,0.04407092197596384,0.04838179156823009,0.024571464353734546,0.0337326474047192,0.07485955847166068,0.031534196923987796,-0.04084242569401499,-0.05034459910871555,0.05338273125066621,0.0903107728631533,0.06436032698131587,-0.002105604091252732,-0.006541621387075214,-0.006004642426631755,0.0040084381286024295,-0.0538836200345144,0.12837941493118035,-0.04389494536404,-0.07479750319792011,0.0010050668928122514,-0.012178748786346704,-1.9174603174603173,3.583099776541713
46,1.18374534964103,-0.120813154669422,1.11220250656768,1.25460376840028,2.35454731115372,1.80412447130027,1.32814136551797,0.226722967523802,-0.603461566961741,-3.0859238598875,-2.46526810421809,-1.51328267164037,-0.585402520935438,0.391567538919874,1.64966889939236,2.53227334877329,1.42660274428167,21.9929376334185,42.3297956577267,60.3389762770877,76.2115752660189,92.2428259882252,108.14871624412,87.4507379505987,67.0716657727078,46.6665016430778,26.2809546059178,6.05448869924383,7.20459073132623,0.391394142886661,-4.82211217918487,-7.7644119457462,-10.5816574973689,-13.9959758275481,-21.4401620669657,-20.3044274008231,-19.2226015718384,-18.0199197766572,-16.6364873087623,-14.2015405651379,-12.0215352632231,-9.49114070098552,-6.89089666567001,-0.16963435644074173,0.16461459271041987,-0.00685684169948785,-0.13023040607088873,-0.1912265826327072,-0.06433024228419025,0.033465276268582714,0.30619245508241283,0.01536786202758777,-0.18626502248679977,-0.03156189856078848,0.011180985326696518,0.0381076368126055,0.0858745399003006,0.009668106940586545,-0.06724468336700348,0.5822244554998502,-0.9206612016804003,2.04884758972736,-0.9636843070365056,-0.26798328362122287,-0.052314030627226074,0.06397572115908153,0.09861646285945332,0.04282037220814149,0.06561127907858594,0.08783357466175888,-0.1876334291491383,0.0887407611792137,0.06293855026352174,-0.0528502252540606,0.009094532898896673,0.1445125679117209,-0.14721080334568834,0.03411173915412716,0.01598357762167463,0.0021335561255482827,-0.020876939103440195,-0.10294894388780945,0.0013733060282640852,0.10557159160353875,0.02890419151454476,0.046675168398871675,-1.1555555555555557,6.505366681266068
47,-1.33524745768233,-1.65305499176199,2.58265000026016,3.52852095946189,5.11804192497909,4.45876326876258,3.37519045234163,1.39900128763133,-0.995918960119497,-5.19746683121215,-3.9159398789067,-2.32788940260587,-0.773016314120261,0.847663817877211,2.7610782535365,3.60783219486403,0.409681462959227,30.6012378750805,60.3389762770877,90.1355954661558,117.031314720361,144.119196095763,171.115120933104,143.982374957214,117.264487564025,90.6186634900097,63.9956265104887,37.273513248981,42.227391017624,15.2252207855464,-5.14720372240723,-7.86501264276366,-10.4099275238879,-14.0276137064948,-22.7973782213849,-22.1640653071788,-21.6074489699042,-20.8484493780404,-19.6375839271733,-16.5845584086944,-13.9140858945548,-10.8190668114514,-7.92249517493552,0.15935731732505826,-0.17204677719906167,-0.054398440177193266,0.0935102838615329,0.1686435458863344,0.04518505870044791,-0.01940687941599542,-0.14137379299190667,-0.019342714288242798,0.17929404879235,-0.043676996075937495,-0.006845618249382592,-0.005403552389017268,-0.006826852252693479,-0.01876471896592503,-0.02214075190998541,0.06792837654012768,-0.49305402372462037,-0.9814353213115047,2.366713280787512,-1.5042585141831946,0.03130792137777655,0.26438869728038056,0.033339540464203565,-0.07887454028234368,-0.04885153569051502,-0.12713572914107174,0.1586351453748407,-0.038817173615837974,-0.011911809677626362,0.018989779661639047,-0.09695240210030652,-0.1087391854627497,-0.17089754361655599,0.17535969070974974,0.05381298255766585,0.012417142323918643,0.009927265901463993,0.010071009260210545,-0.053991469224582575,-0.0062151129589432365,-0.0019020945933558879,-0.09839050673128066,0.2972222222222225,9.493450135022346
49,-2.92921277508237,-2.98326566452925,4.29042955633969,6.07712991080297,8.28940961701137,7.29704135315147,5.43144656143561,2.48688301716991,-1.45471643783618,-7.2529540605102,-5.59445615413541,-3.45669717563337,-1.34825408194445,0.843439803528952,3.32283329859943,4.02266409958244,-0.791846487079789,38.0311918340304,76.2115752660189,117.031314720361,156.2962899106,195.651843274775,234.923762069775,201.520245063924,168.58738079379,135.79121749137,103.017457649402,69.915871984021,78.7639037966362,30.6619595326259,-5.45293069865232,-8.26966019095389,-10.893754282174,-14.9378177717959,-24.1338086426823,-23.7474519348498,-23.4501619615752,-22.8908666112251,-21.7192225389547,-18.1085086327934,-15.2388250957066,-11.9311460007256,-9.03676088584896,0.03828632479819591,-0.026929516280889333,0.0204032505037627,0.1450734187111443,0.055943297190965253,0.018096305251913865,-0.028301721480219928,-0.07823208803600777,-0.008712406010366065,0.039959605662016486,0.021300364824833856,-0.010517232736820039,-0.030622451956362883,-0.009879734537109471,-0.01839702677900662,-0.005602453965096142,-0.02818733274667488,-0.15119659872615293,-0.2836969836667753,-1.5259318875931416,3.5927071367969163,-1.3785998806018873,-0.26917715255246333,-0.11319248575447201,-0.0179353931867384,-0.01622388981779153,0.012148418027108743,0.022211915692101573,-0.006037092237922474,-0.002140304744379462,0.08239848265243077,0.0018394329932532646,-0.1270260877066887,0.10682737459810468,-9.913545894940582e-05,-0.012336830741391492,-0.0996739195501732,0.06238813517384235,0.07981825894627673,-0.029683937412721417,-0.0020875134359104523,0.01493231460312165,0.03293844171027511,1.3722222222222222,12.501451512148508
50,-4.2704071545993,-3.93553942364164,6.39958687874228,8.96110125749506,11.7571985157138,10.381885025166,7.68821337230387,3.71113267287545,-1.82560673723384,-9.24583877620322,-7.24455180605459,-4.57796866550811,-1.93273130918328,0.827127160975544,3.89313150620944,4.49716076845921,-1.93588363456468,45.5567766173077,92.2428259882252,144.119196095763,195.651843274775,247.447416666667,299.055707629863,259.376202564813,220.205843711877,181.224026834274,142.268164795852,102.840120591394,115.642290733669,46.3302936052711,-5.60118283494485,-8.43999224350518,-11.0800614161925,-15.4621346029873,-24.9813646338729,-24.8619856990893,-24.8420212405779,-24.438183380135,-23.2734506437119,-19.1421472762894,-16.1474132502058,-12.7152834859844,-9.95640827254808,0.02151880647564135,0.009177736656888718,0.0004065263082199988,-0.04358764699798954,-0.006094241015679658,-0.005336366454398104,-0.01819527738950413,-0.02261311653188655,-0.0001720654152382413,-0.0005257046671825039,0.011313451669516356,-0.04369019697086615,-0.018090512986193855,-0.0041328081422292344,-0.0663845168380609,0.026677196263339732,-0.014453938209073031,-0.032679517845562396,-0.05744141708390013,0.03477581340913003,-1.389412740170561,2.74949962835086,-1.1952885383758913,-0.35447868030708385,0.20886128134360135,-0.001187260740782036,0.0269245764135427,-0.10884423226190937,0.04489084537833741,-0.014441450552342925,0.03235953278515084,0.13423426851982537,-0.045945420518570014,0.06573754029012263,-0.17591040404309288,-0.03354736035277461,0.07785103862935484,0.07487125917539576,-0.0076471496838789385,-0.06853224008358742,-0.0014469549299615308,0.057082587215279576,0.04915698345036504,2.3883333333333336,15.730143567897487
51,-5.46393350252418,-4.93733851757963,8.4559608377522,11.7828115989172,15.1555924205908,13.3208196318586,9.72099308961774,4.69970848061944,-2.40635018813936,-11.4558164157044,-9.12546099231643,-5.9279505703701,-2.72417360865188,0.633411126049908,4.27761848370084,4.74271126122786,-3.35950183699443,52.8803521038941,108.14871624412,171.115120933104,234.923762069775,299.055707629863,363.437616858238,317.616142555634,272.312148762056,227.147330825044,182.022593839723,136.295676986357,153.204447847778,62.4223069526064,-5.37075959021475,-8.29465654025493,-11.0439999799402,-15.8733288467305,-25.8702617190455,-25.9502282179707,-26.1282320888726,-25.7763739508316,-24.5324960498056,-19.9780829312976,-16.8210372147143,-13.2370254332805,-10.5416751057179,0.013507158057246197,0.023532820195366056,0.04134085231852104,-0.015202481555029776,-0.03826732149554207,-0.015481816817350615,-0.023524483275507702,0.0023362946361818156,-0.0012727159280634971,-0.03466718461063765,0.0026351850489091727,0.01053108883570907,0.009580295854575442,0.017387332214568348,0.07710366068841643,0.01672638404874296,0.045128217386712195,0.03821461244265256,0.06873639442817864,0.32274355670168714,-0.24021046491161463,-1.2008211204651005,2.6089264914384636,-1.579917247380583,-0.44984959617966086,-0.10991739814921327,0.2891644351007788,0.25529906043166184,0.10291196181004902,-0.06415787459858432,-0.10302730629586385,-0.0112996468195859,0.08791995784023021,0.0919618669855464,-0.0210514715469137,-0.010978428151936191,-0.010415444063409298,-0.053357126473445704,-0.010830881445009497,0.06855643794275244,0.010366022514665197,-0.03133426413861991,0.058484802813013145,3.226666666666667,19.063777612483776
