,Cov_0,Cov_1,Cov_2,Cov_3,Cov_4,Cov_5,Cov_6,Cov_7,Cov_8,Cov_9,Cov_10,Cov_11,Cov_12,Cov_13,Cov_14,Cov_15,Cov_16,Cov_17,Cov_18,Cov_19,Cov_20,Cov_36,Cov_37,Cov_38,Cov_39,Cov_40,Cov_41,Cov_42,Cov_43,Cov_44,Cov_45,Cov_46,Cov_47,Cov_48,Cov_49,Cov_50,Cov_51,Cov_52,Cov_53,Cov_54,Cov_55,Cov_56,Cov_57,Cov_58,Cov_59,Cov_60,Cov_61,Cov_62,Cov_63,Cov_64,Cov_65,Cov_66,Cov_67,Cov_68,Cov_69,Cov_70,Cov_71,C_0,C_1,C_2,C_3,C_4,C_5,C_6,C_7,C_8,C_9,C_10,C_11,C_12,C_13,C_14,C_15,C_16,C_17,C_18,C_19,C_20,C_36,C_37,C_38,C_39,C_40,C_41,C_42,C_43,C_44,C_45,C_46,C_47,C_48,C_49,C_50,C_51,C_52,C_53,C_54,C_55,C_56,C_57,C_58,C_59,C_60,C_61,C_62,C_63,C_64,C_65,C_66,C_67,C_68,C_69,C_70,C_71,Mean,Std
0,72.0424393358876,20.118348682847,1.35686855351184,3.1452968874289,-0.524498835392762,-4.92122473912692,20.7249099554463,10.1946877635457,3.53297420859228,14.5335903044018,-6.35351152603918,24.2764098159868,-17.2259376145386,-23.774800351215,5.03470427150184,10.5797398573521,11.5688687023246,10.6906995745675,7.06732016894059,6.23871500553117,6.98364638083364,4.64845393698204,5.8367091931016,4.45543687858781,3.96436636658961,1.11620653354693,5.78961000206816,-2.43858906688777,0.866309141592419,-2.81382180342609,1.28986006976668,7.79467879472396,-0.40942940518522,1.02665956198764,-3.30274829012469,-12.5126370093412,16.9133542495777,5.40948581724094,-3.66213211571067,-0.561792842659229,-7.58526996698235,-5.9914293419602,-6.25648467891115,-3.37206951966663,-1.8926837680382,5.05199036854531,14.4634469310377,-2.13254839568457,-12.6979321304622,1.44192833416433,-45.9238980555082,-26.9302191241729,-4.33827727841833,-1.56017932556576,3.20664688100572,-0.813222977817024,-3.55121663823344,1.200122446168342,-0.5619168360310788,0.1734794145384067,-0.05654148272254342,0.005567188593276091,0.4143793098742814,-0.0375588657074592,-0.22855434120437787,0.0010501771279800693,-0.05962550328002883,0.1378629223194789,-0.4133283092717211,0.29668442977266796,0.34246770623283096,-0.18700047717237325,-0.051302645812552804,-0.025858212598319875,-0.04362117638010404,0.004110588570058007,-0.0076512771416673035,-0.12706066262446256,-0.022917926589544328,-0.2675792622193342,-0.19477553904520037,0.018673417192493047,0.006806747894946849,-0.16943682597041335,-0.005384185429725162,0.13015009441999845,0.001963640429225284,-0.08529813417134924,0.20762416134616926,0.1503922912325413,-0.2754200547002658,0.05251240400805042,0.08386600329708106,-0.04560253761917422,0.016120790151588443,0.2749295271701216,-0.24858549782591993,0.15662755021536703,0.3565392317054396,-0.3299362993525819,-0.08438792071698235,0.06681955169176505,-0.29112747875841893,-0.38299916871574297,0.014444164171683432,0.18122954898866833,-0.3388927740039498,0.5120268315172406,-0.10151903337775582,-0.3396407482730934,0.11463990218003592,-0.20847026812341038,-0.27541467951016263,-0.00017361043536422843,0.2111111111111113,8.487192665180144
1,20.118348682847,47.0339463601533,26.9148105348846,12.2254249842678,0.465571357110059,-7.49086604360635,-14.7453049918544,-12.9135770927406,-3.81451521139885,3.91277261613104,-4.5948707796997,7.45298655288497,25.8647629453543,17.9205036777223,-11.4639026175135,26.1156704120404,31.2555128201,33.0114705377947,23.8007726667438,21.6959643314803,19.9259082034655,5.64714658849683,5.12529391042851,5.98957402787217,2.4673152793355,6.44003401813351,6.89845653713462,2.44054758492144,-7.34689515926305,-6.86981411074047,-0.957276938544411,-10.8153725535594,-4.44641929328164,5.18060776130339,7.54146662704975,-12.6305878255004,20.7142086789813,17.0632791553652,17.2155602222241,-4.56183309872282,10.0503237835668,-4.24836509109046,-1.69104362332946,-5.33124653774222,0.167465537366849,-6.4267836548675,-2.957647907359,-1.04727665306423,5.15211895425202,16.6024232148525,-6.21692481572804,-7.72098909751892,-7.2208607255292,-1.73569261435598,1.48462477146845,3.48495236779556,-16.6279398127286,-0.5611518416948799,2.4899160025018063,-0.5722246433907066,-0.057630949527358914,-0.0905115500004393,0.007675727152502582,0.044399111309010926,0.0903770712703863,-0.174650278178021,-0.2319273264070472,0.2738010323091138,-0.012174653806681814,-0.3907890936021019,0.12662817415414487,0.40849721820752716,-0.16520449270990953,-0.3438344384882752,-0.13409636907390415,0.4077268790178821,-0.02937328865565605,-0.6209407800215108,-0.24375490183583576,-0.020400529925976095,0.07665700197307053,-0.15448599628030055,0.01400685847049769,-0.015671048974760772,0.04576450776801184,0.42747947970116706,0.30432709050975987,0.0875733104475821,-0.0353030956437685,0.19210850797261186,-0.28651992376864155,-0.15569473881715454,0.19207579276839493,-0.26866882868030767,-0.15825884872987184,-0.33941591847825847,0.3960649791642138,-0.4031886266337103,-0.010088258665153466,-0.1816756720703056,0.28888355795373244,-0.005702210843627036,0.6164523993515155,0.15447097822722317,0.2053834075230863,-0.1860940621412445,-0.2599102593038299,-0.016003102821026634,0.0063814351503597225,0.015005855370599138,0.2664147198886981,-0.10464360021261417,-0.22420647643292738,0.028150651826659618,-0.24999999999999994,6.857400845812739
2,1.35686855351184,26.9148105348846,41.405466155811,24.9654435031135,8.54392854393338,1.88674014820573,-1.46844839897554,-9.50927966055749,-5.13243259705569,-10.1260429139707,-4.20694463272661,8.06600693271987,29.4953235882763,17.0730925047867,4.19069228411075,12.7554953865558,19.254547436492,24.2763067692351,16.5409878844328,15.5524163597385,14.7745105041938,5.70477288732642,5.38556742443557,10.5991524448609,3.66404094798695,12.677175766066,12.7600188392359,7.15693986686545,0.369311176142293,-4.7300329029004,-3.64275916301026,-8.21996575165526,-1.64655628294966,-0.635448859186529,5.736466521374,-8.18613360909927,23.3279571040159,11.6866682052046,-0.772500770426503,-6.81268213208848,-0.928262006752879,-1.20489638085816,0.88810620968102,3.89444671689102,11.2059041655185,8.14446834088955,-0.594079433770062,-0.846602648044576,13.3749117442264,16.7514229580083,12.1177254354475,-13.3730474907008,-8.01742901124466,-1.83013821604644,-0.176588353099233,-2.57292225532293,-10.727629716342,0.17660912286928407,-0.5770135627160836,1.829842494875669,-1.0047365089383287,-0.1808349900263854,-0.24802241522078158,-0.10095530815678515,0.2596517391508537,-0.1489229951732187,0.25195166510645617,0.04012321247528202,-0.15885051665303812,-0.0091581347725356,0.07684563101433571,0.31821726668117334,-0.09100484793220359,-0.06053124333910806,-0.2980986700602177,0.06942482771944046,-0.03207116043743083,-0.11497910041523034,0.20290448028586022,0.023039126151318638,-0.4215768711802994,-0.004854440378220419,0.009038864917967394,-0.1664682547729692,-0.03867439646955656,-0.00972953780183856,0.20268716768570033,0.03916296243811893,-0.0020041588639971722,0.3050957312274465,0.48044579966955364,-0.5164133976289009,-0.3799582960539263,-0.03987526262359331,0.3737232794912601,-0.09956430383248101,0.2902202673940526,0.08666547490429877,-0.13041499158551087,0.011228165621915047,-0.12186634874602242,-0.4210157400213043,-0.5318273170168151,0.05080388482832763,0.06148358783376447,-0.08637195577808865,0.043913469766721,0.01595460450580941,0.12811366327174684,-0.029762395503215418,-0.023181594157677433,0.2204571642671417,-0.30603172171934995,0.0006125530954499768,0.8722222222222223,6.433930847919566
3,3.1452968874289,12.2254249842678,24.9654435031135,37.4021136653895,25.0319460294075,-0.144981576713272,4.28703713217505,-2.86293960190664,-7.80450511190611,2.26076708754645,10.5273588162021,11.7767433272609,40.6430141434889,30.3433469569398,32.5106161995922,9.1389579822858,12.3957652600336,12.3148237063088,4.85977882802402,8.22833074374159,11.5754908793695,8.40301186866787,8.24842821755634,11.0787652474929,2.48749783371838,14.1354850686709,11.2161517691174,-0.188932636971883,1.81178910153772,-4.37247361146227,-7.4478729604714,-7.49881951423394,2.27080390791267,-2.55487765943013,-9.487003319762,-10.9302519516325,22.7397485505577,5.9668263347322,-8.50105830354314,-10.5099225157492,-10.3717443356477,-5.47368026722021,2.13962689925155,3.19748883920591,7.20481897912139,6.31736024733702,-4.04652019267754,-4.6015309219739,1.90653496580417,12.7734378054485,-2.61105334341884,-12.2049446678332,-1.82501664822399,4.11334868016502,0.130532026862678,-20.6587644550343,1.48836675820163,-0.046233709814490966,-0.05954350560781828,-1.0072011020260883,2.81737544611875,-0.8016834673441336,0.05180276872751069,-0.02849254422420542,0.07126057979637998,0.2747988773691395,-0.07409401355074312,-0.26107004527960487,-0.2380390955962421,-0.23740989410416968,-0.1538758504180016,-0.32928061668342895,0.28168373769768357,0.05038775502136,-0.04690927159496876,0.14570381595292808,-0.0007760647982781053,-0.010453465899222197,0.30237030546237736,-0.0366348880525835,-0.33401905437491514,0.48513719073449096,0.0566194004244665,-0.0020090271431599657,0.5130611761498562,0.17190589011483307,-0.03406923106159576,0.14553414718397958,0.3800915595361119,0.01508858508772618,0.04359102877154528,0.08354527993131745,0.3529550591936736,-0.38702973786095474,0.4058280670448554,0.03407298619414223,0.02296704509424103,0.2172341850937417,0.2634576226474401,0.08364393463211621,0.06369097161643139,0.05026828816938292,-0.14155210559006778,-0.016191275415395952,0.13643123268561133,-0.13172967257473286,0.011221326987598729,-0.035689752250859755,0.005215487534962626,0.1799736759399454,-0.029102271942977497,0.008069893667686128,0.2693001439691485,-0.11849860690200303,-0.961111111111111,6.114909129773682
4,-0.524498835392762,0.465571357110059,8.54392854393338,25.0319460294075,47.6222605363985,29.9400057193001,27.3460639995572,16.1757151434273,13.3940852804494,5.0920530817649,7.76730566839733,1.2917084355075,13.3031348165635,3.63130978659668,25.8360418991869,-0.658347320314272,3.06396190018395,0.232453053884293,8.5056783556226,9.34696840114747,10.3819319760919,2.63254445929753,5.57268231871422,4.72914586915197,6.42815576743583,14.3556749241055,12.1938335775825,-0.336642920251008,11.3440058666523,1.32176230630763,-4.63709053274734,-4.47644109558216,3.68202479409511,0.830921728716639,-19.5571960924172,-5.56752350401598,14.4763658820266,-0.421337523386736,-14.1418994184234,-5.31979727149924,6.39679922713588,-6.4763108587905,6.2299466052758,2.34333391323994,7.61077940229565,-5.1538857129145,4.62809009920868,-2.99179078255103,-11.9489066706074,11.0419998126282,0.0417206240892721,-5.03662779570649,-4.07642057772228,5.1781224551532,-4.90202539563719,-25.4515945177565,1.18577179898779,0.006402456572940911,-0.08418420267263091,-0.17928765061282032,-0.8159876307281992,2.185477839669854,-0.6900171027358194,-0.036023986905110245,0.10301112961245017,-0.05280739139584388,-0.045787087752828165,-0.10231308713295018,0.2990782618314572,-0.06864265114231115,0.2305295908149686,-0.2349936810971701,-0.034766024217874024,-0.015090577783151166,0.2868519300815296,0.035521616114997975,-0.026934962896543516,-0.21857057682673028,0.2969114543002992,0.0496631572286585,-0.15462002021637072,-0.041943899205684164,-0.27382635921894644,-0.10332535175481776,0.175966066647867,-0.2593295106086462,-0.0034183485092206625,0.03907052046958561,0.058134821205858084,-0.095880842149267,-0.3057518350705967,0.880180297500563,-0.1912059592022354,-0.046544760087110296,-0.1787281621429036,-0.0355112886963054,0.03688007804183738,-0.2660705964188804,0.5379315599970205,-0.3985473623569164,0.28340630233661,-0.05048773657381228,0.22508295871773373,-0.17559876854381723,0.04449143926728611,0.2832009466344208,0.02473134205577445,-0.04138748451090791,-0.12771225336560088,-0.025341240194616903,-0.11954166559121714,0.09883008914490664,0.3495489977212297,0.056103233905121584,-0.23333333333333325,6.900163805041042
5,-4.92122473912692,-7.49086604360635,1.88674014820573,-0.144981576713272,29.9400057193001,63.0916091954023,43.1943021635478,31.3270870504248,23.6742221405945,2.69867642748233,-4.80466405010572,-13.9292836921701,-25.9558929400064,-22.4781651785953,-1.41347255063481,-4.80630679289746,2.50427551452357,9.88538770289603,25.2099975766078,16.1937742303567,7.20117315955624,-0.922366740292578,1.77198805688142,-6.76904883319057,2.6401568305888,2.02466136396355,3.44458288842066,3.07473372535667,8.31163050098417,8.43623926169071,8.30734636303588,3.33356719075784,2.24459748566662,-2.64136497772189,-8.30607787001216,-2.50167381257705,1.99604959465963,-11.0276878697242,-18.2588519250114,9.69657873070838,16.2249730001749,-2.62437703155511,7.82142390716262,8.06184540044437,7.63299916902406,-9.29501039816382,19.4263349097833,2.8487714834527,15.8152735574067,11.6018313182657,-2.37074699446574,-18.7119408353267,-7.80273899901122,1.85455197668205,2.6192048197038,-16.1577143089349,-1.51682682585206,0.40243901873825416,0.009813467324346105,-0.2469638933846997,0.054525198524556825,-0.693750795955179,1.4656520389384646,-0.4992685817565602,-0.2565684557535581,-0.03331034653809887,0.025659151831283485,0.2511648659431538,0.27413147223144685,0.6003262173149727,-0.17290072927850444,-0.2406823125519743,-0.06132648345023355,0.13842511688815773,0.02508832514321956,-0.13712526511917575,-0.04946502300820311,-0.030093837957460394,-0.2766983717750013,0.10817219770475686,0.30339078268814323,0.12436029127771256,-0.041543717189972226,0.15809163233145937,-0.40835076711802837,-0.0016636418040516712,-0.23541992990122776,-0.48608051282999376,0.06937449058593273,0.11928250760543999,-0.07290447153765534,-0.378040969577653,0.26938154471086223,-0.18669712437044023,0.0021543371275283487,-0.11317285501106875,0.02397000562255268,-0.15496569740893987,0.14678161317855132,-0.34394979720662416,-0.02186907390927603,0.003141743312876767,0.1431124499962362,0.01453682749540883,-0.09751733251260675,-0.1088917291528603,-0.047220470658804,0.1848626082877496,0.15286101211916372,-0.3617269495442628,-0.0353888696608952,-0.1490022141900179,-0.012098384182560554,0.1339520046072345,1.0666666666666667,7.942393165501333
6,20.7249099554463,-14.7453049918544,-1.46844839897554,4.28703713217505,27.3460639995572,43.1943021635478,98.5229582535121,77.0870619366857,46.6756530915173,2.14395409196452,-12.5361753703083,26.1835480433738,-30.3474152400565,-25.297458552201,-9.88465153066851,-27.7505361741652,-21.9188702474273,-19.8019070970748,-10.1450463705957,-9.35926457877871,-8.13848560461173,-4.61156187018326,-2.55174406780695,-1.4849892307109,1.88589259494871,5.72164938556553,10.0361142428135,1.26509925843128,3.83042002801108,2.94860854883624,-3.06825229553907,5.70681373870551,-4.56899264190497,-3.36842568100184,-19.0897690720483,10.8288594155831,0.444777625364684,-22.5169335069761,-24.3036211047845,17.7643432189372,6.74115987141482,-2.40428398983335,-4.42912799591524,-1.01158624855864,4.81588331258947,-1.05922923925001,16.5534103303907,-5.73255396141522,-4.06776487614124,4.9194955152975,14.9072354336995,19.8686477692307,-2.53043391884757,-1.63088752715056,-9.08138657178027,-16.6878855143699,7.21962987875886,-0.03041252820009094,0.049001722591385216,-0.1083288396304694,-0.030608795555356,-0.03741025278707596,-0.49879408531752306,1.4676481230783154,-1.1271563623889724,0.26073860383250846,-0.032921282606042955,-0.028955520841385633,-0.22105246548933766,0.0249210559695765,0.16577377267053822,0.09270333830213144,0.22442168007088134,-0.10594816636055202,-0.10195334821673419,0.033052784797046264,0.037581992466757204,0.11340008784243817,-0.14735338036317303,-0.032424598594565014,-0.11036922571017224,-0.35024266798016646,-0.06694782263396298,-0.12874938191441088,-0.1394737005311583,-0.017821042706339548,0.2545732767050257,0.646795370088491,-0.15807786994067155,-0.03741778558267823,0.4632601424700241,0.30978136668337963,0.12842529773876807,0.08568698959583745,0.0012978522229205496,0.0011469718482055784,-0.12790818103950397,0.02324265362959707,0.1733757179082819,0.5359923635618218,-0.15018232039845988,-0.0958231492979826,-0.009306450077440541,-0.29251160640109614,0.38299437633105265,-0.015773788688729102,0.006850493641814908,0.021692534167066346,-0.14237415686106994,0.10914871024840302,0.1910528636000488,0.03938366671370562,-0.09983980135050534,-0.012126937331470265,5.00638888888889,9.92536942655094
7,10.1946877635457,-12.9135770927406,-9.50927966055749,-2.86293960190664,16.1757151434273,31.3270870504248,77.0870619366857,90.0988239321697,73.9540354525434,21.2226892811032,-6.93631509914313,23.3109299347147,-4.56671683365671,7.28976940347597,-6.10548620951006,-17.4677051531171,-17.4126671027951,-19.3235142334413,-15.5513591007241,-12.4524955344861,-9.02901385381129,-5.81549031642899,-6.04730738975051,-5.94654595108978,-4.93494903607067,-4.22293046209424,4.75146383301933,-1.47336247339242,0.136625937565156,5.53830691411003,3.01979224338613,3.91611186199894,-8.4717064245321,-0.405249400494586,-11.4667463575531,24.567333912105,-6.17854116031958,-31.3662921893938,-30.1396361005766,15.6525355198711,6.82459746140709,0.0915259696204708,7.88842313165822,-0.333654399631624,-0.488218195064801,-5.66897855037673,3.55248349594608,-15.1303996099076,-15.6041494161323,-13.2288291218093,14.0226762952205,30.5435765248932,-6.17746145175942,0.279692072774081,-0.993593315297299,-8.89858979229979,-4.73044694369071,-0.2293210305819111,0.08229816239381006,0.27058660991769723,0.0718045110951111,0.0953201662445263,-0.25640410642404954,-1.1258902661850034,2.077390555053512,-0.561357940260964,-0.12465915341897625,0.18959313271876715,-0.13225119755752018,-0.4047779478193255,-0.23564088126301985,0.12455862691065848,0.04567647558924969,-0.07796056320719001,-0.02196468313616658,0.0012985185784791663,0.14998381385747409,0.2383708953061747,0.08613493386605658,0.05650615884076035,0.4080012980912392,0.05019065149007479,-0.0898171032790684,-0.10324215332659087,0.11709468365042763,0.1394488125631907,-0.3690703791651965,-0.2380996386449992,-0.0008951026481512272,0.021431405686722364,-0.21112965367328546,-0.06912295951107647,-0.18900844003860778,0.023252894547390563,0.21266252724464554,-0.10297455054896658,-0.20496825221893597,0.0694947137941857,-0.3378919826449578,-0.4712020629672232,0.014015436987763134,0.18209919200097774,-0.274646018544162,-0.05498680307050546,0.25099398884373625,-0.001391460416161529,-0.09438345909263135,0.0737611303027922,-0.21425029210041546,0.32859351762670913,-0.17323659828756696,-0.02036112298345914,0.15307142037734306,-0.07706966527298893,4.077592592592593,9.491513258283407
8,3.53297420859228,-3.81451521139885,-5.13243259705569,-7.80450511190611,13.3940852804494,23.6742221405945,46.6756530915173,73.9540354525434,130.071888933234,43.5280652907698,6.56142785290959,7.75087568203993,-15.2689730724336,-6.7866065980298,3.81407481038697,-13.7817870432024,-14.7985299332202,-16.2262201141316,-14.8490120811053,-8.93993905961575,-2.88783557501301,-0.597809881615716,-1.26284127049001,-7.09210879911153,-6.1100979815084,-10.2838750343538,2.65556871821363,-4.99802731676582,0.93940602201774,-1.6236895176914,5.07474616142794,-2.41470860564944,-14.9821151937537,0.357051791806575,-7.20842856522744,22.9830905623779,-7.09749795914175,-34.9545380923985,-30.0703052010454,5.15788755166954,2.77315703098996,-2.07253693974664,4.0199365986411,9.59369574349396,10.0878204142179,-13.8769690256421,-1.88610330960663,-5.68853170134049,-12.2673185679959,-17.7095112800803,38.4242674573441,42.3256263012007,-16.5082794448556,7.25723511291323,14.7288726584451,5.779332239695,-18.0257435420756,-0.001663032366528071,-0.1768058681119098,-0.15370278256176403,0.2739045050867938,-0.05183315840758423,-0.03360320005793032,0.26025170118505103,-0.5589731901677932,0.7068116499835468,0.003188541920153615,-0.17232247830240857,-0.19122260328537177,0.30467305712673043,-0.042351743368853056,-0.1162949019870341,-0.0630294461692234,-0.011783477493475396,-0.0715085562351645,0.004915729256417192,-0.009345581570912453,-0.011679987831866794,-0.01515581006615552,-0.004452203525946223,0.17426939566297853,-0.036667724157286904,-0.017683979586221255,-0.2060847685054612,0.20659883298347168,-0.2459824302307629,0.19444127733397987,-0.07202967716738332,0.10860275938319636,0.30541336992782564,-0.0936669871034151,0.1642156835443094,-0.33929256278439457,-0.09569446643170441,0.11289918912331136,0.14602561306414025,0.17731667274114393,0.1674463487963905,0.1309388009975572,0.16959951968953332,-0.10935460986794954,-0.18661551861673265,0.4245238881582517,0.2350699525042946,-0.2763017959017518,-0.016295636369599183,0.15467248446775778,-0.16517290752020522,0.017010595204036864,0.23633065366721592,0.007340314010092886,-0.18036215742003636,-0.02279461748640779,0.004373725659783831,1.915462962962963,11.40446793731448
9,14.5335903044018,3.91277261613104,-10.1260429139707,2.26076708754645,5.0920530817649,2.69867642748233,2.14395409196452,21.2226892811032,43.5280652907698,91.3573512132823,31.7247741698196,4.81816322278783,10.4900934947497,-5.89101374064005,23.3770750016639,-13.0520131449883,-9.66379888676247,-4.39904261258788,-0.134972386093485,4.1308296104541,8.41029044398179,6.06941401099938,4.76640763869645,4.48891803178631,-2.97473508399496,-4.79845326805779,-0.0093066651579262,-4.07696517126018,2.9447306556118,1.22142717454028,8.34006968615702,-1.27865909604171,-7.62435800618382,-6.87977434831715,3.03745436003935,9.32697327077602,-7.86328759960657,-14.0253768276776,20.0492514696441,-1.73460144858541,-7.68571908450096,3.16148500055339,2.49033133299806,3.52589846561862,-0.557033409007525,-6.70415661071086,-0.234823837480271,5.05029042706335,-2.95142510540885,-9.31768999223894,-7.89795253491852,5.1735335844379,2.85647311168502,26.4949906073867,33.62180435633,3.40764933620863,-26.9773666983761,-0.06085985714195383,-0.23402488962509682,0.2519031386558396,-0.06914221515452047,-0.044926863130330195,0.02402004374785833,-0.0313550857609542,-0.12591802161709947,0.004938618390257173,0.7157546949601318,-0.04284363279049807,0.14546055027726496,-0.14483816800072158,0.1853350284356943,-0.22267175117374574,0.0207886709313908,-0.042653302042869795,-0.009743081573709006,0.06478106453003508,-0.045700879459223624,-0.05367902331773268,-0.030492220217676825,-0.11903823089362618,-0.38247966335566325,0.25748198901857305,0.4011932112991075,-0.1941999132626264,-0.1263008143438981,0.020700587347214736,0.10520256896566443,-0.20460338046828738,0.02945883881397666,0.2546369094232853,0.32776975952440224,-0.07539345523594265,-0.11468354000612249,-0.0940120810828116,0.1396393345911212,-0.17279328626188906,-0.10459939562261182,0.07616539751277399,-0.3133055644771426,0.08885685999933507,0.08207821768556973,0.09024503648277539,0.36256895182033444,-0.13111169459474425,0.029827408196363696,0.07309878672219002,0.24436423353034686,-0.11747300496222501,0.13856944826430934,-0.1516394878166612,-0.537238517168243,-0.08174962399709086,0.03509789986838809,0.11768521133526745,0.5977777777777779,9.55758082431335
10,-6.35351152603918,-4.5948707796997,-4.20694463272661,10.5273588162021,7.76730566839733,-4.80466405010572,-12.5361753703083,-6.93631509914313,6.56142785290959,31.7247741698196,51.7121072796935,15.8283935498859,26.3563720345295,28.399287286927,32.3346824416484,12.0150304392801,16.11855903549,25.9745508834768,37.3875697030015,29.1016903139212,21.0604817226352,6.79564747832804,7.24653854174325,2.53429948460959,4.12483351160122,2.35108270528152,-8.62049911194421,-6.25002940194253,3.4877292265864,-2.4837586088886,0.94353035693229,7.65675104929629,14.1197871585721,-9.55799317383094,-10.2320439544012,1.3053105335984,-5.70555738138569,-4.31686120477073,24.58844075473,-2.34813989442836,-2.18539459022061,-1.89328608504239,2.14089044052506,3.24396809477614,2.07571517696846,-5.83053771861471,-7.57935342870288,1.88524827297537,-2.41600415309794,-14.6719978182818,-42.2615525934464,-13.9056072357252,2.77147919260095,14.9358919392411,20.3174641332719,-13.5293816623246,-17.7715022429306,0.14078569924251938,0.2916196974034075,0.035801499303700454,-0.2590212678529742,-0.10719158226458705,0.2588142913428901,-0.026874816375201473,0.18824487994500727,-0.18206798996062615,-0.04110712987664518,1.9325045765104651,0.01708502641559799,-0.015056720841934546,-0.17074023703369356,-0.19488411327083435,0.31286332659109833,0.06457107751832097,-9.230139254849663e-05,-0.3646109947131109,-0.24623566433159244,-0.3053615527080299,-0.08958802988017484,-0.17361512528001652,0.14316493004853792,-0.22777643199625122,-0.10451896704414843,0.2914884218533636,0.02385784594834018,-0.025126732323061157,0.2671720119443767,0.32642125706453673,-0.048086369519862976,-0.42840522131096964,0.4422664758980472,0.2774152060689491,0.02322508708880985,0.4349342556721657,0.518714732922198,-0.34947745970741584,-0.07668564745725913,0.46127598984600066,0.36866048910128185,-0.20038023477380415,0.371908999536329,-0.13501546058935718,0.24605373509450157,0.19440663103540948,0.04380976876032924,0.24124517098162748,-0.22666544858879373,0.13016358846922596,0.05616981360810039,0.1298345617976267,-0.3665961821620181,-0.4686459205166069,-0.2776999010469001,0.05786427607614177,3.2500000000000004,7.190417740277228
11,24.2764098159868,7.45298655288497,8.06600693271987,11.7767433272609,1.2917084355075,-13.9292836921701,26.1835480433738,23.3109299347147,7.75087568203993,4.81816322278783,15.8283935498859,82.716714958493,32.9311045917966,35.0207725795785,14.0994418729724,10.8619073913298,13.4590045470277,18.6379719645733,22.5220019058973,16.6263166522527,11.0875494128092,-1.39468850729676,1.81732320617481,15.7305914710683,9.47273963230668,16.4069002298477,7.74526958625041,4.16958124773198,8.3307990306567,5.08752751453769,3.92189559251948,25.3028123790747,24.1747444982783,-6.00010563528011,-8.02236179607987,6.25326457411465,16.8565250469023,8.89045381248472,30.1276958759058,2.4143023260787,6.67983884653003,-1.1228087495815,-5.46393545403373,-8.52645185491066,12.0816223258211,-0.842741222104334,5.20558135202185,7.68177588161728,-4.89073128324178,-15.5530838361427,-26.6863647675744,3.31442609584147,16.2766877076094,4.75203591394955,10.4526015760609,-18.0794741111704,9.81599869947625,-0.41754556305232055,-0.008789952312567725,-0.16163615614746843,-0.2377168577081663,0.30900756968797594,0.2697738148392746,-0.21479403212416598,-0.13505965823346933,-0.18902852658384375,0.14309616946851328,0.02192008882323877,1.4437067557962389,0.12614868913135832,-0.3450939753871063,0.00220275503326881,0.22459291171773724,0.3292378289313453,-0.08704390035722179,-0.10772751931952289,-0.13419097557996756,-0.16831558579803946,0.07955286769286796,0.2539559245396612,-0.2862697679262518,0.08095276444612955,-0.32203901542368873,-0.15463405388774162,-0.1296880687138057,0.05418937818053404,-0.12831568055247192,-0.23455304585117384,-0.49650825970415746,-0.47256795649727007,0.13099234711322738,-0.013593664821627525,0.10668984984401703,-0.549476560954664,0.1275511569385249,-0.28157755207191554,-0.09786356260901465,-0.10102302636321588,-0.11778975945759267,0.2348855096991623,0.3400601166249936,0.02272154270611667,-0.03709746568894831,0.19772334243669565,-0.13931571576212792,0.1664434462458341,0.39904080725949825,-0.09847855213921874,-0.08053481050189316,-0.4300555762491924,0.1635538278884796,-0.19953205382264713,0.32335139233529314,-0.018671468428155674,4.5152777777777775,9.094323227073744
12,-17.2259376145386,25.8647629453543,29.4953235882763,40.6430141434889,13.3031348165635,-25.9558929400064,-30.3474152400565,-4.56671683365671,-15.2689730724336,10.4900934947497,26.3563720345295,32.9311045917966,137.850485312899,127.703659340375,62.7617444784445,43.0213969835676,44.4899710865159,42.1638768492434,33.1988961668789,30.8902656687617,28.8237500997535,16.7832731975186,9.96572710839926,17.9184397941723,6.06466146097339,23.0990593714116,19.3204483473042,5.86664086761079,10.1108912544911,2.96386519644173,-1.91922493994443,-5.3114742098349,6.15795925986777,2.34944002784855,1.2423933671324,5.32186615034915,22.2656085425367,17.1912598341781,12.0526061953426,-16.5578529880657,-0.61388683914463,-5.29077620412309,9.17042244854259,1.01642994227187,9.32784693122209,5.70204299394642,-7.91881881189131,-3.20982035490589,-8.94005255789938,-1.86415298350174,-21.9512681860715,-17.7819517365488,5.01865168859492,-5.35114015360941,4.20213264140601,-17.5924115586274,-31.2911977111908,0.2877255978117335,-0.3844926878614094,-0.007942227156551736,-0.23646611062623932,-0.07018538299761423,0.6042955259831062,0.017871668948746366,-0.3990709620387185,0.30719468223766966,-0.14470433836097463,-0.018963287081292118,0.12379042345180558,1.5110809238301603,-0.8016167888994652,-0.24675359966301008,0.03671421887736997,-0.14999334529714323,-0.0019107669591051138,0.1522713790853851,0.0342264534073421,-0.039274638505537106,-0.03388999180319543,-0.03313138153123201,-0.08380352223706838,-0.34051558377017865,-0.1582385279648435,-0.32331318979405893,-0.018553728976406048,-0.32203607364130854,-0.4584076675118674,-0.0077186946375688535,0.1205993919679152,-0.0010066168540460918,-0.25374861901590595,-0.042108557399877844,-0.13610210863343314,0.0351120761107721,-0.017925833041134136,-0.10196510502873748,0.0816544774017238,-0.12059075564774,-0.008897622992992401,-0.09050376814932569,0.020225314169503423,-0.3482062143362924,-0.0029344056481822385,0.03963189128402226,0.26928621787303963,-0.08791743901624885,-0.09849590667061192,3.017512032029988e-05,0.06118518450387952,0.10930130352597409,0.2719985326793133,-0.41648071103447093,0.16256081568926803,0.2009216656675763,2.338888888888889,11.740548765406967
13,-23.774800351215,17.9205036777223,17.0730925047867,30.3433469569398,3.63130978659668,-22.4781651785953,-25.297458552201,7.28976940347597,-6.7866065980298,-5.89101374064005,28.399287286927,35.0207725795785,127.703659340375,175.550147830109,37.32162884422,58.2683549545258,54.7860484748436,46.6458452773069,41.322855292133,32.7180026743326,24.3607176924645,15.3037614293694,6.9955567281921,9.98980606604158,-0.746072974878195,12.5778358452639,-0.173252144285452,-3.68331351013595,-14.7575648777311,-10.9319558135312,-3.33483294926719,-6.38052373243344,4.20520157563417,-3.96341985891645,-9.03598788271982,12.8783435693908,14.4463246871784,16.6293595605732,6.13590256369592,-5.75083108976238,2.02019755844136,-10.0980720373413,13.9315659852346,9.72318367655371,5.84572896337541,-8.25291967240131,2.35487922461181,-0.484107139435939,-22.355527135479,-22.7331709863312,-54.2857960011551,-20.7756660678243,8.62592771253581,-8.84704718095369,-5.19033710965127,-28.3260435121422,-17.8190016896451,0.3463351811995963,0.12497526225324279,0.07200813956357283,-0.15724072522928587,0.23173807760718293,-0.17734267855469227,0.16994101342230844,-0.23662346728066644,-0.04229463279765495,0.18551221120071967,-0.17385757567544546,-0.34745956116419846,-0.7996628266612897,1.0541235861258773,0.003050086804259775,-0.22263151541741172,-0.03030079196698153,0.016173285783369035,-0.0953171983898057,-0.0012987334332754785,0.06961172900119086,-0.16489912940543353,-0.0034559572754548004,-0.14987377953973863,0.32614422420100087,-0.05363595562972526,0.07554682753269017,-0.16934861298045673,0.3945559024721654,0.30462711355928834,-0.016752077832716563,0.17223917011556453,0.343321661748425,0.09136371975885617,0.07348061907169795,-0.0031113082197632455,-0.057855964168756074,-0.06656471021768566,0.27010660057291663,0.012394956110990856,-0.00814466591761186,0.19402689104408,-0.17868011386430288,0.004107650023568558,0.220419647694357,0.2499617609511296,-0.23962355796993562,-0.31514447875663887,0.07825147903859606,0.044170864736418444,0.24839037777795397,-0.054922248321996846,-0.2433627641359201,-0.12132345859020174,0.2142043980553501,-0.28174134840309273,-0.08921346786243071,1.1789983164983164,13.249156495041843
14,5.03470427150184,-11.4639026175135,4.19069228411075,32.5106161995922,25.8360418991869,-1.41347255063481,-9.88465153066851,-6.10548620951006,3.81407481038697,23.3770750016639,32.3346824416484,14.0994418729724,62.7617444784445,37.32162884422,146.319677275776,49.2125237653362,48.3134669058981,48.4097997718118,42.751038610734,36.2783648243779,29.9252082803659,26.3133223132407,22.8598747479805,6.5316687861753,5.16152283423711,12.4335830977978,18.3337345800784,-3.53914929657522,26.5066683753748,8.47756357357575,-0.829749979510496,25.5174884806972,19.714194857164,2.86219953766765,-10.415963849827,-13.6591827820004,7.31582403769079,-10.5627945715692,-11.2706242698589,-26.1598835233292,-12.7430324823115,1.91599432034868,-1.43068733398382,11.1330214290918,14.768385071185,23.1427534624274,-0.0685370358828006,-1.68777247010598,1.81365468775505,-6.76363592651476,-11.0127832048403,1.83251041438192,3.42160653908215,-5.30864496847989,-9.31795251610093,-19.5552199445008,-6.73292690273544,-0.18749903515440994,0.40500810197152837,0.31693862241265314,-0.32825782117692875,-0.23363886291755095,-0.2423729059008691,0.09208414538214367,0.12279448535628743,-0.11675764679376152,-0.2258037702493707,-0.19144521331394165,0.0024796308463138003,-0.24761506614273407,0.0033960529704271853,1.078785871046335,-0.13676546056800354,0.017201669240602426,-0.19200582285145518,0.10887917130375668,-0.08299606034548071,-0.25722161491275203,-0.6875982486196994,-0.41498553174681996,0.14996857225213656,0.14334776033733007,-0.1123928640583374,-0.21439212329125465,0.20946817485733196,-0.20620287663697784,-0.17669118322189298,0.0708326479900874,-0.31499171463336473,-0.10074639156271392,-0.20194142310754185,-0.07120033560037575,0.09040836655918691,0.07682762464278038,0.05949643862611754,-0.005956086711910872,0.40753646480923,0.20827666695737623,0.006587278973235778,0.0426553813701802,-0.127682619998453,0.10926230008014272,-0.49883340528123016,0.040908938952934314,-0.0026829652054407315,-0.07251956314212739,0.22382679646204404,-0.13801168444195588,-0.07201008360608822,-0.13940539723172893,0.3227644708273391,0.20128958767210844,-0.07776074270941886,-0.18648093433509566,1.3402188552188552,12.09585372248592
15,10.5797398573521,26.1156704120404,12.7554953865558,9.1389579822858,-0.658347320314272,-4.80630679289746,-27.7505361741652,-17.4677051531171,-13.7817870432024,-13.0520131449883,12.0150304392801,10.8619073913298,43.0213969835676,58.2683549545258,49.2125237653362,100.754502348885,96.7340433189984,95.0620876850531,82.3895908145622,59.6360927564997,37.0186427640978,8.22013167457839,7.80756688967069,-0.0208743084912911,0.883499017358733,1.39367461022302,-0.160798434503018,-1.67847083410944,-0.980036928689607,-2.35429801231121,6.46438642917434,18.2342528837958,17.0434169342786,3.1149210832188,-6.69502510816257,-19.2254986100834,5.82204452992359,10.8629804401443,3.5195069270097,-4.35386203018016,9.91150999390229,-7.84492672312931,-3.15438173227888,0.774019786078628,4.55426201278649,1.84461580542965,-5.02813098520211,-8.37520183056085,14.2034195322431,-3.07476641784062,-48.5779157176889,-9.70635515203582,0.677388836941995,-3.9596038846781,-9.83818765284374,-27.126810362794,2.67106085963427,-0.04242030947468813,-0.15786276546438144,-0.06102582033395063,0.288760592774273,-0.02403905733621749,-0.07454665062133697,0.22625443219852892,0.04627260343379952,-0.057476759490266434,0.01953040804224853,0.29989498110595136,0.21769899722365144,0.03465810156049906,-0.22501323407796694,-0.13415432835475485,2.5201790150745476,-1.8072908713133329,-0.32178398342683895,0.037484533895051304,0.024510311717538636,0.030910687264348514,-0.002963422884646714,0.35609389194440244,0.02716448663775128,0.031998963621915656,0.15367269143796505,0.034945342090742786,-0.1156657050620632,-0.03376830616438508,0.1297110177278667,-0.21028273572114584,-0.38449052859137134,-0.026120997534011526,0.006159735020640244,-0.0915266769008415,0.04838631329591177,0.1063726048805578,-0.18038352152409698,0.2201044984211182,0.12123232007421415,0.2522904915262026,0.4317670457021263,0.1527143644532152,0.2122485898113487,-0.3002170633779129,-0.07569791077199688,0.1368274253918306,0.14467577108294566,0.20656064994530182,0.04040306578012165,0.2620122336134028,-0.37320790049145974,-0.1892502876567055,-0.11466482578618874,0.028663849668266156,0.24255942129390984,-0.06060812740332376,3.4721536796536796,10.037156088697873
16,11.5688687023246,31.2555128201,19.254547436492,12.3957652600336,3.06396190018395,2.50427551452357,-21.9188702474273,-17.4126671027951,-14.7985299332202,-9.66379888676247,16.11855903549,13.4590045470277,44.4899710865159,54.7860484748436,48.3134669058981,96.7340433189984,103.405908711921,111.144228181411,106.941548288408,76.1577573859735,45.4750624363604,8.1243262870505,11.3894147427495,1.3411471849481,2.37432732359548,6.02189683842346,5.63621218861072,0.278651252897094,0.562426128571992,-1.89243026066903,6.6606704607684,13.1302742664801,20.3082571574213,2.84432990645101,-7.13177452761931,-21.8877895797522,11.4577113173436,16.0206086973099,14.7924151645375,1.43284554541855,15.3052481493963,-6.67541275507486,-1.35678718280816,3.76096365448982,5.87616808405048,0.606115758040938,5.2801802285672,-2.53654876520114,22.7824412886629,3.25314379804531,-40.1213308708891,-20.9448096929319,-4.61777295186707,-7.61603962282464,-9.12420900600923,-24.521508981046,-7.52882587951851,-0.029534461090495463,-0.38774489078732516,-0.057341955476887,0.047753999891370164,-0.02333453624864285,0.11718101853008217,-0.11078661422205452,-0.09458646056238787,-0.01040593534324531,-0.04800605956994222,0.0639719734193732,0.32790201015012604,-0.1334361124492046,-0.02872431934601758,0.005017936227257635,-1.8086182635332284,3.5663706657971015,-1.1948713927686718,-0.31993691258750867,-0.09563520080913404,0.07946054285586758,0.09466867307934504,0.07167549052406184,0.11888025133823314,-0.0006399723009471046,0.054651682285249116,-0.10390488258976192,0.10848679539893313,0.005229987491076687,0.051417051441481995,-0.01622637444457085,-0.15129765153441427,-0.32387395342942427,0.07373011204641981,-0.0367267695760541,0.12830665514079898,-0.01164118144350113,-0.09372681039154404,-0.11354546308927076,0.04446035333493896,0.30335123485182963,0.11349929591652021,0.009080030966050926,0.007175144422326089,-0.017766358684120964,0.04740070478773267,-0.3016399874177326,0.05865888236714336,0.198509981759312,-0.07096679895511637,-0.12775555053855797,-0.0650848239339776,0.05365006331560749,0.05633179612520861,0.15815120176110928,0.20996038150995291,-0.01669568454071483,3.691839826839826,10.168377880071189
