,Cov_0,Cov_1,Cov_2,Cov_3,Cov_4,Cov_5,Cov_6,Cov_7,Cov_8,Cov_9,Cov_10,Cov_11,Cov_12,Cov_13,Cov_14,Cov_15,Cov_39,Cov_40,Cov_41,Cov_42,Cov_43,Cov_44,Cov_45,Cov_46,Cov_47,Cov_48,Cov_49,Cov_50,Cov_51,Cov_52,Cov_53,Cov_54,Cov_55,Cov_56,Cov_57,Cov_58,Cov_59,Cov_60,Cov_61,Cov_62,Cov_63,Cov_64,Cov_65,Cov_66,Cov_67,Cov_68,Cov_69,Cov_70,Cov_71,C_0,C_1,C_2,C_3,C_4,C_5,C_6,C_7,C_8,C_9,C_10,C_11,C_12,C_13,C_14,C_15,C_39,C_40,C_41,C_42,C_43,C_44,C_45,C_46,C_47,C_48,C_49,C_50,C_51,C_52,C_53,C_54,C_55,C_56,C_57,C_58,C_59,C_60,C_61,C_62,C_63,C_64,C_65,C_66,C_67,C_68,C_69,C_70,C_71,Mean,Std
0,6.43935025542784,-2.46077193135536,0.0334696953238398,-0.866597471821804,1.10192134295863,0.0742208313384684,-0.485300748816614,-0.523575986661701,3.38063172265303,0.331758606673814,0.922680613710082,-0.341843005484389,9.05454674860264,-0.240530557930233,1.60910259146349,-0.247677136411475,-1.29947186077061,0.697724186403203,-1.33425208097903,-0.0802283890227671,1.87830587609291,1.69915496002628,0.535022032849267,-0.527372720328,-1.281660463322,0.673181354069666,0.269307307795152,-0.0719305264613061,-2.01052144322933,0.025076602227599,-0.204955879074326,-1.58360041461715,-0.200109448612845,0.572351450052584,-2.84915995736613,1.72930669851574,-1.50932341357213,3.40664805242324,2.39540516988937,-0.876231198355908,-2.59749374823924,-2.87914533507204,0.0458261141283185,2.21321268767334,-4.2948241601255,0.854618613793406,0.451495092762776,-2.99707517489351,-1.52065042080862,2.524455648961321,0.326145673152574,0.3092394029637653,0.13209584075905464,-0.3368022621147629,0.3300827083750775,0.22523115396390572,0.31897283516748054,-0.3390615038499006,0.18940809741798173,-0.08107142548856876,0.37890870332311105,-0.4274045136579947,-0.02560054924852433,-0.1353749337605199,-0.10453144226979215,0.12252988946365527,-0.4033988783594752,0.4781322371248959,-0.003354047742502146,-0.15903434329207447,-0.47947243673758266,-0.010793558310996782,0.05829415643449609,-0.26742755030581766,-0.24404406050679375,-0.02112769446696311,-0.034333370097339,0.13105827375649814,0.05095724942081134,-0.06127696962201042,0.08713650479742104,0.5202282847109193,0.3103425779410958,0.058053311457171346,-0.05669342399189296,0.11676325322292155,-0.5088101550442292,0.03816946832181254,0.2527389495363946,0.3629730113676252,0.23444518278697019,-0.18821310938298205,-0.3373615282692875,0.04162173618927974,-0.004400015932599556,-0.15830208499324436,0.16847347009968108,-0.004093524934438577,1.2194444444444446,2.5356163462613663
1,-2.46077193135536,11.3869576149425,2.71860420495996,3.18736501674607,5.05520981541909,3.18634013684439,0.461109481307971,4.86906057868059,-0.0767975337682212,-0.115316544479166,1.72076171862028,-0.149735075769224,-1.2120323950092,-2.83843055182742,3.64448940737651,-3.07956464490653,-0.886031646990239,1.64577388906334,-1.5062445796055,-0.870162415343302,2.65611136590167,1.62062265812518,1.19958128830545,-0.835089176368755,0.824559144933004,0.251386023443196,1.65031673352656,-0.14207622135543,-0.588521808979951,2.58643643058578,1.0877972982558,3.49674908137311,-2.55480064639262,-1.0751421505181,-1.04652314044937,0.697106105280835,4.36290372257106,-1.61506160164307,-2.56980200544478,0.591925573902678,1.78784381343263,2.60544056244334,-2.95404569203367,0.918763687725979,-6.7384711252626,-1.51863015989166,-1.94411592216622,7.08845508614366,4.02940597556627,0.3278981578871311,1.917639034779327,0.015274821354059099,-0.10425221925252647,-0.7111085179023418,-0.2944132478297729,-0.01360898217390918,-0.6823126408075724,-0.022863610796534695,0.23084185630557846,-0.08482009208997264,0.2668607658981544,0.14597979294627964,0.35311809817060597,-0.16607234410455982,0.13063385903600408,0.01668758276181013,-0.053263357823673745,0.1448175092474817,0.08721860327010868,0.017858219850315014,0.025466359181657364,0.0947198040253758,0.14917421402817813,-0.10502375904332263,-0.19467586526625524,0.1421571510231356,0.007065136240324008,0.030269530154723553,-0.6746361253748638,-0.13947610648936287,0.010955693870336167,0.18154227067041606,0.02778163138360263,0.07711180336857643,-0.17023497329528153,0.04206733200145691,0.29987291176793784,0.3146727912724914,-0.19235455955521738,0.23021110714931814,-0.03386949507729708,0.5536046711085414,0.027871650946672856,0.02759745807815577,0.38226246800078195,0.030431937150129793,-0.2993928122836267,0.015822794103136705,1.0041666666666667,3.3729745944703655
2,0.0334696953238398,2.71860420495996,10.7852391443167,5.73629106928847,4.55832696310631,2.21442552393312,3.59601891505781,1.91750472787894,3.91000805658082,3.87068393198217,6.4100414564698,0.681311148864842,0.847637396481888,-4.76345903221709,2.39988747392834,3.15904225295982,0.583419382919118,1.15566047179296,-0.202192891763316,-0.217340803573011,3.803951770475,1.64778082189652,0.678504458019302,-0.996815096208483,-1.04418543173473,2.24287120807197,5.66860615517491,2.69472673308054,-5.03659978535631,0.446562612445158,1.0062793885821,0.858882552786803,-2.75450881936022,-3.08548679020567,1.09735830075598,-0.249007376164358,-0.670853348872014,0.0318173941311713,3.81223482027051,1.14626360966611,2.65447560219743,2.92302595472573,5.70896998735213,2.0508208318578,-10.2538609198793,0.203500967875326,-1.71703760443033,7.53175033518615,9.30497304823776,0.30972203293901335,0.015564016904164856,1.7338881276695004,-0.017281512444632663,-0.18461704672319124,0.2773607496514425,-0.13287349448491123,-0.04311175280938108,-0.28460555079866456,-0.2923621308263659,-0.048824291266179376,0.04611405524245226,-0.17272788286403026,0.4650103538918767,-0.12784355255314153,0.17231904238799528,0.05891843670654935,-0.10470110032007052,-0.16730297894296453,0.20456017100065424,-0.2897320743935232,0.41516090846046677,-0.3786320727802874,0.24502548837221175,0.05401763325497206,-0.3120113777592072,-0.12706359501814046,-0.5789066275705619,0.19250395687959707,0.0921216479135705,-0.06942032401412115,0.04471700867754252,0.017527014017937454,-0.13051233044506605,0.06052280510673215,0.5543364577455693,0.25671008609934604,0.06667135215327469,-0.16208576678887063,0.2771536692505526,-0.6662941136320951,0.05700682768419934,-0.2274656830379365,-0.10956793315527528,0.029319215484268767,0.1136485337577303,0.24041453460720438,-0.10113032408604009,-0.13730197981258438,0.5227777777777777,3.282565939066073
3,-0.866597471821804,3.18736501674607,5.73629106928847,13.5516360153257,5.58015000264171,2.53377461206722,4.29115158978721,5.7325492248765,1.75671288390041,3.87440727840296,3.70890965579851,4.83124146591434,0.163730441304172,-0.861918924686154,-1.74974737343454,5.19036722017215,1.29607213954805,-0.0641937509780378,-0.510230919486758,0.691914665811083,2.52854990033263,3.54084976579897,0.728480550404519,-0.944440828954806,1.03242105556097,1.48717127932535,5.40106272645474,4.12285677623578,-1.26823872862457,2.42635618743565,1.34889180622221,2.57105573038861,-3.32158433343063,-2.71509254782274,2.10795774448247,0.322483908416116,-1.40859277026302,-1.19200208470735,2.87107919936909,2.14275850925741,2.37598278748194,2.43311953206017,6.09153102186674,0.951368272362161,-24.6604845477793,-0.240913560124517,-1.42913046959591,-2.60946356851532,3.88016533562736,0.1306277669085342,-0.10367021608029808,-0.01682394100321448,1.823878784739171,-0.11297039397541773,-0.32447846695788995,-0.11275150542971137,-0.5867694242274448,0.13933435301597083,-0.45079209661672104,-0.06313034172505563,-0.33658348607949745,0.061456908489232846,-0.3927972850552344,0.11184112575134546,-0.04329043715458656,0.11758538313170001,0.1102355901302234,0.6765774344621104,-0.20141170547182713,0.15344209300043318,-0.158045512833107,0.02139574944892536,0.25638371819369554,0.16726316788079196,-0.015404168366449061,0.12922224327595067,-0.25615496852981384,0.05124836220434375,-0.5724101960064988,0.01865806352816538,-0.33729419916075826,0.2627014094909939,0.3420866566777027,-0.14365808869951915,0.011209921198475269,0.153506537908054,0.18482871045380367,-0.17889637541378786,-0.09447019147459672,-0.33482232245192717,-0.037784613561665695,-0.4775238802643355,-0.33274141621404557,0.054803839578753955,-0.10102086327150842,-0.17935377446044307,0.30882588143315653,-0.10619785879071816,2.7466666666666666,3.6798961962704424
4,1.10192134295863,5.05520981541909,4.55832696310631,5.58015000264171,12.4733333333333,2.82823614825711,0.368741869953033,3.20956744925745,2.51082482197025,3.85694523146455,-7.96614168917021,1.69109403092102,6.61944074247713,2.3908489974537,5.99428190055075,3.77778519303173,1.33012529542174,3.08495906271843,1.07426482405688,0.563372300651918,2.96502230863557,3.2038855329496,0.570048076428241,0.55827656015248,2.07965082509292,1.09368232542571,8.10365595455494,2.40132561775116,0.548943925844549,2.28756311603936,0.768945719835729,3.65436335934682,-1.67872779014042,0.661589939602601,-0.0754927728995706,-0.689546662209711,1.31634395905451,-2.56657074084572,1.33540091254062,-0.422707470030372,2.3975801479956,1.95693841001941,-1.45025963551972,-4.21577951112316,-16.4595580922533,-2.67177031520313,-2.47683931469151,-9.18923940309327,3.52835053765614,-0.3364640306089774,-0.7093252217123449,-0.1836510066901516,-0.1116679652607764,1.5716687555649194,-0.11586273388526341,0.5561397136956325,0.08271723176215065,0.10901657963207365,0.0052599621694898605,0.03495706944956695,-0.023406106849055214,-0.20392380727008463,-0.5103450372026097,-0.01059817452631636,-0.26108683529623516,-0.4163330749773366,-0.6210013358554582,-0.022001093904205606,0.06118618920392275,-0.20751006155510435,-0.018986378785836623,0.24064527313022854,-0.020644782167419384,-0.03383794080025276,-0.11153594746561951,-0.12744486911439262,-0.03922536557103102,-0.09916660098574032,-0.03729242951828589,-0.46386529316403957,-0.0014845302442506544,-0.1576405461841892,-0.25512883559371136,0.020771694041935226,-0.057755887494873655,0.0400327879743565,0.10974258306857222,-0.26808289473039915,0.0907408822175604,-0.09846140942524614,-0.2326933331864916,-0.1614974296684523,-0.04360641348333101,0.008152131396101528,0.08328365216798453,0.36417305497167557,0.0788319187644247,-0.16997879328233118,1.2833333333333334,3.5303446479534166
5,0.0742208313384684,3.18634013684439,2.21442552393312,2.53377461206722,2.82823614825711,9.2869680715198,1.98075008946301,2.72410310803496,6.35536524533327,0.965189752751403,-4.72620445662619,0.853917345305294,-0.900367245582918,-2.0306573730548,1.34828407996241,-3.23592010945985,0.0150111980687416,1.98477606701607,0.697096668049683,1.9427213767771,5.26897063819233,3.55366399322234,0.804761409668313,-0.585619912436068,-0.340422100307288,0.409546473249803,2.55150642203799,1.25760749629495,-4.64503253762199,-1.25093776207004,1.14488041505194,1.96955944136171,-0.920468470468477,1.78911784956855,-1.88901632297733,0.144383094616133,-1.80472325917031,0.967029082887548,4.67045695961507,0.657203124505572,-1.70413606684437,0.913451058256816,-1.80495377549949,0.632145317195989,-6.53215650231563,0.64081643035398,0.0703825459065298,-2.81450044988863,-0.24337188442647,0.33232616801012316,-0.2929517399415991,0.27659553921743085,-0.3229544766053683,-0.1149309532636693,1.4555617180070985,0.07691322632367571,0.11681054731091166,-0.20035196651708684,-0.44100308082719886,0.2545999579769562,-0.07677787076718173,0.02911353145919668,0.33293832554511715,-0.11791187364871118,0.28973540945498766,-0.09760746775915047,0.010836523985342579,-0.021975654944006676,-0.38377977646389694,-0.17487435173604698,-0.4423868488040436,0.08502408644501626,0.00640880645659102,-0.136716377764119,-0.1548252211363088,-0.29654057777853654,0.018826665020571797,-0.036823771589527855,0.37645022096655484,0.23753226709288833,-0.09569601061518554,-0.09789060308574728,-0.46494160959027137,0.11772070191404185,-0.07617476381070695,0.2730951120495901,-0.051916768303586144,-0.17154667509250332,-0.18992439595523786,0.09277768417482402,0.22044319510028462,-0.055432404182191544,-0.0433623302958596,-0.028354254947944888,-0.07035818535697391,-0.4421728520509207,-0.3169484579757563,0.11583470720726717,0.47444444444444456,3.045811562050383
6,-0.485300748816614,0.461109481307971,3.59601891505781,4.29115158978721,0.368741869953033,1.98075008946301,6.07903703703704,3.21253273525552,1.95409823048867,1.25483102768396,2.08106843761443,2.92553290255373,-0.868507844698375,-2.16675626063891,0.23991273090342,4.50222408536377,1.41782381833855,-0.188522907681711,1.33886373124148,0.478727192862281,2.59927580801608,2.5227715485278,0.576701544376912,-0.477581908391558,-0.309938952524279,1.65373939630013,6.58556693155452,3.13373991275489,-3.36577247447884,0.893217441846126,1.17977990594441,-0.556536983546436,-3.04323632977645,-0.126828339612625,1.66847687662433,0.435501328107948,0.124056736835684,0.80178796063464,3.52513048480888,1.16185132671172,-0.04979529162247,0.619527434807504,1.77805476126022,0.414050142726969,-3.2592496698207,0.204102951346896,-0.070941262358492,-1.90898189073338,0.651595634378359,0.22833536158927822,-0.013816766247755937,-0.1276643513104052,-0.11263939232612748,0.5558018280669369,0.08034203480726342,2.0685557994687933,-0.45829486735325564,-0.022067818164810446,0.21136611863784377,0.05120781359300264,-0.03875942285540831,-0.07594654799789377,0.19983475541606333,-0.015335711254178517,-0.22700338176663928,0.16543787660226425,-0.15834492300049627,-0.5630590313195011,-0.35965880175787973,-0.007409202703563581,-0.5847032940363002,0.4205281527777733,-0.019551943063654785,0.5138389218372024,-0.32466922083606886,-0.32966336693324777,-0.06763457639971883,0.03308214865375967,-0.12413923195090931,-0.14943967138555833,0.03533430244822292,0.4280596886736128,-0.06221822539923009,-0.43796358245515976,-0.10597849113033243,0.04509131345659032,0.06890574674218714,-0.15084074178087933,0.1548209573887273,0.025423735116865884,0.038015784530627206,-0.05671563397327113,-0.10646414096682726,-0.01918324277409592,0.03138726767976506,0.3015542410302845,-0.0629161459620074,0.1375260297880749,0.3894444444444444,2.4635415638947595
7,-0.523575986661701,4.86906057868059,1.91750472787894,5.7325492248765,3.20956744925745,2.72410310803496,3.21253273525552,13.1539805945793,3.36350383312533,3.96148866043643,0.261279018507458,3.05418074364188,-0.707165410702209,-0.445118793526502,2.95096738185636,3.9663508101639,1.71445951015712,-0.0467870572996948,1.40558042832423,-1.76689112717809,3.30552150711714,5.3622266511827,2.77322451737957,-0.515917085667493,2.4711041396542,0.18109468136709,-2.38575726368933,3.59912927201481,0.533453434619921,-2.68043609223612,0.708930571220822,-1.34578814840546,-3.41221592829163,0.0361291808891357,-1.05703146698454,2.16666884340914,2.07272018256491,6.40244804698574,4.8248473446647,1.43698459478605,-0.191754940974408,2.49991723423405,-2.79032518287676,-1.19770624868421,-10.2999047012943,0.893113378196682,-2.21751719723005,-2.93768567583802,2.22628781512165,0.31781034903954,-0.6804953313268206,-0.04313409995539065,-0.5869364652718958,0.08111362209692734,0.1164692415395228,-0.45893595422720673,1.8030463721753354,0.11558538675999931,-0.05870854485749449,-0.06237846791120826,-0.1310694549393285,0.0360452332874914,-0.11673792662133836,-0.02421744002311291,-0.026784239966189352,0.046189037648217905,-0.026700262606433975,-0.19775051465581955,0.6816071579774673,-0.016020176294114008,-0.5633316309523435,-0.2088558954939928,-0.043016942639198634,-0.22189876832184588,-0.012636129567611785,0.31698601887644173,0.09129931194908517,0.11431965991483653,0.4031861083125599,-0.15294877007405527,0.2560630611049165,0.03721475494765223,0.13141219064818285,0.48870671108749003,-0.024850215465161866,-0.06234606776085643,-0.4717788864924562,-0.07159148723486523,-0.07929820052242982,-0.06041927034633311,0.24363674118310785,0.1268062833516443,0.2648284601677287,-0.02038891270858323,0.0136844213583483,0.18161721349986037,0.2346867907500691,-0.07699804492277135,1.2435185185185185,3.625462811087607
8,3.38063172265303,-0.0767975337682212,3.91000805658082,1.75671288390041,2.51082482197025,6.35536524533327,1.95409823048867,3.36350383312533,27.1266668440471,2.14341077817202,-3.78705452294202,8.17250010178893,-2.35258130260324,-0.0719241563821365,3.84743479698136,4.23861916334616,-1.05379603817491,2.8984756784627,3.24669061344656,-0.233228681503959,5.77374810641448,2.57508354499071,-1.11513978365868,-1.01027511242845,-1.53389635684104,-1.16579357970266,-3.95515258981052,0.0611583350225985,-5.74883982217055,-2.15478793780705,0.253937181384996,-1.40272983003923,0.535328071721225,-1.28229293441005,-2.23889892787339,0.653859477747845,-5.67041010219281,2.52027016428023,10.9680865129029,0.89801192973381,-4.87095903899514,1.02718384748548,-2.16594100843944,1.60645372349597,-15.8114528806889,0.0006092789407146,1.1405908036832,-3.52993514065877,3.10494235610613,-0.3410624213408121,-0.02277250497390038,-0.2826924060990843,0.1403204236040859,0.10709416213477128,-0.19927428115663495,-0.022265442952159174,0.11549422429269693,0.7632792114563666,-0.21147699704275677,0.03561993574637075,-0.4572874017319512,0.13639361586514356,-0.10240065932029045,0.013352202748370422,-0.09413727693274497,0.3652612977536277,-0.5629978658484991,-0.28632711592972804,0.12516787360277973,-0.12331395987964465,0.07011955190907415,0.17226695493005423,0.01602747688493008,0.1243033334629536,-0.12300323449693594,0.20701323571515123,-0.06648946767371623,-0.00059418766337545,-0.05165994093506327,0.06375966840936717,0.04718981862419144,0.06054911506344261,0.22007087630796002,0.1527331965039885,-0.14451235722434597,0.0963898203341722,0.027551589229267013,-0.023242483962090575,-0.2846395492871938,0.1562752745402121,-0.13840443011731382,0.19013690426658872,0.06540154529992342,0.045883096224621944,0.1294512583518021,-0.2997140307069428,0.007704797382561456,-0.002996607547369539,1.6675925925925925,5.207366593975031
9,0.331758606673814,-0.115316544479166,3.87068393198217,3.87440727840296,3.85694523146455,0.965189752751403,1.25483102768396,3.96148866043643,2.14341077817202,9.65277266922094,3.11027158280725,-0.313635076402249,9.54548325799266,0.567406730340382,-0.765744074004093,6.85763625920466,2.11731320296408,-0.0785211019739567,0.790607038517564,-1.12520798533792,1.08069484496649,1.13480324180298,-0.785870838707397,-0.270477113256714,0.225727159772242,-0.233351508241126,1.68352393639751,1.40331412101533,-1.39467275593982,-1.99838590645568,-0.884801826233235,-0.468608638572823,-2.38559351066939,-1.06516053936096,-0.340723790718464,-1.01924015372102,-0.8035571455499,-3.19265448544254,3.87466197702724,1.05516003488236,-0.226101665470855,-1.87422313624116,-1.29973431753646,-4.75536879296775,-4.2281224157707,0.0535187028666641,-2.17472518469818,-4.21585001077641,-0.82882852922931,0.19097394329798253,0.23018701867034508,-0.29555897896921174,-0.4517719019673188,0.006140124497288513,-0.44151599219598886,0.21072134930454609,-0.05862317663316352,-0.21103559223622262,2.0944943918915464,-0.13113081022190798,0.2765374910304663,-0.5495458295089176,-0.0029654652729372752,0.20523021788916634,-0.4157546389113856,-0.5172698349900549,0.07693560710726308,0.09396842492139884,0.10941687906052223,-0.08217645276712557,0.14290120240893786,0.3314863668357679,0.27276692674184116,0.05348981988483181,0.026402760247606093,0.08716311336748411,-0.03678574623199156,-0.023694007392074962,0.7167453600028911,0.4368825509617467,-0.10689001345902072,0.22977935591629686,0.1553560770789918,-0.18389361490401457,0.09965717295447053,-0.11188100500498495,-0.026946542141460486,0.10829736265059788,-0.19366711685515975,-0.36991849261545257,0.05571971270918884,0.3948519173738622,0.25638987705219174,-0.023256524307861168,-0.036272228675499625,0.3028129694691244,0.026743519191070445,-0.10255914936293342,-0.2755555555555556,3.10528141546317
10,0.922680613710082,1.72076171862028,6.4100414564698,3.70890965579851,-7.96614168917021,-4.72620445662619,2.08106843761443,0.261279018507458,-3.78705452294202,3.11027158280725,74.399490820562,1.89879591606804,2.51237575351285,-1.58727891663285,-1.58173135866745,-0.415437952087164,-3.83300812037431,-3.81952383034306,-2.84084006635304,-8.77732134032797,-3.23569171988133,0.239914304268449,-1.09049680363266,-3.14627052964614,-3.83902734915415,3.28938468857141,-3.03517982387527,-5.98975982921197,-6.73275461436378,-3.70781654289853,-2.09857819898407,-0.627785400932468,-8.26450732661934,-4.53538701979737,-3.91723586131858,1.84964230803581,4.70790067150948,-1.01280823842631,-3.95001515052852,4.13813031460268,2.16519556721,3.983101555369,17.3233217105897,17.3808586284654,-0.718946930926216,14.03678774945,1.21155797863046,56.6208357904519,2.42904547659538,-0.07996538828690564,-0.08162803849943588,-0.048506220001662236,-0.06234632518695416,0.03521562723093214,0.25443720238447304,0.05149007048478256,-0.06203370286597905,0.03538706992369013,-0.132012474991302,0.7406047494982656,-0.2107314542273366,-0.06190552744812409,-0.016779342572193504,0.06262533239425244,0.04151471859833329,-0.11657400413156428,0.20378347621014167,0.0011767413001054056,0.45513170581886825,-0.018391350332916823,0.08948785497786105,0.0926760620554642,0.011241534714000741,0.11437235257445846,-0.3451389775774818,-0.24980498458809236,0.1348300631248331,-0.14907918627585565,0.14063299463793613,-0.009448228193097291,-0.0413763265439635,0.2080635459869118,0.2029234165537075,0.14780509571765257,0.04028160959607423,0.03896475946372014,0.08234495012703526,-0.023047380810450196,-0.1774300423309112,0.256933320948343,-0.08001200070906817,-0.10981905838850352,-0.0495441667635751,0.0237492485286079,-0.6965500328348757,-0.1392807179261852,-0.4142656169062422,0.2234912208434625,2.061944444444445,8.62493425021675
11,-0.341843005484389,-0.149735075769224,0.681311148864842,4.83124146591434,1.69109403092102,0.853917345305294,2.92553290255373,3.05418074364188,8.17250010178893,-0.313635076402249,1.89879591606804,16.1056963601533,4.62525929836112,0.549321266748991,8.84765949346317,5.55520829438592,-0.54821175435064,-2.50746380393645,1.72491516393372,-1.89174336292072,5.5755733092764,3.01678170652441,-0.0122181895776955,0.439500978535898,3.26090332590081,-1.94992166243502,2.78207189922604,-1.77034017259953,-3.09738236635881,1.31141323604296,0.364840764194279,2.15643009681671,-0.583454039162175,0.811232406494774,2.5790516674014,0.558086898235979,2.61635224749992,-5.06530481150917,1.25404836102838,-0.478834011588454,-2.70179099964846,1.00901436993942,2.66828634085208,-0.761337927133103,-20.2721220292453,-1.59002992101713,-0.545452316240426,-5.65951318537281,-0.70533478582868,0.37993867346745697,0.2667048884959744,0.046037514462337975,-0.3378906409103653,-0.02330623694542938,-0.07745936989768236,-0.038558097365633835,-0.131249429679081,-0.45717557810722204,0.27533327643225747,-0.21064938920638884,1.1703752192821428,-0.023884756894623,-0.09589788888997638,-0.0465534953161503,-0.04929517902960546,0.03630880132455052,0.4532371673022573,0.03326864754136947,0.24774558893756496,-0.10976279352712039,0.02988126324448303,0.0484458365799011,-0.02098220100024409,-0.2591695433847894,0.19103459837953712,-0.18058841152453375,0.1381287153617224,0.021568118862497876,-0.08434252729593189,0.030270027748789296,-0.10742974455700653,-0.35613105152727476,-0.12618843925642165,-0.12515543490730524,-0.22874786490334087,-0.33091013504844524,-0.052915510152981154,-0.0004446640022679208,0.37378695462910966,0.3029784109155236,-0.12789419318992376,-0.19572876246229678,-0.12799886319077144,-0.02054300365879287,0.39416416825421363,0.3605168679522536,0.15362202966140018,0.05489160514087393,1.7600000000000002,4.011944211994137
12,9.05454674860264,-1.2120323950092,0.847637396481888,0.163730441304172,6.61944074247713,-0.900367245582918,-0.868507844698375,-0.707165410702209,-2.35258130260324,9.54548325799266,2.51237575351285,4.62525929836112,55.5181685823755,-0.329092064666525,-3.16902512442158,-5.08823964373384,-4.18095383712687,-1.65676024571096,-2.98134529693333,-1.76590766812137,7.45663779141218,3.97790641684913,1.50730945145955,1.94185236704855,-4.01711651081526,0.866665867367309,5.41109254538273,-4.46512783413756,-4.46038355211995,6.02111857024623,-1.95190436968146,1.425542503227,3.59411623438971,3.32190014607782,-6.24168182439848,4.93297954669107,3.00327885418537,-12.8200701403651,-1.70516016475856,-3.18278271261064,-6.33744096131077,-13.2787314105151,-6.48327440310088,-5.63968589915003,-11.8224987416206,-1.96083186433648,-4.06236293333058,-17.3636398067839,-12.1692256015279,-0.4282559169369733,0.14552354824329464,-0.17170019212782467,0.06122425732286382,-0.20537758353462565,0.029215341491072473,-0.07656720758246036,0.03610665538961151,0.13657042956918217,-0.5496854722519426,-0.062290288891911766,-0.024386454456979137,0.742414391913578,-0.0035648035904892275,-0.043504100618354434,0.18430108436014303,0.34980489415687877,0.25920767832775515,0.006138944859140839,0.08265655173537656,0.06469470201653028,-0.24847476805471344,-0.06290816308557508,-0.29171096485423426,0.13168796833058435,-0.05068320494554204,0.06505518841744118,-0.010823067420147894,0.04574932703468062,-0.3643901656649182,0.40319245063148035,0.11037364024408514,-0.040254766650395714,-0.27919190434684665,0.18838647632989322,-0.45644037451003283,-0.1591858869898372,0.3066572247740551,-0.005432503454638873,0.031123729260153322,0.2514282172888236,0.2706384975996312,-0.02696721748534358,0.1100309830453754,0.009520486247007626,0.10728870455939253,0.14944298443639026,0.07858973843938846,-0.07597897991065429,1.846666666666667,7.450380432056841
13,-0.240530557930233,-2.83843055182742,-4.76345903221709,-0.861918924686154,2.3908489974537,-2.0306573730548,-2.16675626063891,-0.445118793526502,-0.0719241563821365,0.567406730340382,-1.58727891663285,0.549321266748991,-0.329092064666525,15.5653898467433,1.25924099104446,-0.926308114613899,0.956188063928828,1.15044041229409,2.41152951318417,0.297184637162887,-3.04040332151807,0.447223345400224,-4.1914992366023,-0.550654670001672,-0.912471066801584,-1.9326700624245,-0.334308867916374,-3.26017095913963,-14.0266095886256,-2.08581426381057,-1.17628744254242,-0.0716169193909988,1.59845113502707,4.27774399586078,-0.795976274320358,-5.189844436857,2.39323352787651,-3.44131647673566,-2.45773009606514,-2.25839165278817,0.251511412023203,0.511249001253564,-4.24864689114883,-3.39383364518501,-4.21053946500051,2.07738030750154,1.73909922539345,-2.55787210969156,-6.89663631294983,-0.02598397436504811,0.35152472683929753,0.4648092267533884,-0.39152217212575324,-0.5102306567576382,0.3355654087287377,0.20043500047157817,-0.11855283394686829,-0.10200437434432068,-0.0034967759006723142,-0.01802531604174491,-0.09674031875484343,-0.00357161277564535,1.6217895268386053,0.0706256510214667,0.04785828613506041,0.055321773357471536,-0.16529163783320241,-0.45296410467563875,0.03297045411817476,0.4381199955816055,-0.3053154615533294,0.2072487849547191,-0.018302375224992354,0.2030989335577561,0.08884982210961663,0.04912483616537135,0.1706575853767126,0.1980503323842113,0.01994860710666165,0.21184110631038347,0.21151688970612456,0.06965572280188971,-0.3681274062121348,0.15647240626362605,0.46487885477660457,-0.03798160569213844,0.036310038099051936,0.09689249833553544,0.49546081956541177,-0.47378392951294135,-0.38479628675887206,0.2033448283321473,0.10453237601044216,0.01597424925967949,-0.14078037132462604,-0.4377651368700805,-0.015893973550431602,0.20048141006037482,0.4183333333333334,3.944032181250971
14,1.60910259146349,3.64448940737651,2.39988747392834,-1.74974737343454,5.99428190055075,1.34828407996241,0.23991273090342,2.95096738185636,3.84743479698136,-0.765744074004093,-1.58173135866745,8.84765949346317,-3.16902512442158,1.25924099104446,56.3686064378604,23.0373772087532,1.48615296621477,-3.31288308226091,1.42327291978583,-4.24206060272428,2.87080041184865,1.00011367401011,-0.937627711803603,-0.97952363237106,7.56332856596248,-3.15896859645791,5.68811789274012,-3.51889466511086,-9.91340350106533,0.211647299111403,-2.1187438104293,1.86040276497134,-3.70610663013508,1.21306770790421,5.20967646065182,-4.31963837315812,12.9582010191674,0.0851418595930589,9.03018437279577,-2.28348450719629,0.57912633701025,2.77390668098493,-0.359914569649159,-6.49793023283862,-9.56414341205231,1.43228244371114,6.16825536883165,5.33146174152697,11.4551790459686,-0.13619737787248187,-0.1654101860426091,-0.12820744507446055,0.11254702876443146,-0.010704703355168889,-0.1182421796627282,-0.014983232577507498,-0.02409436801277659,0.013820580786599064,0.20511147164192856,0.0627640017705287,-0.04685671617135897,-0.04340289244958638,0.07045748254243107,0.44701675749901215,-0.3036427269114857,0.11827869429504845,0.14370246323702504,0.12293154725809984,0.059688612874330776,-0.029837719305147885,-0.005536255125741079,0.13755381289972862,0.21133746067848166,0.010064701777547364,-0.047491237667760276,0.014821921727777595,0.19641823714875342,-0.07012215764453585,0.1047871633221225,0.2788568962024832,-0.10073215537941049,-0.015039463141615384,-0.1356047753788915,0.08358394680542018,0.26652604997402574,-0.29235362958832944,-0.015217790578588408,-0.03653844065740419,0.14233914916708199,-0.008536997330298878,-0.15565275612259746,-0.057702182617439736,0.010406839460029252,-0.0011514575468705697,-0.2589556469262712,-0.18791636905612016,0.09629884372898033,-0.12590628141230456,1.6883201058201063,7.507236937639599
15,-0.247677136411475,-3.07956464490653,3.15904225295982,5.19036722017215,3.77778519303173,-3.23592010945985,4.50222408536377,3.9663508101639,4.23861916334616,6.85763625920466,-0.415437952087164,5.55520829438592,-5.08823964373384,-0.926308114613899,23.0373772087532,35.863760737128,5.2387831916773,-2.77338846652004,3.99931742694044,-3.31728616008385,-5.0802058877984,-1.56773756069722,-1.29725111711942,-0.0158550831709123,6.96968432666735,-1.30624434471698,8.53664532505046,2.55627107072105,5.30834038677782,0.82847600251618,-1.76006971885602,-3.97629432043434,-3.54307844815604,-4.20846566790474,6.71562327617593,-2.76699340407409,-0.220223924035487,-1.42264751358569,10.4571566090226,3.06396145372796,2.0493315930321,-3.882125360705,4.95908663638133,-7.33817717731956,-5.16056412163886,-1.93020956166888,3.09533920173709,-6.75133950772091,5.61395450714867,-0.10466799192145167,0.12944290823467622,0.1712331748374764,-0.043025825882873917,-0.26195829262394266,0.289300212399726,-0.22827789190974757,-0.026959130362010475,-0.09553691133434875,-0.41572940974839145,0.04187606778797155,-0.04849873239986589,0.18504790653999917,0.04759562136063661,-0.30329839345432663,0.9540101425161164,-0.0869966207096233,0.030113999740246762,-0.11381733780084885,0.07892271459552753,0.12660167452503446,0.07309078735727405,-0.08724725452191257,0.05746491320155462,-0.38637052396126403,0.21635223975464424,-0.21641373742564018,0.012945537505997336,0.005950209189503721,-0.19751766655228817,0.17900783962656994,0.4584139551053436,-0.0030528730094570213,0.2544334419498629,-0.26104848935685615,-0.2626370719326115,0.1556421041721201,0.10185798028937501,-0.2554287732360112,-0.31613963948929685,-0.252459027934906,0.2720833682074387,-0.062271371751354734,0.07087396105127729,0.004963071468084539,-0.045614156117904564,0.12330220908667767,-0.11352467018169281,0.23393082465892098,2.0712037037037034,5.98780099344726
39,-1.29947186077061,-0.886031646990239,0.583419382919118,1.29607213954805,1.33012529542174,0.0150111980687416,1.41782381833855,1.71445951015712,-1.05379603817491,2.11731320296408,-3.83300812037431,-0.54821175435064,-4.18095383712687,0.956188063928828,1.48615296621477,5.2387831916773,3.39120022415096,-0.567376036254276,1.83205885071858,0.936387442998017,-1.1929212870041,0.842615017314929,-0.049235364037788,-0.0030978533111611,1.03242087808801,0.463470875053599,3.07457172721672,3.14862964618377,0.54330618759295,-1.03727754090051,-0.0527606724959678,-1.26781617869345,-0.453548462466496,-0.468527690217407,2.21078922049625,-1.11943778595338,0.976937223767365,2.0845550862207,2.18782736955282,0.932223581888938,0.866738041526489,1.66575276633006,-0.722402312259073,-3.0568647472587,-7.36481782322804,-0.447628472129896,-0.0364188894132032,-4.16080516936352,2.19778073389154,0.12248460301809153,0.01658108206146995,0.06210189852390498,0.11604291347821556,-0.417874115110524,-0.0971809320696615,0.1675346857956086,0.045420477834953885,0.36326880785394766,-0.5143573556769295,-0.11966074495314008,0.03579075706370481,0.3493044176954069,0.055673935114610905,0.11757114819469337,-0.08800283117174412,3.4173878950632455,0.22696801558054197,-0.35308718886964885,0.006427087725909076,-0.027054381831766085,0.012312753607877303,0.40947212369360136,0.028767436552179438,0.24054172613864538,-0.01848016573417292,-0.22574414722206895,-0.3438363390431628,-0.03466992749558999,0.3828038887399226,-0.03273203638210614,0.5858291511716437,-0.0015014480413648081,-0.027952870851030855,-0.40945527678711335,0.2556519730727158,-0.45424631112334823,-0.05850875612420135,-0.1361315461455878,-0.3886930705632243,0.4142854708723301,-0.043646880903389314,0.0643408305632255,-0.0003134058024535386,0.06091797508034184,0.06257682315607563,-0.04636220677926082,0.31072614166754053,-0.1638992982358785,0.8549206349206347,1.8388040200497073
40,0.697724186403203,1.64577388906334,1.15566047179296,-0.0641937509780378,3.08495906271843,1.98477606701607,-0.188522907681711,-0.0467870572996948,2.8984756784627,-0.0785211019739567,-3.81952383034306,-2.50746380393645,-1.65676024571096,1.15044041229409,-3.31288308226091,-2.77338846652004,-0.567376036254276,4.4046245210728,0.396089797815292,0.724256881650987,-1.42609839388911,-0.160891685079137,-0.425998132676827,0.171325179120038,-0.269320832178485,1.56635889714435,2.32241505333812,1.06350361411766,-1.44932175024556,0.131509283379833,0.552312249651466,2.23803306596879,-0.0372421892411108,1.00467861306931,-2.26311407552068,-0.566538986465659,-0.485997709255898,0.976237115212549,-0.360728331007198,0.682268610827744,0.995658174274134,-0.556887717496729,-1.81500057575721,1.77238538679902,9.53935306245315,-0.193506708792263,-1.12164998447399,-1.90863033544965,-1.00301468469589,-0.40561790954595706,-0.052658829052165484,-0.10375268449575635,0.10853338052634265,-0.6184486948766131,0.010802459025912637,-0.162293009492905,-0.026671021717828574,-0.5642594540245329,0.07399282670979099,0.2034669837513125,0.45532402430930197,0.25904957605909795,-0.1655640569609072,0.14221788614536596,0.03026842876333933,0.22589066355203458,3.1984835817647936,-0.09565158296031952,-0.03747579064853953,0.19896858826113298,-0.2348639823896811,0.16809358753592263,-0.077334963304677,-0.018253965685673314,-0.3496328496466225,-0.11053590425279566,-0.00904337475158194,0.015460202858994061,0.15903026881478952,-0.33962422365562805,-0.5616233521403042,-0.08558275112524238,0.06855696550454382,0.5109119897275732,0.04646994726236935,-0.31716873545784835,0.07195796787270478,0.020393450813371995,-0.022719782875404042,-0.31404206740180146,0.2917138347417862,-0.15069461751173235,-0.15353822163946523,-0.12683307516350648,-0.01710807213690449,0.4273044612585623,-0.04314147836962578,0.11616589787357055,0.05333333333333332,2.096335975236984
41,-1.33425208097903,-1.5062445796055,-0.202192891763316,-0.510230919486758,1.07426482405688,0.697096668049683,1.33886373124148,1.40558042832423,3.24669061344656,0.790607038517564,-2.84084006635304,1.72491516393372,-2.98134529693333,2.41152951318417,1.42327291978583,3.99931742694044,1.83205885071858,0.396089797815292,4.78228895274585,-0.187340066292535,-2.97375386047277,1.14872882122994,0.624191325318774,1.47726969995623,2.11873191323834,0.334387770683291,1.15471947409104,2.47167894970721,4.56304634850501,-1.03710369043599,-0.939840887006237,0.144183678061164,-0.130268589131937,1.87916246034178,1.24016198550113,0.0282541579079913,0.675376176756264,2.62745387419928,2.77499292404384,1.30172531813934,0.739333352606687,2.22827049601346,-1.15946396305828,-0.599771618535685,-6.50901543521017,0.0398582972482995,-0.0846752764825451,-2.63118606667809,2.08812437265072,0.4783394045819082,0.14127866008980328,-0.16785019369078183,0.6755919356591182,-0.02238008237693283,-0.021752421103788923,-0.56439785741936,-0.19666265468538852,-0.2879515887731349,0.09403461823517446,0.0006684355560901005,0.033788500258079245,0.005978421821029094,-0.44967742960855706,0.12275307701737947,-0.11089655320008648,-0.35448517708028243,-0.09567634036467683,2.887092044669678,0.3422518679440188,0.30408657095606423,-0.27944882097735013,-0.10865046126954052,-0.8995145076364702,-0.08747746896434752,-0.002237777179961134,-0.0907725673770303,0.01554645855491735,-0.13514005887310196,0.0817575930433021,0.037961432773727245,0.09261663887640585,-0.07425598674162819,-0.814448837268575,-0.16240219959975305,0.08842650954230186,0.06914462811572847,0.3172411853157218,-0.3215592466484671,-0.40856522573886395,-0.029257574166690375,-0.12051743501978306,0.05774571722784626,-0.18193436723035317,0.0942231170472688,-0.056131992958382664,-0.07216450652944094,0.04666573229358464,-0.22813411048834295,0.48944444444444446,2.184556923668012
42,-0.0802283890227671,-0.870162415343302,-0.217340803573011,0.691914665811083,0.563372300651918,1.9427213767771,0.478727192862281,-1.76689112717809,-0.233228681503959,-1.12520798533792,-8.77732134032797,-1.89174336292072,-1.76590766812137,0.297184637162887,-4.24206060272428,-3.31728616008385,0.936387442998017,0.724256881650987,-0.187340066292535,4.27164240102171,1.00826328952838,1.88075684432876,1.22816132247063,-0.409045464482185,-1.40697532625952,1.20563272970004,3.80335441584191,2.73294792357339,-0.232815922731228,0.604080406416065,0.587664687942836,0.394530769903632,2.93124421880514,-0.846788340261531,-0.444249327824935,-0.637436265077725,-1.30650060821764,0.139395277173804,0.192807514891599,-0.661266397587421,-0.151104751754668,1.18132848534394,-2.26492981371327,-2.03694810007754,-15.2148625306214,-0.720019001713109,-0.346157067491845,-7.41757545163203,-1.46570093815996,-0.0033461880412391986,0.08408243396015219,0.20553188312274417,-0.19970127284796327,0.0633371326646412,-0.38523429684672866,-0.362790185707868,0.682046174010632,0.12152030782212463,0.11337195414314602,0.45550733047969877,0.25011789958580616,0.07971230567975056,0.03337190489729796,0.06091475840137582,0.07700910020146659,0.007008835854116996,-0.037229783786276914,0.34500374143752927,3.5858861808495477,0.11815422153056082,-0.2524297048699287,-0.023737780495078274,0.176042957870071,0.2937923815223952,-0.0721930824096637,-0.1631735438389475,-0.5099447550024137,0.09676342744165214,-0.020122406328345235,0.04163105572904121,-0.01957644734927556,-0.3516962575773538,0.3653742960173887,0.16273841851753004,-0.0325691351013796,0.006748208495409494,0.05925860927104446,-0.24944978383757088,0.020084216966265247,0.0940090824243065,-0.5624643864700211,-0.09921676013941585,0.17544767931842747,0.09803687413550563,-0.1578455350866743,0.22162870387954542,-0.08102618280546205,0.3999874009795917,1.3311111111111111,2.064374578660983
