,Cov_0,Cov_1,Cov_2,Cov_3,Cov_4,Cov_5,Cov_6,Cov_7,Cov_8,Cov_9,Cov_10,Cov_11,Cov_12,Cov_13,Cov_14,Cov_15,Cov_39,Cov_40,Cov_41,Cov_42,Cov_43,Cov_44,Cov_45,Cov_46,Cov_47,Cov_48,Cov_49,Cov_50,Cov_51,Cov_52,Cov_53,Cov_54,Cov_55,Cov_56,Cov_57,Cov_58,Cov_59,Cov_60,Cov_61,Cov_62,Cov_63,Cov_64,Cov_65,Cov_66,Cov_67,Cov_68,Cov_69,Cov_70,Cov_71,C_0,C_1,C_2,C_3,C_4,C_5,C_6,C_7,C_8,C_9,C_10,C_11,C_12,C_13,C_14,C_15,C_39,C_40,C_41,C_42,C_43,C_44,C_45,C_46,C_47,C_48,C_49,C_50,C_51,C_52,C_53,C_54,C_55,C_56,C_57,C_58,C_59,C_60,C_61,C_62,C_63,C_64,C_65,C_66,C_67,C_68,C_69,C_70,C_71,Mean,Std
0,20.4964139784946,-0.225963156091984,5.24296567082424,1.1757412826573,1.46604812901886,-1.09070563684035,7.02564366585937,-0.807011900249528,-11.3632326000511,2.97089755642578,2.6078259187944,3.14940173162127,3.31748847156968,-4.57738203906399,-5.86116657466618,-4.55197576244598,-0.083603125176727,0.0239716569048558,-1.32667883258428,8.35539536167712,1.34618000980132,-6.93512818635268,-3.46412194000045,0.117722717073662,0.738297217875355,7.24215276194678,-2.25816560213366,-4.45820323165126,1.45093493165541,0.255967324039563,-0.880689359175615,0.182974600450021,5.845700917647,2.88936619207642,2.03289687654665,0.534886645216843,4.95443627917289,-0.484694134239876,-1.61755591827691,-1.40488587569105,1.35299017021768,2.32102974663129,-1.44895329287571,6.81455909246541,6.22602521328406,-0.32330753145971,0.387895552733352,-1.98958332049965,8.85929483889126,1.5155282216213488,0.04344297365487603,-0.24380605106551845,0.011975950578719443,-0.045073817407290204,0.018724173256603263,-0.29253427490075157,-0.015505948520276725,0.43768516602577184,-0.48356816854411355,-0.01848092079203755,-0.27390757422367457,-0.008504904803462717,0.12715726718487577,-0.17424142095061138,0.01088597015537989,-0.002863477492282898,-0.1310410968575841,-0.30085328312339465,-0.3498245209545459,0.02404123604922669,-0.11379419274629894,-0.006071490722245519,-0.042846154360418366,0.29641226949738486,-0.6783950633223036,0.040236486670469224,-0.005724624108132936,-0.1958708662513224,-0.03289988898722893,0.17170678144644141,0.22259086557107313,-0.00932102160242698,0.06766064471192111,-0.40894483933531095,-0.1227113057533779,-0.14968750424204352,-0.16676733524816093,0.5352671052866829,0.2219963806189963,-0.008841275123665204,0.2434449434755997,-0.09902468724050055,-0.29975874343897574,-0.35242922285012557,0.12523733502864606,0.16096556697510886,-0.027807860581785596,-0.4930130029095374,2.43494623655914,4.526191995319534
1,-0.225963156091984,49.5376471027479,9.25043821371472,17.0166246014139,5.86444985028684,4.37721572242376,7.66746725587682,3.09531547191354,10.7126400483392,14.7806949886256,8.42436708725876,1.73860643776638,6.14592887659247,4.94240597672452,-2.52915481048849,-16.3995745805053,-0.0694260411283988,0.190683828502538,-1.69680227303669,12.1355732062222,-3.04060022684061,6.61063457442418,1.88802401596175,0.446060964886983,2.88974010645225,-6.68187535789604,-2.87967191659875,-15.8937313704176,2.76702352233501,0.628595342677743,-1.97462583667584,7.37467099376321,8.21905006412328,2.28827972882673,-0.839323327573041,-2.49281778850891,7.44970848180998,-5.22439651823761,-4.84750184104411,8.58240749584061,8.33444327171128,-3.06207668936246,-5.34671558336925,-2.8104224052778,-5.89189764643401,5.88337297790403,3.7673658618001,26.4529660950862,-0.628104121698831,0.04475478154847463,1.125204418832878,0.13869456767524696,-0.5783261191679157,0.0440247525448492,-0.14197432631062676,-0.06710910898921464,-0.2447869749844639,-0.07050852545901946,-0.3802969153020222,-0.19488780636356076,0.29588904943029687,-0.2092785213514339,-0.21213942749224407,-0.061033661217836974,0.1035687519036834,0.0060647431712817015,-0.1087549216911909,-0.006848848641626685,-0.20611439723687786,0.3608157127949566,-0.12870540430271174,0.04162619731550654,-0.06628506758594904,-0.1742718446110832,-0.05535947123278512,-0.03323993056495814,0.16455246716966207,0.016533509389069573,-0.04882121949202525,0.19372062778483182,-0.17240391297458238,-0.3007099700032153,0.06877944078546265,0.21298647949328797,0.5352786927726949,-0.02532190088869185,-0.13855289823681474,-0.04370092093630976,-0.11492249340470959,-0.4465690380730637,0.1809928114753483,0.13112548491213039,0.3507635372240205,0.01592058405143523,-0.25035271933260766,-0.19611457620067188,-0.29476371786690475,-0.1384501613920534,4.813172043010752,7.037588159500945
2,5.24296567082424,9.25043821371472,22.5897080346476,3.66388074805526,-0.673620446568334,3.4363277658008,5.10138280750108,2.11621560251934,0.0262255350374361,2.91720095264273,5.61403794905691,5.1369214787946,2.14392591842825,4.93404432753034,1.00481388566659,1.93992750981144,-0.245354321072726,-1.522538534969,-1.62800468044712,-0.342630879232568,4.72531704434066,9.05727094758851,4.38181793079211,4.2352769932985,-0.625728050050543,-2.03180434028239,0.3004687412411,-8.94592923064423,2.83113412033633,3.0361350774134,2.29611972249973,5.92965158048751,19.9118516002694,4.05205699121838,4.56014500092556,0.448321501358454,3.4690017257702,11.2705747108563,2.66902818398345,-1.04987067314899,8.94698302200863,5.56383697134423,-0.835976908678876,4.81166076143265,-1.30871369846841,0.223367670536807,2.43369432866812,-4.09013772020863,-3.72148786731422,-0.24496624837055925,0.13860380236118586,1.351932231191737,-0.3927254385966705,0.2686997706415125,-0.28346094897918617,0.0737034703947525,0.4106068454957303,0.03346251316115994,-0.11441311514576298,-0.23949981321334335,-0.2660585685820265,0.4495549982369954,-0.10648821906232862,-0.03265353635292913,-0.03752465589329657,-0.12353506309026037,0.31304220995983467,0.11868279996271919,-0.2324441500924256,-0.33742450855307415,-0.17631211167489946,-0.04446980116948278,0.04920801613958825,-0.12810061195057917,0.208161004213527,0.101485174254042,0.16570815441188366,0.2148240152156788,-0.16294774705080045,-0.13820416387295442,-0.33516563330748295,-0.6437021854981371,-0.0687630621109561,-0.17367690524516258,-0.028055627702136526,0.12494487602367757,-0.14323001384898407,-0.05770338847969973,0.16455924651994294,-0.07954729312168894,0.17175097314957039,-0.0017880285358851632,0.06357047710284996,0.1877908265613274,-0.06529023583274421,-0.023169843253304852,0.03446906539740711,0.0343369587744979,1.775537634408602,4.7518110268241465
3,1.1757412826573,17.0166246014139,3.66388074805526,12.9890681003584,3.59237039800399,4.42671617214617,4.20827401806032,1.95961774915848,3.24041981835243,6.38785596202689,1.1126061931951,-1.10769831979594,1.47775108996677,-3.04261106771154,-4.15905153948586,-10.667319268036,0.618906512142449,0.544582702153392,-0.170565356407239,8.67326976142824,-0.197806835139973,2.40940602743263,0.473919115648914,0.802125351813411,1.97192577799685,-1.62096176472713,-0.351084613762477,-4.98977938605259,4.21781704220549,0.217601888513921,0.635595226617944,-0.137190627510386,2.13522672088891,1.21114444799213,-0.0860082903124488,-1.02321895695958,4.17277584120747,-2.7500278394295,-1.33933432528844,2.01601348280303,0.783162576756938,0.731345005371151,-4.59764005833168,-0.310504113303189,-1.91915799042706,-1.02955031096987,0.55790754517401,4.4074386196573,-4.49209543472176,0.012644424358444976,-0.5779535258240641,-0.3921739260296838,2.1055069702482228,0.04420254873915008,-0.33480944841947546,-0.17126232659631913,-0.13836031253937142,-0.406478835534189,-0.20035871064315217,-0.028257955346028065,0.053573521244017756,0.0640415155916973,0.1261016650698666,-0.039543971390009494,0.00027212513559065666,-0.388812082203166,-0.05347665048635584,0.025884005761356927,-0.7809091967540949,-0.3034881582756225,0.08021669373453871,0.18253151347794153,-0.1446103596716792,-0.33740607142996976,0.26431263472888855,-0.012020541537132234,-0.11146633793523135,-0.24980196870412336,0.047274747623471,-0.4049241422972531,0.59375551324525,0.2757509809902302,0.13119822875784887,0.06865388119253175,0.1330176913574151,-0.059873218981583,0.11095815832060749,0.050855881320273716,-0.08366819036526507,0.2300622636638006,-0.4094790553283916,-0.012627867230705182,0.009200746635255861,0.13426630583771756,0.3843603661380029,0.037884974308285996,0.24925166032999033,0.02275332770486941,2.6435483870967738,3.6026473738569567
4,1.46604812901886,5.86444985028684,-0.673620446568334,3.59237039800399,11.2509348864994,5.3285151995636,2.80875145187849,2.26052400059177,-2.09083762449572,3.51604330039003,-1.535856002829,3.77104493087594,8.14782595939008,-0.17058614135539,7.08815522769074,-1.22640183340109,0.520501192628993,0.860844589207569,-0.359408337077921,6.67088730354766,0.652680443421587,-8.8775471101275,-4.44891809984352,1.88574696954328,-1.50267604816924,0.833656900836997,2.55217593060503,-4.66949749878296,1.85608553350278,2.64445683014264,-1.23816012768752,2.18514224320871,4.04780328867462,2.25547528655269,-1.39634192845363,2.95859827796832,0.134080010375244,-3.82561872977731,2.2985784458799,-2.79994162123707,-1.96110574372033,-0.4030962417833,-3.11300080276966,-1.06447090610461,-1.1915555163054,-0.235935578795596,1.26591851240627,4.0572390700804,-7.2776949193093,-0.045172627582958945,0.044033188658747294,0.2685465824290814,0.04383304530912632,2.486120507840184,-0.24987485265931672,-0.03835662451670835,-0.06788763562299382,-0.1514859779432967,-0.18148785265766407,0.07924916457179237,-0.35894885427320006,-0.38242099895723164,0.2299440086998285,-0.3248814929919841,0.16689892898151423,-0.03523890772300426,0.0012441307349970758,-0.009079736384720082,-0.4961285866333453,0.3487530510633242,0.27989419768399504,-0.08940962354936208,-0.16431276249705834,0.3861388446162522,0.06026476626673747,-0.054397247357122376,0.0643503367485615,-0.3708054389512286,-0.40711152486866503,0.3073250179711746,-0.40603563594431086,-0.21911711848161822,-0.08013015031593455,-0.22769880661519687,-0.7611606832749719,0.09401309640691545,0.16750891639845578,-0.2315330691376098,-0.143231491375754,0.5001723096040174,-0.04164333493163536,0.23691833108715665,0.10784275903698895,0.06421234578814909,-0.2809066103399873,0.11498830413725566,-0.036741039755564364,0.2821854572134692,1.2661290322580645,3.3527503465810575
5,-1.09070563684035,4.37721572242376,3.4363277658008,4.42671617214617,5.3285151995636,12.8227240143369,0.222333464670394,2.51254871313709,-2.89384419158777,1.60499316524799,-0.998142962327955,3.14980945917155,1.85102137561548,0.142473439589188,0.39836320357847,-5.20455689449761,-0.022194910144595,-0.341454529994975,0.322618287159346,2.15295371464786,0.0482186486536414,-4.93509809204933,-2.12981712293569,0.445411330235895,-1.28426908973326,-1.44433834845988,2.3528691804065,-8.10197313622126,5.51473633792216,1.4916723498056,-0.412649363724463,1.86955315367442,-1.13299429626849,-2.32041983636138,-1.74490742597706,0.454258745825059,0.0742536231449062,9.47886082653984,7.16475943017675,-1.79871677868126,-1.41075149103601,-2.11240360373668,2.12815892233957,1.7788773189473,-1.88956566940236,0.156992889017567,2.38186957961081,-4.46105332109214,-6.47672691271512,0.018869587865376278,-0.1423632653076357,-0.2833696388221469,-0.3353997607460085,-0.25006986190539915,1.43860749262266,0.19387047881765587,-0.3796796207686605,0.3822204124903462,-0.061977104573364736,0.18965119002300515,0.023644211256615658,-0.06616967102571195,0.20882853672798926,-0.19827466047793785,0.07561106181689138,0.027360951342663645,0.28899727365137473,-0.15396754347737204,0.312786221440302,-0.0017939772790280025,-0.09184534274897606,-0.018784999519640428,-0.021344414636648417,0.12350792067603762,0.4334381747582187,-0.14045070404352114,0.13586455401954453,-0.2636386164866921,-0.06752816484592176,-0.017960039301105964,-0.11215201048497665,0.21629074687785327,0.012032821825757661,0.20138522104755982,0.15611439401770177,-0.13754988976090954,0.017513827289739232,-0.08868946351513096,0.28502139543370003,0.5360879184546357,0.29747325719834494,-0.11259633832763878,-0.42767481284463604,0.1173968972690541,-0.2341476070698767,-0.3872630924670657,0.13093799254246505,-0.009009379684198167,2.102688172043011,3.5794865573622308
6,7.02564366585937,7.66746725587682,5.10138280750108,4.20827401806032,2.80875145187849,0.222333464670394,8.16025120083876,0.973355080388649,-2.78890162812849,2.54112138751706,1.38570504768251,1.875383297829,6.19164962427509,-0.894495445320497,1.04924302981521,9.0392834044058,0.155124183116716,-0.722081825851955,-1.48023399834781,5.72383124441445,1.30441257829712,-0.716563811971711,-1.82416477876662,1.7563415957959,0.34239492968181,2.56012809899419,-1.29284852882224,-5.63136164082243,1.55692782628905,0.647003294896175,0.224331280603092,0.461320571422579,7.66484818782719,1.84536115181559,0.421111434965067,0.0464011266007976,2.58038524765459,1.36053300862703,-0.0773750273028941,-1.34016701064167,0.788857613204707,1.77966270695188,-3.29271582874301,0.688463224724799,1.177476002805,0.742163490349926,1.12179936344274,2.46218299651324,-1.68840519892202,-0.2942856329824712,-0.06619668593094595,0.07302623407459688,-0.17096431981837523,-0.03959124813895626,0.19360481613205577,2.0050677404454205,-0.024261552734531497,0.11777947006832155,0.11621676235848659,-0.23246495901335945,0.012070910346088388,-0.0955232774989641,0.12032528268011229,0.11103822049970032,-0.09392106042260012,0.10809625580965943,0.5040319842706618,0.4114659949500049,-0.0009025332323199245,-0.08149481689298933,-0.29828345640313103,0.7094294838891845,-0.4027557024116818,0.11039699777150351,-0.3192915898186665,0.20558716435165056,0.3632767410224446,-0.23482372852964722,0.3530715811752869,-0.029632702214429398,0.5774417472996413,-0.4966288663985736,0.035008312259506486,0.28531741549058626,-0.17532961101103647,-0.05671165125461483,-0.0516057508422015,0.11450506057413273,-0.30718679267735577,0.2715355567488988,0.04883708314413128,0.12119595492919102,0.019982981914353697,0.20266170483161614,-0.1342968882175267,-0.1369554871581279,-0.09430577515891118,0.15494605127424396,1.5842549923195086,2.854864480293024
7,-0.807011900249528,3.09531547191354,2.11621560251934,1.95961774915848,2.26052400059177,2.51254871313709,0.973355080388649,14.2279062126643,-2.19195387524947,0.857760772496811,1.64676003592862,0.234603533217099,-0.942965358052744,-2.76557662320824,3.24633703573918,12.8438004299025,1.86252776530803,3.46112287410221,-0.801422195957211,2.45990878635466,4.58195673853826,-6.74137220564211,-4.70693539042744,-0.228058680302312,0.27884710985419,-2.51768655542867,1.21229752753722,0.347203334305814,-3.53266799522364,-1.03434611419067,-1.89663103693592,2.32639554990848,6.49793717180522,1.53313334529143,-0.405362258349522,1.68657403711425,-3.83445516963735,-5.09115819197359,-4.58640994749602,-4.07491803444977,3.94047809999176,-5.01991209956061,-5.34066148925031,0.624186666051755,1.19458434414239,1.14485384975759,-2.11812507265021,-1.50196426600328,-10.3503654788079,-0.01551094649714593,-0.24386121675614536,0.410967082610746,-0.13760062464632047,-0.06887947833279547,-0.37916986509350825,-0.024412307287831333,1.6302428988573674,-0.1583151389515936,0.22396828322995616,-0.19810737546178092,-0.11416666404537452,0.10096063854250462,0.2560950886163188,0.09031616901144403,-0.16169067070047818,-0.13716923210117465,-0.658452541565959,-0.07342304097102635,0.03603369490778506,-0.6546082850170837,0.012714785287102483,0.07498195908647841,0.04356840553213866,0.09391282277220675,0.21806326350921218,-0.060947290750997356,-0.11412349205646906,-0.0160895621145102,0.43737318040122314,0.6485982880046761,-0.09436664655018466,-0.43194315579406045,0.09817364673410635,-0.09696564655733021,-0.18817369525006528,0.2790947626783833,0.01898746663421604,0.2697185947170924,-0.06096485197466417,-0.18856685104227847,0.23027984081033376,-0.13203466821816962,-0.3373737307997813,-0.03897983317042842,0.013007132774581907,-0.01672796946631017,0.21160857370326003,0.15713289322205037,1.6155913978494627,3.7706638954783913
8,-11.3632326000511,10.7126400483392,0.0262255350374361,3.24041981835243,-2.09083762449572,-2.89384419158777,-2.78890162812849,-2.19195387524947,40.9662102747909,-1.01077369619128,-6.17451044328727,-1.96861399968121,-0.349032288698655,9.8790758078202,16.9826653164655,21.5552892800912,-0.531110450308162,0.405342709591057,2.49645164261796,-4.13029721426463,-2.53417131219837,46.5701103077543,23.7386944401047,-1.07884143934048,-1.03125792308177,-0.546186016324814,-3.88493766687319,-3.7553487899051,-0.220891028412743,-1.65520352451431,2.29731670978899,-1.6224805729672,-6.5789825667337,5.95135442857488,4.11243315366616,3.44625613034078,4.74144944891078,-3.08032333960016,-3.54109817250317,11.8200531973067,-3.98805230260185,-5.67386057318014,3.03233025643908,-5.95959027317453,-3.59064649662355,3.89696191595685,10.3219602547314,9.47760924411129,0.593425467624624,0.43926291833423536,-0.0723610294094689,0.033631349250765566,-0.4061995153570336,-0.15245719417525558,0.3812871857991312,0.11833709091346964,-0.1591740056636996,1.1804088722013708,0.17208970465073012,0.22698921379758236,-0.2008827049506863,0.26155626908914126,-0.11583252616741517,-0.4044239596576051,0.027768396297764484,0.1037314756791777,0.19855560273249376,-0.2973605400432804,-0.09785972587361647,-0.01861428235943585,-0.41916682768816227,0.07850117720687916,0.15774795552515594,0.18432207219106095,-0.0036707754564650327,0.2968462489358005,-0.023704427327580796,-0.2817572939649743,-0.03999124186109887,-0.016499217886612755,-0.08958079142564163,0.2172255582603846,-0.22726737990879595,-0.11500950132886309,-0.1480720912929819,0.18500965192636293,-0.16271926995676475,0.23827601930765543,-0.25776371537661696,-0.032146916927669376,-0.03694328213632937,0.2075675957193825,-0.23328983649700277,-0.11179529108091109,-0.04834661227955525,-0.32862830167230683,-0.12122561431059596,-0.09272822559277484,3.0650537634408597,6.3997039208693804
9,2.97089755642578,14.7806949886256,2.91720095264273,6.38785596202689,3.51604330039003,1.60499316524799,2.54112138751706,0.857760772496811,-1.01077369619128,18.7643649940263,0.538853098908921,0.377715383232913,-6.40041987746695,-9.63141188035732,-12.5479704364824,-13.4257481191984,-0.0147974695455516,1.26178414477438,-1.9107960479793,2.60710045578118,2.41677380070214,-2.61204043094591,-0.834004184724089,0.344091253874568,-0.987579170901545,-2.42705326544876,2.24363718702723,-6.27460498582617,-0.153191563968656,0.0211017126443183,-1.41742618498562,2.49214904904654,0.995556899754813,2.63189621292098,-0.966963307745243,0.405621580635503,-2.62684443576709,-12.3969429534527,-3.02868514048225,1.80821955618162,3.09045041622202,6.2226283804175,-11.9884052247846,1.77123139235699,-1.15855874927095,2.08179484017422,2.6321091119628,19.5210925785624,0.884184654569974,-0.484623637843136,-0.3808138994983248,-0.1144625245641204,-0.19876124558437303,-0.18304939658657332,-0.060746901997156155,0.11681731095383621,0.2260909985393171,0.17144036583763345,1.7166850672959415,0.22034069509908247,-0.4998463529863079,0.25739995704052804,0.012333960740783238,0.17325304781782885,-0.021194830055016458,0.09758871977207896,-0.3081553220750981,0.5266926722226439,0.20088237457768426,-0.0077949982987097375,-0.03400103882177526,-0.21870128382730844,-0.09986021140570286,0.30601177490676906,0.22691295250629098,-0.19435641782565435,0.0033289943738781923,-0.3021123323715754,0.07771392782981995,-0.2064183550208337,0.12313760999958222,0.37315579369209295,-0.24872569675146433,0.026516859645470674,0.035777832507829385,0.43055074668461707,0.2031867648974588,0.0269382635757383,0.06180870319670779,-0.2321576086096528,-0.25417994471879307,0.21080870366850724,0.024976348899449274,-0.0831624581947489,-0.2001310731151793,0.08758480387851707,-0.33885196759112385,0.23301520832837316,1.3962365591397847,4.330631015686546
10,2.6078259187944,8.42436708725876,5.61403794905691,1.1126061931951,-1.535856002829,-0.998142962327955,1.38570504768251,1.64676003592862,-6.17451044328727,0.538853098908921,31.0451929510155,7.34724073359501,3.05416468542254,2.33478742198819,12.2688317142043,22.3743946001317,0.211764497550931,1.1698151013095,2.47849743828113,-0.452459756436585,-3.40598831178252,-13.0318727353597,-3.56258198280941,1.08308285867561,2.13149812260843,1.79867424027656,-1.65291722542847,3.22395229509922,1.07548810991714,-0.338894350911473,1.32131169444106,6.52222225539357,2.02481523533859,0.956401139351565,-3.48842498295432,-5.10038786674164,0.702225553826949,10.2344101771251,2.97666688033487,-5.03600687225952,2.29395286548491,12.3637596473536,11.999796928795,5.65881783936252,-0.828592318509775,2.66110840152609,0.836236636048119,14.0648177192293,-4.23433521982975,-0.017758055304980425,-0.1958706176618157,-0.23970981311863426,-0.027882960050802985,0.07993570992523176,0.1892077341478864,-0.23292152477074635,-0.19720438527645753,0.2270483586547972,0.2205159839847437,0.6550460821536046,-0.15669317823395806,0.18919115940451334,0.028110544718754397,-0.19727040230939294,0.016270854333525122,-0.0010074829552752418,-0.006483944803501378,-0.062106438784173414,0.10097777053302519,0.04067923595264779,0.08527801271837458,-0.2821290369006195,0.06091430461156696,-0.036652407924302806,0.025464354452015094,0.1268497385907876,-0.11018606960969796,-0.13142404503499044,-0.10922649959835505,0.307446711725855,-0.32789285363876336,0.3277039222644378,-0.16644004877145227,0.27882621339739544,0.02787917198219433,-0.08549623188685221,0.009347798147581394,0.013366931155989257,0.05826902735481122,0.007201722862388844,-0.2907449696820013,-0.058034915997790586,0.0551903530018839,-0.028675585209456046,0.06414454716662013,0.10029589475692924,-0.03043147413311031,0.019558952497470465,2.9634408602150537,5.570923886665077
11,3.14940173162127,1.73860643776638,5.1369214787946,-1.10769831979594,3.77104493087594,3.14980945917155,1.875383297829,0.234603533217099,-1.96861399968121,0.377715383232913,7.34724073359501,22.102691995221,22.4206108876286,21.3572792577224,24.7763711134339,30.4899537629992,-2.02147472643311,0.252825136605846,-3.80147190876204,-1.13561095851959,-0.137256527473221,-3.26269654271342,0.087022529807032,3.02783513027674,-1.28268102883989,-2.2135601423024,0.912138503406459,-6.70592605280108,-2.45665785514527,-0.962163443459789,2.74525615790225,3.47974979460887,3.19397420600506,-2.57494899812038,-3.33029127254521,1.46446777824604,1.66946949135373,-0.0328829367811005,-1.14018157513352,-1.60021818948475,3.56281458346853,2.89893608675728,15.8397055680492,-0.284022080672421,-5.91155299700419,0.258308244721399,4.84069896171229,-3.62539111821828,0.80917162573948,-0.2769709697688716,0.29639530230219374,-0.2658025885240094,0.05381864906154832,-0.3582127266605215,0.023264767313099663,0.011985925067348337,-0.11422890587393032,-0.2015398467063183,-0.49979792279284063,-0.1558959847845955,1.763673369697795,-0.49631093368731394,-0.2195125729424357,-0.041115539887702134,-0.017044262655479613,0.530633785546302,-0.09509762272307534,0.3621781221426764,0.08707747438840598,0.1617119564936656,0.2838539104389341,-0.11025025286582289,-0.1301069717911253,-0.12492335366255845,0.14790637209789503,0.10491497183185043,-0.029578181680212253,0.02840461566817237,0.5327954216239189,-0.03333161496532777,-0.5127639921182959,0.12279708222090978,0.3882587038329924,0.01422074847484721,-0.14648793923177494,0.08726540972448352,-0.10370917383965488,0.227211963454717,-0.05121229645216351,-0.11003941739813146,-0.09127964622138796,-0.11167752807112784,0.011644914264293022,0.20185996422630867,0.2737911302928174,-0.6859279761006881,0.14750173640074135,-0.007025836381802649,1.149032258064516,4.700286373745862
12,3.31748847156968,6.14592887659247,2.14392591842825,1.47775108996677,8.14782595939008,1.85102137561548,6.19164962427509,-0.942965358052744,-0.349032288698655,-6.40041987746695,3.05416468542254,22.4206108876286,50.128621385902,36.4395613575139,42.1773264655633,57.5924452297486,-2.10660878189346,-2.97500902811642,-5.04467854000861,6.87804068601304,-0.933382833760141,7.31266772047565,3.89213161496107,4.84922780331042,-3.78093278406148,-5.149512248749,-0.392556845083624,-9.17818009065534,1.01471330524007,-0.0242774526551308,3.43305779615775,-1.34996111672992,6.33022710867255,3.63218919529635,-2.5494257054888,1.68078602455312,6.66778408637547,5.45000782027502,-0.833406173098331,-4.63761258794453,5.94001588118308,-1.73747196425365,24.594383959106,-6.30374395359341,-8.46812677327626,-1.16747702721994,-4.86565299604158,-14.4133407482197,-7.20406606550359,-0.008652772331890452,-0.21003324315649224,0.4494052654599119,0.0640136482340213,-0.3830546021031299,-0.06640007398211822,-0.09456083600573985,0.10238646058595506,0.2612242562042494,0.2573309335132621,0.18909264194876108,-0.49630460022996525,1.1810534348834398,-0.13248520161892174,-0.14742666456441975,-0.09541950442240137,0.12706599373770364,0.26183031751864777,0.09999713265041531,-0.37879897026365894,-0.23615321146495205,-0.22696094525194987,-0.07525099125695968,0.04800325906367018,0.21508043768919424,0.19583528360481914,0.3571031799489231,0.09825720214109537,0.08471811980740035,0.07178011192201007,0.0005090606869570856,-0.10763625119850076,-0.16467074455835848,-0.2185469137110792,0.36747028961079126,0.0731550272406277,-0.2080166461623879,-0.07364423642818753,0.03165092507808921,0.3069387653744623,-0.08387248899029612,-0.22846204764896447,-0.1487381761090697,0.19336524580649178,0.099496015541766,0.3710476100721401,0.2969511244272026,0.010152085381150552,-0.12586649008917433,0.28838709677419383,7.0794506415330005
13,-4.57738203906399,4.94240597672452,4.93404432753034,-3.04261106771154,-0.17058614135539,0.142473439589188,-0.894495445320497,-2.76557662320824,9.8790758078202,-9.63141188035732,2.33478742198819,21.3572792577224,36.4395613575139,58.8795229390681,54.1144325390033,66.3278065125336,-0.941983438065835,1.25800894412071,-5.34162997761581,-4.9020430388701,-0.317462227757895,5.41196946226362,2.48014229919251,3.69058671472505,-1.81281977197384,-9.86063649796936,0.205260051997024,-8.65602952861525,0.0753272419823378,-0.85544091101816,5.0086157896928,-2.34338306581468,2.08147154482756,1.87019073204215,0.324262603440518,1.02472061721976,5.90428511112036,9.0480383731704,-1.27276169305466,0.833650478844692,2.83928708276136,-9.68657873417582,36.2448160306817,-9.30131116464083,-6.98390531073884,4.30782272727099,-2.27879402990416,-8.94872092551712,-0.220574712797505,0.12681150919167997,-0.21134275192126614,-0.10655823170861228,0.1260912232728897,0.22882571034035548,0.2091842669072682,0.12028222359783257,0.2559034289387854,-0.11571864867005283,0.012651309806962637,0.028455189151887682,-0.21921357803404448,-0.13257331672804898,0.9925077989903803,-0.12630488789277874,-0.006853641411270364,0.15120898075462344,-0.10904495599032352,-0.029990014440089505,0.1415267456362166,-0.26264498684098203,0.055466465650328534,0.19292245192068816,-0.22742687729992137,0.028001724928773102,0.2164649335470123,-0.5338182571630233,0.21513262256594837,-0.2484811505259456,-0.1698028367576536,0.12460440614332642,0.07887077372314345,-0.09884335942279712,-0.09922903562746573,0.0009854855043923201,0.001995891618151398,-0.17156176104512297,0.022381788760547573,0.37769241754818245,-0.03714036737495875,0.13998231207393688,0.15335906236072586,-0.5914522006679607,0.31751406396356097,-0.31690129439843706,-0.20202724968265912,-0.026250618665370054,0.16330973677237481,-0.007999920376921972,2.900860215053764,7.672647713734036
14,-5.86116657466618,-2.52915481048849,1.00481388566659,-4.15905153948586,7.08815522769074,0.39836320357847,1.04924302981521,3.24633703573918,16.9826653164655,-12.5479704364824,12.2688317142043,24.7763711134339,42.1773264655633,54.1144325390033,108.840706451613,158.510650288732,0.979827319189771,5.28637189671438,-1.26966218556436,-6.14165354424234,-5.47815398334126,-2.51883365272167,-1.72352942620286,5.32459817454436,2.11439744102438,-2.34319149572058,-2.80232185070086,-3.33512193159764,-7.79696283686288,-2.16257730713879,9.65293442278,-3.71155518572947,2.93324802275674,3.4755773853123,2.58968078409745,-0.234727199342974,5.94151622948701,-12.9348153877456,-3.71460186657302,-14.6978109384734,-3.69199056475767,-7.63097418327062,33.64987633643,-10.4695798051899,-3.60934266377541,9.94480230342515,1.71905795717428,6.50946258767997,-23.9869428726888,-0.1755344785010787,-0.060438943622650565,-0.03255208179533654,-0.039724509420863426,-0.3247859016689517,-0.19704305991684526,0.11061958608024328,0.09080805623492927,-0.4038538707035046,0.17337353954878126,-0.19728703366712505,-0.040788551880214186,-0.14827387081384355,-0.1264991174138918,0.7404316623768679,-0.12294656390205368,-0.18180895747355988,-0.1286020292406282,-0.015599284678854325,0.3694190976655569,0.14281421525788257,0.07697276764239779,0.11638627728680506,-0.2935390183212164,-0.014437755392238467,-0.13379788332083198,0.16456524386684157,0.02319499607814176,0.2962778586173244,0.013029837786458989,-0.33169629376152293,0.23686389468890678,-0.0456110255204308,-0.024394620296871207,-0.1211982295710385,-0.1416915905828648,0.010170346179300335,0.2048381652426328,-0.2611565211347492,0.35298468194040006,-0.10532267695338206,0.18106978752827368,-0.17864755182113853,0.12344528566299848,-0.0404684118457802,0.12175233616371849,0.10934697140249834,-0.0494423521113876,0.02435516642910112,6.740752688172043,10.432195667816671
15,-4.55197576244598,-16.3995745805053,1.93992750981144,-10.667319268036,-1.22640183340109,-5.20455689449761,9.0392834044058,12.8438004299025,21.5552892800912,-13.4257481191984,22.3743946001317,30.4899537629992,57.5924452297486,66.3278065125336,158.510650288732,405.893804583303,5.25503945592816,5.17697780487982,-0.787239534171773,-8.59925991514429,-10.4769216767598,1.25959831642471,5.13495899588276,2.33585236495855,4.10039245438982,-7.7470815399099,-8.02697753134281,-12.9994896166744,-10.5334229896574,-3.26825236657786,12.8907611941245,-8.83471034288077,-11.0155738318193,-0.114232601976401,7.5493514233545,-3.9953346125309,7.61199605028586,-12.5984043805486,-11.2807234671195,-24.0207720747711,-9.84117762206321,-15.7409653417606,38.5046946160405,-15.6034574025403,-1.86458600342538,27.3040099200733,-3.32032011877893,26.2662832854456,-43.3469645951317,0.011695180039689546,0.10344425888238673,-0.03758938413190459,0.00022856822926533535,0.1670756622090491,0.0754516580766908,-0.09387805126736903,-0.161764290493185,0.02760622353409252,-0.021244446146017035,0.016188667989590518,-0.01682524015379597,-0.0952250767854054,-0.006678440221806473,-0.12285395300476486,0.1319665963546288,-0.10549216937740256,0.07066611978015652,0.024951992013175016,-0.05087965045544895,0.04097152161905921,0.028308179146807423,-0.11926913741386595,0.03730237042554171,-0.043559040842129915,0.005354384415948876,-0.10226523853917166,0.014800430551684446,-0.09524331960701002,-0.1078469540804859,-0.04807369929189127,-0.03607474767509025,0.07208723079781847,0.021694988076392505,-0.04145803405291726,0.11195328627994204,0.033060802612600325,0.0021502840304379344,-0.004621104510698857,-0.0005693060215051733,0.03347128616091761,0.013960433611743548,0.06812256201823261,0.007297333263170665,0.015676238423943636,-0.15757497812357596,-0.028852697864943235,-0.052035991271215415,0.011212116371578169,6.676459293394778,20.14655813242805
39,-0.083603125176727,-0.0694260411283988,-0.245354321072726,0.618906512142449,0.520501192628993,-0.022194910144595,0.155124183116716,1.86252776530803,-0.531110450308162,-0.0147974695455516,0.211764497550931,-2.02147472643311,-2.10660878189346,-0.941983438065835,0.979827319189771,5.25503945592816,1.35152376075878,1.3925328955074,0.17679265880492,0.368289087799898,1.09834291522571,-5.07973528120023,-2.66565884019873,-0.44688011746529,0.492880739757409,-0.927257330638868,-0.313553933663595,0.119560732155001,0.283310998301075,0.0704143816317886,-0.535906803169626,-0.431156846315168,-0.325596130161247,1.05716504995586,0.823627968964421,0.274837981491875,-0.774801689781488,1.81673244040897,-0.2918954274865,-0.826556857549766,-1.78733293101067,-1.88905874573372,-2.08843362413459,-1.11969300880434,0.716164116117437,0.55978308179456,-1.64012202372135,2.84815019167549,-1.01081416479755,-0.003041354300397576,0.006115889390855391,-0.12345321957437402,-0.3891381621158953,-0.034967626088272266,0.02720295826257562,0.10902606494867446,-0.13736875919161934,0.103634780259385,0.09788643930213631,-0.0010151912507062326,0.5304587062472677,0.12749033133104032,0.15271895711481023,-0.1816752334290451,-0.10512769554060375,4.883434486264222,-0.7438880665532219,0.026675747540616024,-0.1996259253096034,-0.26152373550145547,0.19500921500731444,-0.05403736969398055,0.016962178956682887,-0.00018148406937007735,0.15943949823668802,-0.031162638385901113,-0.08197473553264464,0.2821871229952194,-0.2554988391723459,-0.03871989646387188,0.13182964270059389,-0.024753484092188086,-0.058714766660593984,0.0009522560081181298,-0.611841825148429,-0.019423039545366873,-0.2594333308941631,0.018017991092072794,-0.25326547974042496,0.10802642699985383,0.014564312645673764,-0.015019128395160281,0.05149533311560887,0.08611385815153225,0.02921240494667736,0.1668659461253308,-0.09084291176934854,-0.12056910902743305,0.6298003072196621,1.1582416676837282
40,0.0239716569048558,0.190683828502538,-1.522538534969,0.544582702153392,0.860844589207569,-0.341454529994975,-0.722081825851955,3.46112287410221,0.405342709591057,1.26178414477438,1.1698151013095,0.252825136605846,-2.97500902811642,1.25800894412071,5.28637189671438,5.17697780487982,1.3925328955074,4.84237753882915,0.327458708029229,0.061621443040615,1.21163188056056,-6.93090133910931,-3.60920592708066,-0.992193511261154,1.42159583206993,0.499270123578494,-0.696391290665511,-2.82884080048399,-2.92416175576801,-1.34441707066672,0.134182106960114,-0.0966183376960816,-1.7284768783887,1.1325127058329,-0.0001206828352103,0.632313297787163,-1.70767441311483,-3.6011567967811,-2.82733569398219,-1.48138369046505,-2.53158921690794,-1.11918398817486,-1.19201474880183,-0.779940918108715,1.47142489664891,2.17906984985014,0.210065565956778,3.18600079714866,-2.20225778200258,-0.130439977433328,-0.10943492611759767,0.31220307997019403,-0.05340224594979912,0.0011363629587034841,0.28853657518904546,0.5048115563438319,-0.6584763948457647,0.19782307801836582,-0.3090242299576695,-0.006600560551489766,-0.09405627708377069,0.2623169254872406,-0.10905822397290853,-0.12939813301967287,0.07073310430069885,-0.7442585109523566,2.2021346478760746,0.08886702464753991,0.1487517460979408,-0.1738839689459138,0.15995386643513718,-0.25149289828375826,0.38163302708129515,-0.18985897038998817,-0.38751037768229646,0.13302536020911787,0.34825648698086936,0.03744905805604013,-0.09597465488563682,-0.5688602201430992,-0.018182698683553336,-0.1163298790493028,-0.11696652149549554,-0.1574610287966291,-0.07017752357257233,-0.05557824253386559,-0.04431351313413196,0.18265211124952385,-0.10651626481454665,0.35915748751119553,-0.1502467396121927,-0.16597721301217172,0.40119042243487407,-0.013273889200870432,0.048698925744081745,-0.06669060402829106,0.06887208439139789,0.16829714465539103,0.6720430107526882,2.1982669398481045
41,-1.32667883258428,-1.69680227303669,-1.62800468044712,-0.170565356407239,-0.359408337077921,0.322618287159346,-1.48023399834781,-0.801422195957211,2.49645164261796,-1.9107960479793,2.47849743828113,-3.80147190876204,-5.04467854000861,-5.34162997761581,-1.26966218556436,-0.787239534171773,0.17679265880492,0.327458708029229,4.93806989247312,-0.167034810550601,-2.737229605044,2.70906003881824,2.06889227087863,0.190579964529953,0.738556343195943,2.21173329036147,-0.420021971014741,-0.839608669689322,0.206846201810722,0.113082376151821,0.444207170725717,0.780098010926361,-2.83731745740084,-1.92278105965031,0.629668334986496,-1.19847016810828,-0.194443074425087,2.68526650904914,0.946233909444541,-0.390220496035631,-2.85196487683715,3.71524417800415,0.349200571744276,2.52240058673083,0.550050639278143,0.835958259317488,-0.467272585917117,2.91994880584514,-3.84107952481992,-0.2993718747725721,-0.0066848766650813,0.11682883881823576,0.026012669769538532,-0.008761643353008287,-0.1515951872345672,0.4107315091684136,-0.07153426646072132,-0.29616587834871616,0.5287461354136614,-0.0606628303293685,0.36273778646628285,0.10128104353917695,-0.028604824967336528,-0.015432770897360734,0.02484121794172697,0.02683617460367152,0.08870672069948445,2.542334921393582,-0.059649348669111694,0.2482611388913512,-0.08435641751400046,0.004827382215526738,-0.26718031206743875,-0.00837760535034861,-0.3714302473262647,-0.49097236138997274,0.27757794437594807,-0.008575516855468361,-0.11118293392168324,0.28709952030495917,-0.3666001391235723,0.16067228367563718,0.23441653151399103,-0.36363463604723983,0.379252978194146,0.09198409908450644,-0.11576574494569815,0.48458519458166405,0.3285487608657165,0.3045498089875558,-0.30032795717090127,0.0076754337049994735,-0.2714989843516881,0.3268854907543826,0.22897663517465722,0.2379586919674078,-0.20685995578534064,0.1738655858552845,1.6236559139784945,2.2199256502128892
42,8.35539536167712,12.1355732062222,-0.342630879232568,8.67326976142824,6.67088730354766,2.15295371464786,5.72383124441445,2.45990878635466,-4.13029721426463,2.60710045578118,-0.452459756436585,-1.13561095851959,6.87804068601304,-4.9020430388701,-6.14165354424234,-8.59925991514429,0.368289087799898,0.061621443040615,-0.167034810550601,17.761171579743,-3.00141523972291,-1.38439063711101,-0.500764272073344,-0.638118772727367,2.15120698283535,3.62249121990053,-1.22253567877264,-5.38000503866384,0.508383168348103,0.997054983058184,-1.13341605220906,-0.0407193499943316,2.09598189434361,0.98817793039566,-2.28775700294029,1.42927897146689,7.72479834330707,-5.34848489938209,-3.30979036364393,-0.310335287629425,2.21756041768112,-3.17183831961039,-2.35112801648558,3.62926948574724,4.49078364182732,1.54943136514336,-0.720604675811081,-0.735208634798592,-9.53325335477374,-0.35135136578022663,-0.20564497079483335,-0.23261393717634746,-0.7805309102008127,-0.4968972782689113,0.312723221024249,-0.001331184813696965,0.03707744449763035,-0.09814605553540998,0.20125439503607356,0.10054455220627816,0.08666555184925694,-0.37956489065792404,0.14138600856719835,0.3699042620109876,-0.05090663032372091,-0.19967483319502177,0.14906197322656417,-0.0599799837630646,1.7396950619132032,0.22222549838228986,0.22127395083600404,-0.09297412473016914,0.18101818686443769,-0.24132411639511614,-0.31289695172388293,-0.06931022497489461,0.019827145029478323,0.200731671330766,-0.08554178091403063,0.34848765790900504,-0.08688838791096354,0.15831224104918978,-0.1380015943266868,0.06726206971063275,-0.3386611304405554,-0.1376833675947176,0.17058653419170686,-0.061006814975265014,-0.10218866614543701,0.024431047468417157,0.13823127036829597,-0.2997103794092334,-0.02904659076637046,-0.21004729374354383,-0.1056625607835814,0.19112454683026542,0.09682266084890326,0.2763493253501754,2.607142857142858,4.213213925228935
