,Cov_0,Cov_1,Cov_2,Cov_3,Cov_4,Cov_7,Cov_34,Cov_35,Cov_36,Cov_37,Cov_40,Cov_41,Cov_42,Cov_43,Cov_45,Cov_47,Cov_48,Cov_49,Cov_50,Cov_51,Cov_52,Cov_53,Cov_54,Cov_55,Cov_56,Cov_57,Cov_58,Cov_59,Cov_60,Cov_61,Cov_62,Cov_63,Cov_64,Cov_65,Cov_66,Cov_67,Cov_68,Cov_69,Cov_70,Cov_71,C_0,C_1,C_2,C_3,C_4,C_7,C_34,C_35,C_36,C_37,C_40,C_41,C_42,C_43,C_45,C_47,C_48,C_49,C_50,C_51,C_52,C_53,C_54,C_55,C_56,C_57,C_58,C_59,C_60,C_61,C_62,C_63,C_64,C_65,C_66,C_67,C_68,C_69,C_70,C_71,Mean,Std
0,19.0767548212186,16.0006654583861,8.46371756989997,0.604020320876148,-13.9103464989534,-29.2861354617575,-0.976084634030107,-1.83055415134773,-0.905535604300789,0.5000438006418,1.0843369244512,1.44691454548797,1.61726926708965,2.43598594425731,3.18029047567079,5.1644286827603,0.782582927090655,1.86646311298071,2.03046734806541,3.15397038079702,5.20022329465363,7.77349549883689,8.15828029048743,8.07027050979091,7.88808936261428,7.41832598956091,9.47068694585582,9.07818525959649,6.39867265171348,5.55838274129414,5.4847358103822,4.81384777217938,-0.366617442930302,3.86506487711026,1.36220114951406,-0.802347870584318,-2.77123751037459,-0.859379335487527,1.02352272098964,1.02636103776031,0.8608258041838287,-0.3492608430373534,-0.0828631028988155,-0.04002832718090973,0.02658540781337249,0.02553303761594448,0.330099211239554,-0.05022298119286158,0.048246432062720314,0.05029968612983256,-0.1636933429506267,-0.36423493922358585,0.039085905633515036,0.11145284744381767,-0.15051910302640711,-0.26138533553138305,0.16071094370179295,-0.14891172227390298,0.10787888362964637,0.043182830291306165,-0.058487207482908525,-0.19736650290519844,-0.000715887841546523,0.1309595817533284,-0.05299962314559663,-0.018096448956173804,0.004150220895190383,-0.013273041884873975,-0.019261290406680055,0.002688882241972758,-0.22854393264821715,-0.06503881063484253,0.2135691096183041,-0.09129658283656625,0.002279868316313452,0.042362809296644426,0.009369138252880138,0.057340871432395135,-0.25580203513763733,0.20978694059316372,0.9029761904761904,4.366549532665194
1,16.0006654583861,22.4064729191557,18.8221848773889,14.6815676476502,-0.79207341950628,-17.144261992273,-1.17025488583815,-1.64598310566404,-0.700975901955662,-0.340241675319478,-0.225688357711766,-0.200876255752254,-0.16992733495152,0.444535709437107,0.73661821410737,0.691714565114395,-0.725587802619616,0.538664865342571,0.777852572672204,1.56723370839911,2.77169705468602,4.35175594215472,4.38342083736095,4.69390893086681,4.8891155674527,4.52081608542335,7.0092195378811,7.63382828284239,3.76659369605562,1.58329613978864,1.33025098775812,2.22885426715168,1.48803352525586,6.36267237497846,5.87883308131689,3.68797844439059,1.70204572407805,2.58278084990284,3.00265919330311,4.2769308442868,-0.34993006283632205,1.7125356788254356,-1.1165415244147587,-0.15001375760898056,0.08307305655671675,0.28030023885097544,0.0408511290419417,0.030818768501667718,-0.26541800444140945,0.010407791742201392,0.04413274677269024,0.20603136688313614,0.342534879917312,0.033422046109374506,-0.21629094522843992,0.13395052293450738,-0.08081075446242064,-0.02518735954707692,0.012494865575427344,0.011706754870718475,0.06960849023959241,0.19348851430685238,0.01792571373985817,-0.15682232180620684,-0.22199513876724428,-0.03168197423188119,0.0813552672168223,-0.1567655834771097,0.14135114698970153,0.04456076429294881,-0.04946193072906821,-0.0005514819439817317,-0.06480163734978986,0.05510073845375269,-0.10303116650389109,-0.011602466115406487,0.08829318595386683,-0.10041014598880786,0.13929617730884675,-0.18984383680049738,0.3974910394265232,4.732491195887819
2,8.46371756989997,18.8221848773889,233.678829115159,446.599079100213,645.587996034965,844.05382894437,9.87327560933225,-1.445354523257,2.60048811922199,8.88188699004194,4.66223044064442,0.103214062263375,-4.37095348029141,-5.03718550779658,-6.52757891829167,-7.51490565248445,-7.01862413357407,-3.96654109087483,-2.36115832085666,1.74330686654979,9.18471222582271,4.6216219779347,-4.62854354320419,-2.48473213141054,-0.176085530826018,0.751039722582391,3.25565723286064,7.89583261574956,3.40136180754136,-0.724462693294229,-3.50757067831965,-7.0843983480773,-13.874124108945,-6.77107977930833,1.93158907019859,0.641770807856764,-0.383810285890546,4.0522934796555,7.65422040506052,8.79752997053706,-0.08574531430664505,-1.1137921217898596,2.0908888284047813,-0.7097529568008661,-0.30287057221733055,0.06541002867222362,-0.05852417807413809,0.06773923048505141,0.32196158736763403,0.11033177004853036,0.05356850834153285,0.039555959143598794,-0.2292798907517477,-0.13660569766425487,0.037916660750032416,0.09320993189914027,0.04750828156404072,0.047859333077065934,-0.12893625938541287,0.024612954486138722,-0.019713385157227627,-0.12897613422745985,0.048640390723044304,-0.01583718044014004,0.010353901169665572,0.10812513677237576,-0.061782677978465525,0.1868154473429705,-0.22138492109622301,0.052591178636126786,0.040108782478281924,0.07680774667240353,-0.047983350969302924,0.005846171151264633,0.036268637898331645,-0.009057232756527955,-0.07198300204734702,-0.0010374005351823448,0.1674272604380004,-0.11951954144191959,2.6251152073732715,15.286230049137645
3,0.604020320876148,14.6815676476502,446.599079100213,876.885213030015,1290.59467970056,1704.14981131991,21.1214443274016,-0.720983877463915,6.95329446668802,18.7821379915179,9.83567875780627,0.23130972502208,-9.36527710391857,-10.9298051714108,-13.6796975462764,-15.1183796979445,-12.7130894055246,-8.11360463968037,-5.29737901437198,1.92282874359889,15.5650596165627,4.8383020540277,-13.8906005152088,-9.59386000011254,-4.7559139081222,-2.07847383140354,0.786256260472642,9.44676204538657,3.19382426560613,-3.25768659249261,-8.17238254354629,-16.5219429989577,-29.3910788981535,-20.5027688840295,-2.70857973929769,-2.66231958957894,-2.30709539303748,6.13268486517411,13.3831430582026,14.662515751868,-0.044368508451367195,-0.15596209506587536,-0.7160341418588579,1.4961324902488349,-1.1591967358734137,0.31813935950821925,-0.19780751227508542,-0.008455010645623769,-0.07799624672941621,-0.03171363410341414,-0.009703200997290105,-0.020312706305026598,-0.0581954994228243,0.008941866371324918,0.15841171673179916,0.07086243534297355,-0.03303776759951659,0.00910587335447396,0.07603133327921097,-0.10043220177706727,-0.009686161876892092,0.03846997955654312,-0.014000832116889225,0.04543877337657185,0.03981493812082474,0.045982482913066766,-0.022933306323830557,-0.08050519953604533,0.06602321289260382,-0.12645212172492162,0.15268670651167002,-0.009735823180470138,-0.01704687448654454,-0.012531287668282544,0.06434040239012802,0.002134022378896695,-0.04879363555000115,0.05137917447773343,-0.1104574851065547,0.13751704999400402,4.927112135176652,29.612078836684447
4,-13.9103464989534,-0.79207341950628,645.587996034965,1290.59467970056,1927.54818007705,2564.51623992994,31.5689116637887,0.337756151725529,11.8780649532675,28.9236164564288,15.2044694690366,0.642230225103174,-14.03507014366,-15.7164676889205,-18.5971657764373,-19.545545636074,-16.4252996955114,-11.5522889493457,-6.82129825038736,3.85608262325177,23.2117772874109,5.73107959355092,-22.196205309421,-15.742622738563,-8.43352379928977,-3.93107752059422,-1.90560665372199,9.36978592092917,0.26424686638871,-7.66598195229257,-13.4771108181494,-26.2425626951216,-44.6076996342899,-35.6276456085787,-3.62041414293869,-2.24808824988857,-0.563662087955253,11.0781529654592,21.3318269383619,22.7472189290519,0.02605236327114461,0.12249020368739048,-0.29910078981930016,-1.154172075178696,2.6579045572827007,-1.3489310641277508,0.0979131664447194,-0.02737507207436445,-0.053378085654850534,-0.11777030605527249,-0.030706414850171417,0.0031908739803299586,-0.01077541759436693,0.018869090681484266,0.1099487323521261,-0.11736143028997079,-0.05844979675686117,0.0045981440966558155,0.023447183923144158,0.049612473015688136,0.0005261506527773085,0.006361559561946509,-0.10139882678897821,0.028565052845425296,0.2487297018871847,-0.07089849630069327,-0.07219428547273107,0.0400392841857869,0.013021752938926419,0.12512508772586167,-0.13731697909238577,-0.04462171615927871,0.03835945273580941,-0.006319214477058226,-0.057829820823156915,-0.0025610387594681484,0.06062358303230249,0.02100634797086518,-0.0028737600018098274,0.004533155333424358,6.523732718894012,43.90373765497704
7,-29.2861354617575,-17.144261992273,844.05382894437,1704.14981131991,2564.51623992994,3426.11599890279,42.422921258728,1.57558347217062,16.8695662319184,38.9821922184506,20.6093548203128,1.19495819611246,-18.4194865963991,-20.5042064121132,-23.7845208767151,-24.7430299694056,-20.4764081550668,-14.8070769993937,-8.12014796348292,5.91540444773484,30.7805444051138,6.32676165827143,-30.8398621195874,-21.5368605042571,-11.1222164242296,-4.69294843909544,-3.58598449264779,10.0011518395487,-1.93720024432164,-11.4122290133795,-19.7128211736615,-37.3371000812535,-61.6090918843335,-53.2375925377845,-8.30938398939143,-4.41366398019462,-0.209540269422155,15.7812338861386,30.1541482495149,31.5113111198644,0.025756290353352543,0.2649857290200774,0.05824242297453416,0.3039796722855966,-1.32882497246651,0.8496633569300559,0.027237784163873055,0.009690537984113502,0.002353420157472122,0.06129888879294602,0.007349123966939424,-0.002098597482373879,0.0962769852845439,0.019190143937435216,-0.1621716184504565,0.028633390831054383,0.047793339867592204,-0.007667864156459791,-0.009381695520730553,0.008649752447907312,-0.03545169774183058,0.008359242645759083,0.09098551128881971,-0.03371863058400474,-0.21011876255908624,-0.004589734295590448,0.08899718998177439,-0.03712889537377298,0.012721503687936625,-0.044398019985011146,0.018429992422108063,0.018387157314916594,-0.006360540567081742,0.01019277740457239,-0.0005657445329724758,0.005383085286691666,-0.0011863149098859526,-0.039715148959584515,0.013068235791662589,-0.04582500107484916,7.9805683563748095,58.53294797721012
34,-0.976084634030107,-1.17025488583815,9.87327560933225,21.1214443274016,31.5689116637887,42.422921258728,5.22403945090581,1.79043604961465,2.04751389251293,0.701571595167252,0.780002198409455,1.04654627922217,1.56411639763649,1.6115547198888,1.58155642527524,1.23454328567674,0.96846259325278,1.11687016160351,1.37080051277185,1.73022630309289,1.49227778851164,0.694923444948682,0.380433011670231,0.441824187138942,0.330335971149611,-0.03970211518428,0.210363240958262,0.512543367320824,4.25154444224602,5.48854058559586,5.2238627122192,4.4101953478306,2.69057624427921,-2.83705572179445,0.247172287394945,0.519800484951988,0.816580573476522,1.64872740493651,2.1103090821754,0.566247953844287,0.330438230367658,0.04577879392015617,-0.05588698600680948,-0.20118582904723487,0.1145860710843887,0.019443263512695673,1.1235276634843152,-0.08975677820658065,-0.28349103889979554,-0.050599805956835824,0.02598413678911776,0.03474988436274792,0.09980626264401861,-0.0583537367024834,-0.31912360363099107,-0.026991369262420618,0.05573259291973403,-0.07863110768863929,-0.004559704712429409,0.05767265916329594,0.05595996922254969,0.017612061289062696,0.0026174811457110067,-0.1222424528541806,-0.15648499824956746,0.11521506033053655,0.0540097837645018,0.14662883246495656,-0.27731480939789976,0.03993569652131166,-0.22696942785207208,-0.090767236275538,0.20854802516828766,-0.07214873703858107,0.019729662292514553,-0.014756045452617005,0.15333541144747748,-0.20622231708989128,-0.18695551904664356,0.22474971879184208,-3.5706605222734256,2.283427128442204
35,-1.83055415134773,-1.64598310566404,-1.445354523257,-0.720983877463915,0.337756151725529,1.57558347217062,1.79043604961465,2.71472167361568,2.31752812804337,-0.0812036670047607,0.168375685595445,0.410717081813204,0.754984361721107,0.17808270301158,-0.266071610099761,-0.669976599455373,-0.335795667852284,-0.689633313329075,-0.535370484166641,-1.0708633139837,-0.638485169067222,-0.197537875008362,-0.634921571646564,-0.395207581478779,-0.171899936367329,-0.160705124584535,-0.286133420987147,-1.02131562754891,1.07250905507548,2.32427319814055,2.83495097477502,2.22998344545997,2.61097626443993,-1.67569125919908,-0.591876097443265,0.176619896835469,1.03086848909208,1.12457572095557,1.30048075979263,1.34686939721338,-0.05071916528950616,0.030736889776499087,0.062352270523043915,-0.014731898116627576,-0.04346869412200592,0.016126466779588292,-0.09193279435532409,1.3520947492645703,-0.709272767722648,0.20569798701860265,0.10115843020504356,0.020410751479369486,-0.11172694688434283,0.1942828393106068,-0.04765660648869349,0.0664957282807733,-0.06958896687626615,0.28012456547393766,-0.09113832405999417,-0.0838857372876012,-0.038370249927006314,0.003611988660572315,0.129321121289793,-0.05197100584374923,-0.07606017637991172,0.029309943337243162,-0.01126720722965325,0.09915620672787388,-0.15813144514691008,0.025446036702118695,-0.14374096053712027,0.21826644392340647,-0.11112193996775468,-0.0035620456703667532,-0.014375840120954149,0.0991608524098748,-0.13848625726777952,0.04738218919371342,0.00892947634991965,0.04281441883139374,-2.0729646697388633,1.6446038044512978
36,-0.905535604300789,-0.700975901955662,2.60048811922199,6.95329446668802,11.8780649532675,16.8695662319184,2.04751389251293,2.31752812804337,3.42434811827957,0.976805256401399,1.05831431950128,1.12149376671891,1.17092689390956,0.791793662594814,0.450917829436188,0.172136789179813,0.228218881843876,0.250350545962151,0.527678024347076,-0.0677201333382596,0.37414939722061,0.603978801738159,-0.116139505233771,0.434886775062664,1.0637758539407,1.27806937654741,1.19355336729974,0.801391197722253,1.54360230309197,2.67538914968786,3.47794914283508,3.38149705570646,3.65185968722788,-1.54188295803885,0.637299054391057,1.47533324326079,2.32040771236759,3.17464408279436,4.06230004945762,4.68058389295751,0.04818476145968479,-0.26610893676059616,0.3208191278028737,-0.07049337075375621,-0.05074546557029607,0.0014098808091179184,-0.2826049472626158,-0.7084289814806718,1.5266473134685734,-0.30076272931497344,-0.12929175254365138,-0.06298089477426119,-0.015743013723390965,-0.03477275913304784,0.04288446899137536,-0.019399176707892953,-0.01773610067362748,-0.0004908204727741157,-0.10649010210208712,0.09696441279309127,-0.007395556502101466,-0.20960203399490052,0.096094455972492,0.11275086120022353,0.031574975259983276,-0.1988700649334684,0.12619863274127416,0.011895837366493408,0.060617906577553914,0.024210299871672374,-0.04616251949297565,-0.028371929121911003,0.03633376170358205,0.019138180493625832,-0.021607755467190782,-0.03328402139729471,-0.015569222476084919,0.1465260126957377,0.07002655504570991,-0.30147224518835525,-1.9690860215053765,1.847795475229758
37,0.5000438006418,-0.340241675319478,8.88188699004194,18.7821379915179,28.9236164564288,38.9821922184506,0.701571595167252,-0.0812036670047607,0.976805256401399,2.86972222222222,1.94370548720033,1.09449125484789,0.139861832232659,0.389007038262796,0.561766219964848,0.756885142499769,0.390892451652249,0.600701038700013,0.3094910363735,0.370501895478435,0.860730715838018,0.783730298600339,0.485403237718033,0.965292319348715,1.57239092022972,1.87690242864429,2.22598844482598,1.79854829758316,1.06362491681812,0.65144934882115,0.692577185134369,0.72821835749415,0.707266886748472,-0.94327885128771,1.52786422233592,2.8358134732798,4.02533138034291,2.82758539269428,1.69866018026523,1.039475487653,0.04817068406070298,0.011074749288820615,0.10702790053889616,-0.03590821872160056,-0.12781027484569807,0.06496839480591457,-0.04953317179444487,0.20672449583334848,-0.3027690424942793,2.3177139346382902,-1.8079742305854478,-0.12314477046198502,0.3119892770018492,0.09275474412434825,-0.03218926958189722,-0.03666658386653695,0.0975665524548731,-0.42495465292848156,0.10015736876654059,0.0958575703435637,0.034558868969564255,0.002418410964862394,-0.08713745009303116,-0.008532151091860313,0.019318977051454408,0.09083790666951161,-0.20337290668133517,-0.1655151794866862,0.013171512337722431,0.09840812898153205,-0.03974711376384329,0.20282828105507114,-0.17289440292214467,0.03316853861766535,0.047145173115791625,-0.08499455243273929,-0.09483798426354295,-0.004734922589842324,0.07403360100945804,0.16112525648024004,-2.583333333333333,1.6910713238128727
40,1.0843369244512,-0.225688357711766,4.66223044064442,9.83567875780627,15.2044694690366,20.6093548203128,0.780002198409455,0.168375685595445,1.05831431950128,1.94370548720033,2.02584901433692,2.12289639803397,2.06800399746268,1.45800542465857,0.667077365754543,-0.0815089363810071,-1.01086553786465,-1.13167625314768,-1.79443020775398,-1.93046840921738,-0.542333348721214,0.549076089085313,0.667097039167603,1.10839600403107,1.69854941625189,1.85499034616544,1.85819220769926,1.60324212148481,2.11445308558824,2.75182614719038,2.93226209763306,4.10889450012075,4.68023448584902,1.32438188920444,1.64440256173526,2.59185547488125,3.41830446097687,3.16746292906363,3.05757715653003,2.65208097951604,-0.1622178908718831,0.046151699216957505,0.05586341852485038,-0.01282532014201957,-0.02996400148568906,0.008468030695610258,0.028208295217436695,0.1038659190857999,-0.13021885755675375,-1.8124558884439144,4.095807052447018,-1.4081452339717593,-0.1228247413033419,-0.09730578156206192,-0.061131276193003806,0.021072516066454477,-0.0068824056680706815,-0.09333350296088193,0.025665296166168198,0.0472700029568837,0.07614246643002633,0.0433437956684101,-0.017203325841618034,0.02578898266916062,-0.022164218734696182,-0.005545141090745514,-0.03731571629272618,0.06351304411113448,0.04403119270373587,-0.011543433993725934,-0.05999600451553976,-0.014498936716588468,0.01933652964813073,0.007903465475774965,0.12212435729007486,-0.06975518134352253,-0.05913966335673587,0.013289247636068138,0.13980181190766813,-0.1482968272477151,-2.872311827956989,1.419805977708545
41,1.44691454548797,-0.200876255752254,0.103214062263375,0.23130972502208,0.642230225103174,1.19495819611246,1.04654627922217,0.410717081813204,1.12149376671891,1.09449125484789,2.12289639803397,3.51864695340502,4.69965730186398,3.01098249358472,1.01406904389218,-1.12225386601953,-2.76993418298618,-3.21115060307585,-4.22463633512387,-4.48268610179245,-1.99344932196407,0.482674147806874,1.18946843672366,1.66809752502178,2.27450093121144,2.28967542138628,1.96738013978031,2.01669660041572,3.75609479375247,5.06819300517232,4.95750179347588,8.02938704510108,9.85268434045887,5.8844875761845,5.33666931301766,5.31149640609717,5.15619407682547,5.31542589779901,5.67029258383229,4.89429600977442,-0.3627079951834618,0.20935617588124855,0.04651399841403637,-0.028970803115758843,0.005354609034835766,-0.0030444624284245996,0.03536289651093395,0.020802059860320993,-0.06308499284024248,-0.12156991032973145,-1.408654853527837,3.391166071718189,-0.91916708758754,-0.35026988655094193,-0.24667600405316784,0.40089019309249474,-0.15793332874499535,0.07107846631841995,-0.00418683380862204,0.014910804247917187,0.04613168024752724,0.12736862622678938,-0.03474839867202915,0.15060598432955397,-0.14019248664530806,-0.029539671033214872,0.05479711984667585,0.12792417485145746,-0.020209941113030868,-0.13584047887362982,0.21481654787376842,-0.2710923358946389,0.08992363285468183,0.02439359753000339,-0.028031030772242078,-0.01641655098611306,0.011734297200733905,0.018379121619250073,0.008029157328631496,-0.1342488056312736,-3.051075268817204,1.8731382632910516
42,1.61726926708965,-0.16992733495152,-4.37095348029141,-9.36527710391857,-14.03507014366,-18.4194865963991,1.56411639763649,0.754984361721107,1.17092689390956,0.139861832232659,2.06800399746268,4.69965730186398,7.93486559139785,4.72988012015132,1.13243360329651,-1.68424845646806,-4.28494441140851,-4.93657936362188,-6.11399972989247,-6.28897646718588,-2.45726458499021,1.64458886989071,3.17700247342102,3.85244679390402,4.34565815677891,3.99531404392474,3.21033812719603,3.48122880359432,6.28394943598563,7.9842235410961,7.15156346640844,12.0115767389699,14.8577242368145,10.222226366028,8.97356354419546,7.91187774843773,6.72277159049344,7.30538809810423,8.11690160067964,6.96025108943977,0.03752575777351685,0.3386646099723295,-0.23436923000449833,-0.06147335838060284,-0.02603943169399173,0.1029436804289835,0.09898318571621605,-0.10830336053695035,-0.014946163970973063,0.308111858024498,-0.1239501285917034,-0.9192995912227615,2.054589157729462,-1.263838999676514,0.6119491527721781,-0.04572751012617774,0.03210554929413521,0.06466632705584113,-0.03158836309023364,-0.0065280825650957065,0.0510995101197611,0.1692291424795887,-0.07679370174985843,-0.2928040046823201,-0.2380775108050341,-0.11138196300963289,0.35156858262598933,0.055772169874902446,-0.24447962125806058,-0.02208051105573263,-0.00262942090477805,0.041864630406734146,-0.04075282284140035,0.0018745144693867058,-0.08622348661802051,-0.012088648643875032,0.046795797657858455,0.09295307572273477,-0.17252677185700135,-0.02141421479010145,-3.185483870967742,2.8151137794763907
43,2.43598594425731,0.444535709437107,-5.03718550779658,-10.9298051714108,-15.7164676889205,-20.5042064121132,1.6115547198888,0.17808270301158,0.791793662594814,0.389007038262796,1.45800542465857,3.01098249358472,4.72988012015132,5.20844099431887,5.03579213205326,4.43549929621371,2.49368972845426,1.76483104397735,2.46479192288666,3.93148452041432,2.51071631390408,1.40464336259044,2.61569028191058,2.73480453308267,2.76094667475286,2.23830631243708,2.47503490233559,3.48993166971674,4.4360125533997,5.08888289147681,4.74860924583172,7.75386449142138,9.07484182035906,6.35089741729474,7.26472091939773,6.12262258021361,5.04000601596897,5.21098588965538,5.53562909601659,4.69674660186,0.11343590428759064,0.032719381712925426,-0.14348734003839475,0.006880290552805686,0.01861732036884858,0.01662373271422665,-0.05807547021823572,0.19094176839689428,-0.035865976634010206,0.08865633382782183,-0.09722200874543814,-0.35186674181478095,-1.264460093109844,2.880588499054573,-1.1787216654131671,-0.18747508936333443,0.03258319556624567,0.3935817623249194,-0.3090083850812414,-0.016755796549103075,-0.009036403627895885,0.019939568708339406,0.11563960248356435,0.042354969188077,0.01154793178959012,-0.004123835176733442,-0.08517407567974465,-0.0971376880342285,0.11721643696323807,-0.02407798151372385,-0.11688630799644933,0.04939125061031776,-0.015150687979032837,-0.013388347012717142,-0.011911849361037757,-0.006452937094162787,0.00521661946423801,-0.007326801236244638,-0.0324420738023364,0.08473010100473627,-2.6654377880184335,2.280008989964486
45,3.18029047567079,0.73661821410737,-6.52757891829167,-13.6796975462764,-18.5971657764373,-23.7845208767151,1.58155642527524,-0.266071610099761,0.450917829436188,0.561766219964848,0.667077365754543,1.01406904389218,1.13243360329651,5.03579213205326,8.70329418720893,10.6328964669534,9.42068088692207,8.6837482077595,11.024821750707,14.1934698374702,7.76894077809844,1.71849202271076,2.66358986315359,2.10037961767975,1.45689778762346,0.52917314224689,1.49491219428952,3.00041255078104,2.16206708269068,1.92322597992629,1.91616227656699,2.76057562556609,2.48230246888043,1.91803492308507,5.35171709850545,4.12370191846493,3.1437315492797,2.92880588183515,2.76146637434547,2.19288645071709,-0.1511443608191134,-0.2136375375561294,0.037367573602404544,0.15338172809655248,0.13366815377928268,-0.17044068626350992,-0.3149869296962961,-0.049911207148253874,0.04223164792919156,-0.03178885842788227,-0.061576103483153066,-0.2455128649850175,0.6133755403619349,-1.1801337354222878,1.6879488649330179,-0.5191630924196309,0.04277672615796236,0.14016398548632686,0.03783417702113208,-0.13442923176862065,-0.048247101351457884,0.012392954590399815,0.01943627401141637,0.026230277739103473,0.033834599605554044,0.06340863459518407,0.02123977789337317,-0.015571008710116555,0.11353661454106723,-0.17378117493857648,0.2976447392625354,0.02232781903803346,-0.1381223195259793,0.036633140892500464,-0.056285744245636316,0.013286274032721314,0.05231075938975732,-0.011003056435386542,-0.07798130932959474,0.06455471183700524,-2.064746543778801,2.9484392798918098
47,5.1644286827603,0.691714565114395,-7.51490565248445,-15.1183796979445,-19.545545636074,-24.7430299694056,1.23454328567674,-0.669976599455373,0.172136789179813,0.756885142499769,-0.0815089363810071,-1.12225386601953,-1.68424845646806,4.43549929621371,10.6328964669534,18.846890607856,18.3948160298744,17.9284234073771,22.1560737823201,27.1669766189835,15.6086120238333,4.41942762601893,5.28593263316611,4.27985704874782,2.98339665046554,1.76417653522158,3.42189920174857,5.20911712533582,2.63447206292742,1.39387397905491,1.63266999474932,-0.851134205742494,-5.58801968066738,-6.02745016366751,-1.60828491109999,-1.93939390482599,-1.78136380760666,-1.51100531449732,-1.29688995189981,-0.532444999873735,-0.2617232146426122,0.13135067378604343,0.09565180870796663,0.0784203382799831,-0.13893901425323274,0.04146221632851199,-0.02866405587496941,0.06805446373562368,-0.019373705744716706,-0.03309733036074248,0.020932575636148563,0.40002231168803803,-0.04734407974957114,-0.18704755735047143,-0.5201465567774674,1.395909115028995,-0.6687646820001558,-0.03986489093860069,0.2347781752090277,-0.16937404837698225,-0.03386375512223268,0.07407524913672443,-0.16322379936878645,-0.21668507951708618,0.12943918499153292,0.029149163868559543,-0.03915871711883403,-0.05536273040701852,-0.13302051899369205,0.2628529735416317,-0.2717941961635765,-0.0058555662219437875,0.09133519133933919,-0.02071564531321699,0.027822053818353818,-0.023450922493146745,-0.13911931334764707,0.15964856712501865,0.13102034658553208,-0.18089271486980607,-1.6817972350230415,4.340148684994104
48,0.782582927090655,-0.725587802619616,-7.01862413357407,-12.7130894055246,-16.4252996955114,-20.4764081550668,0.96846259325278,-0.335795667852284,0.228218881843876,0.390892451652249,-1.01086553786465,-2.76993418298618,-4.28494441140851,2.49368972845426,9.42068088692207,18.3948160298744,24.2128812205886,26.6212188845832,32.3109418334215,37.0875117220892,18.6756002997192,0.540516017477473,0.246052028084403,-0.154668712460646,-0.528423721419026,-1.44447711355918,-0.639653749841366,0.38627096461859,-1.04821683589551,-1.51564943018459,-2.28332884889274,-5.95556431292633,-9.43131171654316,-10.8291941941764,-8.71529994902657,-8.15848606421149,-7.05501134528292,-5.38343958794318,-3.91041588624331,-2.9399787767951,0.1602521884287162,-0.08152490048834644,0.04778699338856667,-0.04261262454916466,-0.04039794588355813,0.03841800388575712,0.05622689479008088,-0.06952218582076042,-0.018344896356081306,0.09415602899502139,-0.007701470948078823,-0.15546577737419973,0.033117351731196246,0.0332806513515669,0.042298168070190864,-0.6684627035458748,0.9908239578249272,-0.35623160209221955,-0.1349699375933668,0.09541727605484329,0.02067631706903211,-0.019446214661226043,-0.022728737474263908,0.16949657856087139,-0.1203442717803835,0.1617553783868555,-0.10366686959019478,0.05535302230239185,-0.015645166132958827,-0.06367180014306954,0.13119719861296436,0.03300482818204455,-0.051266255824953956,0.011785888214405713,0.01788302322019331,0.010836959276338026,0.028448926803153595,-0.09266702558533169,0.04372556929595494,0.022344458947012487,-0.9052995391705069,4.919642387469702
49,1.86646311298071,0.538664865342571,-3.96654109087483,-8.11360463968037,-11.5522889493457,-14.8070769993937,1.11687016160351,-0.689633313329075,0.250350545962151,0.600701038700013,-1.13167625314768,-3.21115060307585,-4.93657936362188,1.76483104397735,8.6837482077595,17.9284234073771,26.6212188845832,37.2033393801965,45.0619706966816,50.2194417228789,25.6045744550839,1.19717117272815,-0.206157733615412,0.529081733763747,1.20090509425711,0.604739811942235,-0.113363198188604,-0.656038554214828,-1.63060632126079,-0.112741252597901,-1.12806978609097,-4.77801332181781,-9.10978159129477,-13.0985967138025,-14.4878374068885,-14.0242616279539,-12.9545890865904,-8.43120375407993,-4.32332867769022,-4.19567034066125,-0.1487272456190388,-0.023568740027005267,0.043876988610912535,0.008789915719302271,0.0022272813013094876,-0.0016915730215851911,-0.07791755060385701,0.2814094703262677,-4.410212646956758e-05,-0.4328322470323392,-0.0967003652298186,0.06453664446148494,0.06424631587779668,0.3929791966849201,0.1405971285940793,-0.04150290307822463,-0.35563598397745905,2.01139828693248,-1.008091561735156,-0.29133676577055573,-0.07552058498685134,0.24827063839281083,0.08174515425596769,-0.12842562644445862,-0.08879521707698043,-0.3261170584923603,0.441610863720708,0.11419731106323243,-0.16030331430836156,-0.12308032841149623,-0.07300701930670313,0.20024829560867743,-0.12793318101566817,-0.01781375403802931,-0.014540618129689068,-0.0017604668911798595,0.15364187823028227,-0.05124910451897867,-0.1786805064505124,0.07955236585650723,-0.17619047619047637,6.09863422252856
50,2.03046734806541,0.777852572672204,-2.36115832085666,-5.29737901437198,-6.82129825038736,-8.12014796348292,1.37080051277185,-0.535370484166641,0.527678024347076,0.3094910363735,-1.79443020775398,-4.22463633512387,-6.11399972989247,2.46479192288666,11.024821750707,22.1560737823201,32.3109418334215,45.0619706966816,56.1833618852559,62.6573912605953,32.5857008822006,2.64031999414396,0.492097547528043,1.43193707520718,2.21172900363475,1.48347372868767,0.965886223587395,-0.0782174875319357,-2.66936188621836,-1.62748015515729,-3.26171049665225,-8.38365505241032,-15.1101577995373,-18.4783175609171,-15.6335129896667,-15.2553234088237,-14.0433093407805,-9.0086480012813,-4.50497145201802,-4.44371175829956,0.10451793891744146,0.01655775098542325,-0.1327989701312779,0.08231565737650848,0.022337347842051745,-0.0007573094096851534,-0.005181879589160218,-0.09065625912566809,-0.1080161834562734,0.10141355070652551,0.02533840737909243,-0.006118324179552471,-0.032544160602271326,-0.3066487371078447,0.0405441697062656,0.23388935042700928,-0.13443253136757197,-1.0073272553697759,1.9205091655151605,-0.5910913473173064,-0.5891110184896446,-0.5175909401792192,0.5827297180939656,0.24597980730158503,0.004801102508637165,-0.11856245541987208,-0.04358503093096684,-0.091932921916016,0.07494645251699343,0.12943054401163545,-0.01454753333999438,-0.16625844003094362,0.1281408384266633,0.015747742218216447,-0.009959161905568831,0.0001735216511873256,-0.008428616893039568,0.002508168960805747,0.07613654248460104,0.009441098629236738,0.4056067588325651,7.494889050897012
51,3.15397038079702,1.56723370839911,1.74330686654979,1.92282874359889,3.85608262325177,5.91540444773484,1.73022630309289,-1.0708633139837,-0.0677201333382596,0.370501895478435,-1.93046840921738,-4.48268610179245,-6.28897646718588,3.93148452041432,14.1934698374702,27.1669766189835,37.0875117220892,50.2194417228789,62.6573912605953,72.254587667325,37.7970904638283,3.30780326253436,2.08582101066608,2.69989169621304,3.01583355544861,1.84627837143394,1.95205108079648,1.25424579015083,-1.98831862583819,-1.34038701192227,-3.8297880934726,-9.15285668969126,-16.6108106500396,-19.3224509661418,-13.9496300718983,-13.7504373848912,-12.5123116810656,-7.75453084492786,-3.57686213043909,-3.59471862209289,0.046933907247350644,0.01624200572310675,0.02441547022251582,-0.08755618223426445,0.01027971043593127,0.008495698426634389,0.05620604070406565,-0.08657363183091793,0.09999341666112106,0.11009710341602735,0.04881775398063324,0.015767471487371322,-0.006636606602706723,-0.011112838493346282,-0.13773823606205673,-0.17238460241089018,0.09845461362663413,-0.28988478772885956,-0.5925252746620469,1.66368204611344,-1.676494336430898,1.021471258778158,-0.22890639967144058,-0.04276221991568816,0.03594796701658464,0.11235741815879981,-0.1080917364420461,0.013536985713887338,0.0439213907747525,-0.057065098318878384,0.06808683161017257,-0.026042438617738316,0.007480904778421741,0.004784883433816573,-0.001923166504793481,0.033386426200734835,-0.05685757936607851,0.027735665191443225,0.00796042018993952,-0.03514643054424084,0.34224270353302616,8.499681621527069
52,5.20022329465363,2.77169705468602,9.18471222582271,15.5650596165627,23.2117772874109,30.7805444051138,1.49227778851164,-0.638485169067222,0.37414939722061,0.860730715838018,-0.542333348721214,-1.99344932196407,-2.45726458499021,2.51071631390408,7.76894077809844,15.6086120238333,18.6756002997192,25.6045744550839,32.5857008822006,37.7970904638283,23.2108513642016,8.15668462560272,7.05877687957717,7.36727620500571,7.09036429594481,5.75649179322323,5.98441755507811,3.86513019016582,0.908073419531179,1.60357215388003,0.435851487232802,-1.9773209124062,-7.60870435558319,-10.2101017248252,-6.0185947011532,-5.98075523059774,-5.36904405407574,-2.57650199322069,-0.261238606323517,-0.770807405622448,-0.060976621148085275,0.06345899481759454,-0.01835379341000701,-0.0073947971314223745,-0.006574675116408613,-0.0119544029060283,0.04931458689692877,-0.03340446080935407,-0.006834969436429822,0.03628534134089837,0.07454053492729472,0.04418893710940687,0.04831647205068915,-0.009542484280610344,-0.05694458941006946,-0.034915102372286094,0.0249586548803357,-0.07587910254043775,-0.5978697896127753,-1.6764092736558978,4.566016657733192,-1.5382215968980606,-0.5295825127834815,-0.21093195989693525,-0.0013204120212586385,0.22442227507028287,-0.13753843139677,-0.025994103743491866,0.07798409593868195,-0.03680000719053149,0.010006850648866519,-0.021094106928432083,-0.0025160859545619676,-0.001218374861830322,-0.003022678818890013,0.00342773136630131,-0.03301775223583786,-0.004368662589290759,-0.018388768645816435,0.002072888035784956,-0.731490015360983,4.816726208141956
53,7.77349549883689,4.35175594215472,4.6216219779347,4.8383020540277,5.73107959355092,6.32676165827143,0.694923444948682,-0.197537875008362,0.603978801738159,0.783730298600339,0.549076089085313,0.482674147806874,1.64458886989071,1.40464336259044,1.71849202271076,4.41942762601893,0.540516017477473,1.19717117272815,2.64031999414396,3.30780326253436,8.15668462560272,12.9739061760905,12.496529071971,12.359045221654,11.3308021448011,9.7320681375758,10.08227853255,6.37129716649838,3.90201162711378,4.78642818097331,5.06352679293623,5.81989417560243,2.33961948402061,-0.288342991935906,2.05544945190664,1.86982822979201,1.79318108167921,2.3854664671229,2.62633533659093,1.59575929556621,-0.19315087263608305,0.17781960664082883,-0.1172401481949866,0.04240987795293047,-0.008043123977141103,-4.148009227353381e-05,0.01634335533209179,0.004844189044793339,-0.20990081455644602,0.003754658988614049,0.05525705100999057,0.12219890979489413,0.16323407804427845,0.018796153108645294,0.010787776445351251,0.07540145743545136,-0.01897071573937634,0.24755494742707027,-0.5168548319228076,1.0202219131814703,-1.5349730283200347,1.9903055472060043,-0.7088317758303944,-0.35064823494756925,-0.05019356249948209,0.22372721927439462,-0.07302476127832323,-0.06085221849799157,0.08299054328070714,-0.04384584544359323,0.0034739682623851245,-0.02874775809422245,-0.023112682670463885,-0.0019234954588386902,-0.0002828666249326569,0.0007054394538732877,0.004455479462373453,-0.0007130932703626304,-0.07807778785119185,0.05924957250963364,-1.956835637480799,3.6005424835836206
54,8.15828029048743,4.38342083736095,-4.62854354320419,-13.8906005152088,-22.196205309421,-30.8398621195874,0.380433011670231,-0.634921571646564,-0.116139505233771,0.485403237718033,0.667097039167603,1.18946843672366,3.17700247342102,2.61569028191058,2.66358986315359,5.28593263316611,0.246052028084403,-0.206157733615412,0.492097547528043,2.08582101066608,7.05877687957717,12.496529071971,14.0338186672518,13.7603544744038,12.476704976465,10.7221838159558,10.9492765443459,6.77027859536392,4.74977548642929,5.33917055280246,4.65492782256932,5.52404915290235,1.98706748748265,0.54842937358054,5.52547207306926,4.73556599224625,4.00255630488951,3.5454613300433,2.79040936954016,1.4709073423606,-0.0005978518795379431,0.015912685890918547,0.05681117393468207,-0.024129615974935445,-0.12644628098582125,0.10702958710474232,0.0055336219395756515,0.13324997991919066,0.09942846641903164,-0.09697925985023365,-0.018491133682698162,-0.03560973135142165,-0.08354829157567853,0.1297520852313076,0.023673669650458546,-0.1607989740421755,-0.024714145260046942,0.08082687069237678,0.5865102746172997,-0.2317123700528791,-0.5259737265162566,-0.7103354373827723,2.307674189683018,-1.4182154155305802,0.1982973384474702,0.034531178471048966,0.10730328900447068,0.07742161208188612,-0.06290492527610159,-0.03891984307014231,0.029899969471005223,-0.1155544923441836,0.060723167669972745,0.03392361347891648,-0.0714381864999579,-0.01380600262196902,0.054217120538157616,-0.05959095566681624,0.1386893383657049,-0.06918507291063943,-2.032642089093702,3.7448389374246593
55,8.07027050979091,4.69390893086681,-2.48473213141054,-9.59386000011254,-15.742622738563,-21.5368605042571,0.441824187138942,-0.395207581478779,0.434886775062664,0.965292319348715,1.10839600403107,1.66809752502178,3.85244679390402,2.73480453308267,2.10037961767975,4.27985704874782,-0.154668712460646,0.529081733763747,1.43193707520718,2.69989169621304,7.36727620500571,12.359045221654,13.7603544744038,15.6717065117564,16.4333604884786,15.7905816588827,16.1989084486306,9.28053670612752,5.76076901432057,5.4043738281405,2.33951926672785,2.91364096437697,-0.724135761992852,0.445103366738962,3.20231189296221,3.15525157687597,3.11756698175078,4.63798872215014,5.8497950788004,4.44722571075418,0.13078625066406793,-0.16045736089034174,-0.01337847224123595,0.041126228523387626,0.03029261399167075,-0.03452807018854729,-0.12286385637493456,-0.055277189463667234,0.11419577856714554,-0.0005895425663147751,0.02783021478149188,0.1509140929731178,-0.29109874924349544,0.03600484766683542,0.025309196613710346,-0.2150962304875758,0.1696188355249222,-0.12544965411332845,0.24578877777893138,-0.043029931361113875,-0.213713902802338,-0.35095185963090675,-1.4157620751554558,3.5390905142570444,-1.3882412881413337,-0.39483811693837856,0.117730454672857,-0.04956242704075179,0.026741945599635105,-0.023692659757186863,0.02682897920173339,0.1034751423450898,-0.07403981905850848,0.018364780015677307,0.027931910195038365,0.0007579466776594792,-0.0037181329847961416,-0.005323430560683391,0.023234593119277634,0.04803736769393835,-1.2631080389144904,3.9574873988120833
56,7.88808936261428,4.8891155674527,-0.176085530826018,-4.7559139081222,-8.43352379928977,-11.1222164242296,0.330335971149611,-0.171899936367329,1.0637758539407,1.57239092022972,1.69854941625189,2.27450093121144,4.34565815677891,2.76094667475286,1.45689778762346,2.98339665046554,-0.528423721419026,1.20090509425711,2.21172900363475,3.01583355544861,7.09036429594481,11.3308021448011,12.476704976465,16.4333604884786,19.5160690919139,20.2045040584751,20.9731755327183,11.4363360608812,6.56877563828439,5.35668766116266,0.161436739311568,0.579073117180977,-2.91929348783926,0.691931351209146,0.868523928971902,1.71360422098548,2.51599543303194,6.01815470217088,9.22237439822526,7.85361232958789,-0.051716064039621125,-0.21709773034936447,0.018301300554195595,0.05719852576253197,0.29098498468633993,-0.23065604123204592,-0.1524942609498644,-0.08083708750113873,0.031225028795337038,0.02205686343992206,-0.021534157245502842,-0.1403362998278954,-0.2359000043889077,0.003654135791659596,0.03354823564950805,0.12586120280627966,-0.11945057764391899,-0.08786288614064135,0.001364406332208491,0.039723325525489614,-0.0030878265620180516,-0.05323664629700843,0.19795741929911476,-1.3936347137869558,2.336635722764511,-0.8774057062890858,-0.12239953261347518,-0.09316148726391678,0.22675397670208497,-0.08157317069872447,0.10197223220903037,0.026979979588327516,-0.04219306754834221,-0.005752260711630671,0.09778529328044903,0.01088871999487066,-0.043250506117354565,-0.0028707237782829528,-0.013516563394011267,0.05735592959976669,-0.6080133128520225,4.416567569042043
