,Cov_0,Cov_1,Cov_2,Cov_3,Cov_4,Cov_5,Cov_6,Cov_7,Cov_8,Cov_9,Cov_11,Cov_12,Cov_13,Cov_15,Cov_17,Cov_19,Cov_40,Cov_42,Cov_43,Cov_44,Cov_45,Cov_46,Cov_47,Cov_48,Cov_49,Cov_50,Cov_51,Cov_58,Cov_59,Cov_60,Cov_61,Cov_62,Cov_63,Cov_64,Cov_65,Cov_67,Cov_68,Cov_69,Cov_70,Cov_71,C_0,C_1,C_2,C_3,C_4,C_5,C_6,C_7,C_8,C_9,C_11,C_12,C_13,C_15,C_17,C_19,C_40,C_42,C_43,C_44,C_45,C_46,C_47,C_48,C_49,C_50,C_51,C_58,C_59,C_60,C_61,C_62,C_63,C_64,C_65,C_67,C_68,C_69,C_70,C_71,Mean,Std
0,173.499267164836,169.577632061789,159.750971250554,142.827128474566,121.374282575885,100.406254240997,80.6851742617899,72.2266268890488,63.6054020157537,40.7883240640798,8.59597700815238,-5.88398781381076,-15.4425332795288,-20.8888569972097,-32.2377041469818,-23.1444686077189,-17.3064152983139,-11.7440586740727,-20.3055489468324,-19.3444412738115,-24.2503880712133,-23.6332984271466,-16.4515918835312,-16.8054519083009,-17.9599180953891,-21.1891292580357,-19.4590481489564,-16.6467406085889,-16.5447204617381,-12.2105278929876,-0.28701703926798,12.4054720651473,12.4627486252371,11.721070529447,-2.56197423218766,-3.4722618390411,-8.06411934539917,-4.15730111139517,-2.78232950933171,10.4516111012805,0.9043173232493342,-0.747650061923871,-0.0466784067100184,-0.1009703891825218,-0.05464424441201693,0.09484531838606752,-0.024680808904530834,-0.03774125278641255,0.0015237542001309296,0.05769937209302474,-0.12740566488771626,0.05299384290900781,0.09931993536554377,-0.001985662639395365,0.09724535007129169,-0.2011792864227782,-0.05576439317062829,0.1204401342314103,-0.1326469413897467,0.001131863939655993,0.018216424005368843,-0.11525540091073906,0.34626837862954557,-0.2026442231609094,-0.003645327457122415,0.06554599954450394,-0.03701212577481849,-0.1363909307941593,0.09625331777041558,0.16246972759419023,-0.22931076121359734,0.17985153127536907,-0.04760333668529767,0.0004984278518365344,0.12145862038666774,0.025410406860502582,-0.2219285623038352,0.1635217942740268,0.07465364520579842,-0.171819357829135,-4.111869850579528,13.171532453167162
1,169.577632061789,168.802632794904,161.215048983028,145.030937290738,123.887657911871,104.117419554819,84.1397423044777,74.0080363326122,65.0009650191976,42.0232260277343,7.67460072361962,-6.24105091080994,-15.5066505343222,-20.9256910428848,-31.8680976146399,-23.8246739989754,-19.0721767843878,-14.5925938212102,-23.7928374121306,-20.0915236421472,-24.1406683204257,-22.7095648807409,-14.417094719544,-14.7800183640303,-15.1934305280791,-17.9203262919698,-15.7855559055148,-12.6745736019597,-10.9571958477011,-5.90695648440371,6.50169189140635,20.3492158850412,20.4171317844736,16.889253526992,1.51479031927825,-0.167009563781426,-5.91272010378232,-3.66458083562396,-4.42346798547042,6.08804352927159,-0.75425973907481,1.3599335871360465,-0.7509690848968004,0.23327506469244172,-0.0876961405699387,0.16619848049193692,-0.05855345563233774,-0.05006743045724358,-0.0055236011455317,-0.01626695480737231,0.07662658827721683,0.00730189844509407,-0.057773026169069916,0.04883547361850876,-0.08163136076947314,0.12200273784591766,0.005101417958478974,-0.18063666407775517,0.24189110998496585,-0.033920211422129344,0.026708827345992024,0.10251347623815014,-0.2314868456597098,-0.009486807302140614,0.03921481618360071,0.055828824154664065,0.03040591449458183,0.07751316506332162,0.014075735756580533,-0.07580240527694519,0.08256597488558422,-0.1618709609788575,0.03739464722043592,0.05910452642712805,-0.006665822146636524,-0.11574864331147891,0.03635338695159688,0.1252924233506914,-0.05883476687098312,0.03524147197722968,-2.9115987059535446,12.992021890179506
2,159.750971250554,161.215048983028,159.668305683821,147.606948227893,130.599459598823,114.544510899727,94.7244427354662,83.1001800037285,73.2029343004078,48.9633563598777,10.5967574020078,-3.22997241989049,-12.6618180507785,-18.4235592923391,-29.4510796647737,-23.6035567691768,-21.1077299611925,-18.8211805834883,-27.7514017799771,-20.9226460914452,-24.2270207464235,-22.4150960673393,-13.6111638280407,-13.6823630360719,-12.2784574344506,-13.4855641949884,-10.0469538911402,-5.7869483154456,-2.172499261342,3.68633148452623,16.4175658530459,31.2505326769453,31.1924997120868,24.3244208315202,8.44929669565443,5.92705370843361,-1.06978262512224,-0.363520664621922,-3.13570658698158,4.44434846709,-0.03318298538632309,-0.7607780057572483,1.9907460177842196,-1.1524570387198318,-0.42664377384589924,0.05631769717170973,0.35393273570681844,0.14381982787846084,0.04112973187023156,-0.2036853039761072,0.08748597748265412,0.002697324935372867,0.032759624239763474,-0.05021676882131897,0.04105685678666786,0.019188609897853787,0.014512891927046254,0.03831808798363531,-0.080278939964416,0.09738670386840764,0.007052697995461326,-0.06378917722051311,-0.1551105178141866,0.30338031986971464,-0.013881998025480409,-0.1582351586975312,-0.019791651369839604,0.0475085835216325,-0.031858493618784886,-0.022738267062829637,0.029626022233322044,-0.020108323222613144,0.07498310472984206,-0.11931653667586949,-0.21726168144151622,0.11919526387819253,0.22744861636991395,-0.30335381140393325,0.04602029418872166,0.13986955475595966,-2.188516501419727,12.635596768013025
3,142.827128474566,145.030937290738,147.606948227893,143.324407115195,134.525378361786,125.497386962104,109.637770991861,96.1494248537237,84.3738696929187,57.3270791512835,14.1650468974848,0.391330134086187,-9.20895600526713,-15.0297338635498,-26.2865274106622,-23.1925962985343,-23.7508423325909,-24.4442653847847,-31.0039270609983,-19.8149985320004,-22.2289342027573,-20.2358562239829,-11.2407420006899,-11.5406385605466,-9.09196272980817,-9.72202274445632,-6.08752713409879,-1.81716142900406,2.54996162237357,9.3128169800027,22.3047783379154,37.9586271063163,38.3191732235579,27.5601222628596,12.3065265527654,9.32852893633723,1.65571797842838,1.10461051541737,-1.12520553332823,5.97738029132584,-0.1090608953268416,0.23972270607069449,-1.1592199103931302,1.1906088116834161,0.4371467354762042,-0.36670660493407303,-0.1899714162812459,-0.06834204042842285,-0.06249141896686304,0.11787548662203934,0.01884508844515039,-0.047058645093817165,-0.0404492222079679,-0.0005547708018757938,-0.02035666406152494,0.06046279850023711,-0.0659386983054073,0.005839933351912629,0.055033145346167,-0.032818866321603246,-0.006443989884296237,0.031093033767695427,-0.00835229746332359,-0.0631577968262842,-0.0022916493637584203,0.05754504365289022,0.02952750255959552,0.001313921906205001,-0.004115411913740039,-0.04935462318805492,0.07512335700852824,-0.09990208608140566,0.013502795698916907,0.059646466642814214,0.09615484002280456,-0.07035366756619463,-0.044936570568146685,0.07923093834058152,-0.029338542182074247,-0.02844028028092882,-1.990088674766094,11.971399547053597
4,121.374282575885,123.887657911871,130.599459598823,134.525378361786,168.704686550349,164.007887111853,148.548158594712,128.593243940803,111.728041873401,80.1147770375706,32.0942849040074,14.4407258551311,0.659531295973636,-9.60355289731792,-24.9071745528903,-27.5293841013964,-33.7396193156599,-38.9832346391255,-42.4263432359791,-24.820803787453,-29.7072158599149,-31.2940970218765,-21.4467060568208,-21.9124133661294,-17.8759956215734,-17.0646540363906,-12.1034301188906,-6.61182622854003,-2.26116471540198,5.16767848228425,18.4348766093257,35.14905360018,38.5886672353923,28.0871721343898,14.4223692226081,13.3399930437499,7.24213282210355,8.87115677466046,8.9901068460134,17.6978290560217,-0.05807786715755142,-0.08949335587893441,-0.41355694438542906,0.43349358936858295,1.067913972296252,-0.9002341099437745,-0.021848073970561814,-0.07622845891382392,0.08010977124718584,-0.035980432472233856,-0.020404183007643923,-0.05121000621470478,-0.05281445305021527,0.048735009449901584,0.00501124952840238,0.01678976809547667,0.11681698856147953,-0.08384933969615069,-0.031877788711199215,-0.006672250743735115,0.08361973254657619,-0.10140965611871254,0.08667858002398962,0.03797226049642077,-0.0698413841597941,-0.017921893039899148,0.04320815399753245,0.12237803351811434,-0.09982208460504709,0.05167983281415613,-0.006554877061087465,-0.0677538680565702,-0.005739267776006173,0.03752909054683025,0.11543578211422462,-0.018943729141869793,0.19756063555873032,-0.39165103839306115,-0.06848889725957968,0.12456350196816963,-0.8756696708309611,12.98825186660425
5,100.406254240997,104.117419554819,114.544510899727,125.497386962104,164.007887111853,167.241108957947,156.792113474566,136.515917565181,118.678607837955,85.1882675878611,32.6653415174887,16.3109867670557,3.62196108820193,-5.39343374251732,-19.6902248469442,-24.2758540212559,-32.8354668785021,-40.4545398858017,-42.3099334488938,-21.5630543791426,-25.1890701797292,-26.0544385278306,-16.1948321898066,-16.7249229162368,-11.7383102859906,-10.5334112471915,-5.6235316924554,-0.406651821223373,4.89214853797551,13.2313636152834,26.6721823744699,44.0202366983501,48.4174905440087,33.9313824849149,20.4963770802741,18.0934487099747,10.4762129055792,9.42649453718,8.87045078045646,15.7454877572063,0.09325687212980005,0.18668734364113804,0.03974599888975184,-0.37176403061070046,-0.9096981565899511,1.6404520081368308,-0.5902668750550802,-0.0657825595460706,-0.12970563412127145,0.13911623859926106,-0.08262725216648263,0.05572021986852899,0.04398756286298224,-0.054384963380700486,-0.02360504744832873,0.031177163603191924,0.010178861250131857,0.016406092094732615,0.05118409404395408,-0.13257577822988106,0.03643482310172004,0.16012640734754727,-0.08187078341235209,-0.2055065870970016,0.08068105016990175,0.12369079433814992,0.011209008541374159,-0.10355865134570298,-0.024844441598151464,-0.051828457753089426,0.09390663427240654,0.16775671440419387,-0.1568343759375186,-0.010325183751584416,0.001713972797662148,0.018686197477811976,0.005227417125536626,-0.01671219051821034,-0.023385709575224383,0.031496149683237204,-1.0542614195840005,12.931786765870624
6,80.6851742617899,84.1397423044777,94.7244427354662,109.637770991861,148.548158594712,156.792113474566,153.162246703198,133.302796717113,116.619178455705,84.2272786365145,31.7474665642578,17.1227996483743,5.95208969909766,-1.61200272129306,-14.3690273195836,-19.5282445416624,-28.7601285695137,-37.106163248201,-37.2372598772254,-16.2210855659441,-17.9040038646059,-17.6928221576185,-10.0711087348979,-11.0057860288046,-5.95997909695606,-4.97173406852298,-0.696256597372571,3.77098110971262,9.07547156815686,17.8286254432464,31.1516445179992,47.7195552575109,51.855230492588,35.145395760294,22.9364684171607,20.276421025818,12.2596315588815,8.28780533111338,6.97087679749086,12.1543209268931,-0.025412508076405917,-0.06377487576944864,0.35234730405675785,-0.1764469184650883,-0.023109071684896027,-0.5904261175856691,0.8168375020405796,-0.09051831053503774,0.004529059553503347,-0.18974106774011787,0.1373652090095226,0.02253954028028651,0.007463535452761806,0.03969268359802241,-0.00047297753518822845,-0.031870629980246125,-0.06086036800959648,-0.018583169651089256,0.11919509809964986,0.19915077878469048,-0.06990135575738911,-0.11728384239342153,-0.07467639168002482,0.16328702192817832,0.008315440044480213,-0.03672868320945795,-0.011680818283741328,-0.006301916938662307,0.16456800157879709,0.0605996760916189,-0.155973455673952,-0.17535913179466758,0.1979539142664802,-0.023661859675482757,-0.053989736575352845,-0.01325437445227884,-0.17875894329533495,0.2934034398761666,0.0464057009465031,-0.10437985045885906,-0.40059510382091007,12.375469554857228
7,72.2266268890488,74.0080363326122,83.1001800037285,96.1494248537237,128.593243940803,136.515917565181,133.302796717113,133.58642894251,114.614601990593,81.3232185285958,28.5679099942011,17.1572322676124,8.7337808467201,3.39181593438604,-6.39036432007531,-9.5889460147323,-16.702292363739,-22.9601170051359,-19.589555258842,-2.78792114225085,-9.05966299662196,-12.6251970297364,-10.1621316400488,-10.4884973441944,-4.72921343537501,-3.02503290748026,1.76250539784622,6.65095466482141,13.0387031945708,23.4982972326556,37.9127632931636,55.0283268826624,60.8732260467864,44.5243493602867,33.5063252322469,26.1099380336774,13.605425955267,10.6333645705616,10.4171438953444,16.2175332216549,-0.040009143224969214,-0.04640289104854871,0.13452298846640878,-0.0727397748845539,-0.07188989330637216,-0.06035426102441843,-0.0884920571258408,0.5324215352124282,-0.2807270500465986,0.02924612585413835,0.2889361060619894,-0.2763925583690871,-0.03326465854844749,-0.185084645236371,0.13314769139906288,0.012194342950180846,0.06938279061305395,0.12080244351230877,-0.17122225468685986,-0.0367533953119264,-0.020570797008309917,0.027930090815899332,0.006732170815075597,-0.031524228218448504,0.10557032954210036,0.011257597183581986,0.002389641313761034,-0.15198160181255183,-0.08463253747658386,0.03322330243454686,0.09427792868587638,0.031144976198433323,0.006517517343632447,-0.10354340322833583,-0.10185044489496073,-0.030991502446743025,0.0269350169929072,0.16531319382581353,0.046952825135567214,-0.08145752439561543,1.3116733624798143,11.557526938861553
8,63.6054020157537,65.0009650191976,73.2029343004078,84.3738696929187,111.728041873401,118.678607837955,116.619178455705,114.614601990593,111.944941680275,85.2347489326076,37.3314062982909,24.1660589044592,16.4413703417392,11.8795186654768,2.76690166775213,-2.20822681819468,-9.33975863358008,-15.6523807933484,-16.8012307731184,-4.60327905631276,-8.97491280129704,-11.0987077727984,-8.63186096322658,-7.94018900344615,-2.04342392993941,-0.505634451884638,3.53802623853863,7.7889877504801,13.0206789263243,22.2395824921479,34.2985452510466,48.3067854722605,54.0983188539713,33.4481415978802,24.1073591266661,20.1691497548343,11.7573008376031,7.82688062017094,6.60302216009001,10.3691726177573,0.007769690250909613,-0.012440789850760197,0.04671089884056075,-0.05805983486014382,0.07790631008242199,-0.13489245671544514,0.004597028154774797,-0.2821795866062504,0.8950955913883802,-0.6158478360807558,-0.36723882997758767,0.42817154920509204,0.035503775620503435,0.24677990907721906,-0.277159838033863,-0.026672821289324248,-0.048018331852046944,-0.03984564834571539,0.07456656189417671,0.030779116745328555,-0.01287869179658065,-0.04078901133749795,0.15780633309522976,0.09979243401463746,-0.34639355127049853,0.046643010936146166,0.07836453118295292,0.1773677126264933,-0.033327145110096906,-0.04774547694858362,-0.03293918529505663,-0.062367394508482644,0.12363820471481758,-0.02430129072343661,-0.0427908500230547,-0.0726710173848507,0.08740965589279098,0.05637767616563627,0.0887327915454128,-0.10254042854309765,1.596264130135098,10.579931081073989
9,40.7883240640798,42.0232260277343,48.9633563598777,57.3270791512835,80.1147770375706,85.1882675878611,84.2272786365145,81.3232185285958,85.2347489326076,73.7539697770638,37.2333072746449,27.5896362570326,21.8612699222672,19.7019464601792,12.4099432745048,5.4104988801577,-2.18224026153317,-9.05435147284232,-14.4695940155279,-8.15046223772593,-9.53626490652199,-9.89085217031769,-7.33946432779974,-5.32870228622341,0.343328420113646,4.40174949557851,10.2482584529222,16.2488053426628,19.1610287599927,25.3569395582791,32.8664912556634,41.3214552776059,47.0617469633373,20.2714001114144,15.9993213796041,17.1884111383249,14.499032263588,9.40281229472436,6.80650518723559,5.38408850819982,0.05248135441524754,-0.010795447782640957,-0.20399893979504352,0.11646279598122507,-0.03175296207171036,0.13878134907977419,-0.19001720607104602,0.02690446575162609,-0.6105016534487236,1.104785061398977,-0.24573532634226786,-0.22194961779463473,-0.05164268022890181,-0.11353317014702748,0.1379765207780634,-0.02226603188483071,-0.0015655265341085786,0.04615873143316637,-0.13370405101873498,-0.2205981294603375,0.12426575173460777,0.14164540820480137,-0.19766965511510268,-0.023495984801913915,0.22913485492115382,-0.16862572820592042,-0.1457550968599453,-0.07155623852462091,0.05716305591929436,-0.06422512932107538,0.0356098416886532,0.19994425682847752,-0.3311696974828762,0.14478182548900903,0.17459012595112133,0.10164408928518856,-0.2159081478336482,-0.1026405852853348,-0.09526987622175472,0.12347971914902692,0.7069685690653434,8.58743091832847
11,8.59597700815238,7.67460072361962,10.5967574020078,14.1650468974848,32.0942849040074,32.6653415174887,31.7474665642578,28.5679099942011,37.3314062982909,37.2333072746449,53.8431034159756,47.0053373882471,42.6557009570365,42.9439870610195,36.5953817862057,24.9775881454554,13.8697717817739,3.30861004427309,-10.8852712326912,-17.3436658279963,-17.5345822414693,-20.5064646664239,-22.3599414710484,-24.4744407181102,-25.5446188202356,-25.8597132347144,-25.5050243672973,-25.2611072043515,-32.3170744411809,-37.4868584044943,-43.575844411074,-50.0141644946624,-51.3151133143828,-26.4530455789952,-21.3965205762423,-13.2602546009473,-8.04194228679417,-11.1836756039889,-16.7568689132874,-25.6891804596982,-0.14566444372411103,0.10460413535727961,0.07218968938571144,0.012799338884003982,-0.022197794149051042,-0.0748262134457005,0.12642897524955032,0.2912521080312451,-0.3689344680224129,-0.22441752205949755,1.4878761382275358,-1.0901523812809968,-0.24605334836284853,-0.36356661975120097,0.5281733188907913,0.13144030288382225,0.08000093498052428,-0.04868991686897107,0.06011107291721606,0.2025991960728861,-0.20304329382855082,-0.08641284000759379,0.08555684720543265,-0.17470923477930198,0.2638412296540908,0.09372234667189941,0.018724946962993677,-0.1387952203003952,-0.12277884879109148,0.2779382737346923,0.0063366312811844894,-0.19780702608346984,0.16701376919980068,-0.06157753937527263,-0.16264943049765174,-0.003391089908852159,0.12383965814475607,0.01711953892091674,0.065345881684398,-0.029700611892234385,-1.8454094292803969,7.337104566242438
12,-5.88398781381076,-6.24105091080994,-3.22997241989049,0.391330134086187,14.4407258551311,16.3109867670557,17.1227996483743,17.1572322676124,24.1660589044592,27.5896362570326,47.0053373882471,52.9738378037372,59.6487717962974,70.7511838960023,75.5475436107486,57.7690526987577,40.3647256064996,23.4719445547254,2.64250487976283,-14.9730716203292,-16.414370156706,-20.2343398081686,-22.458295796978,-24.9825263248304,-26.8547242477404,-27.8905931821962,-27.8087284133372,-27.5401525374626,-34.983801036277,-40.3977855607083,-47.5414063092481,-54.9916825277844,-54.0281256338973,-27.4578129329522,-21.8037808146256,-13.2898225203563,-7.72948278983489,-8.63413385867533,-11.6981914239557,-27.2110236211345,0.0633478190816266,-0.0015705040201753153,0.004512680793827103,-0.036782401914343225,-0.05803324095935043,0.07442325919602062,0.0006139226963230764,-0.2781785049117262,0.43190439981899054,-0.17886676620920464,-1.1232973836733076,2.9884773763621637,-1.830041760822353,-0.23989368912348108,0.30692988782738667,0.05215501567331443,0.011135377695824886,-0.03860653597592752,0.018838689419346785,0.01238007999858463,0.05935761721810386,-0.0062096836718019575,0.0005427060319888605,0.1306300142900382,-0.1937968346814366,-0.013113483579946959,0.019660104926548464,0.11524548270900478,0.1651609990788989,-0.29105924235111513,-0.027191416414928195,0.13761594267704222,-0.011137848129045634,0.015050808637543291,0.05926741891444805,-0.014974126167339665,-0.0893508944567358,-0.00023256367378823926,0.13513547881883772,-0.07777303270066753,-0.8197536334633105,7.277625835651158
13,-15.4425332795288,-15.5066505343222,-12.6618180507785,-9.20895600526713,0.659531295973636,3.62196108820193,5.95208969909766,8.7337808467201,16.4413703417392,21.8612699222672,42.6557009570365,59.6487717962974,77.2689003998876,99.018296527318,114.792306495696,90.8111691766287,67.1003991648304,43.8811776029915,16.2957141491802,-12.4367661159165,-15.3966449571303,-20.2981275197757,-23.0799138589526,-26.2860408296558,-29.0954395270549,-31.0241187975065,-31.3549226989861,-31.2163308662558,-39.4574790794069,-45.4177513090722,-52.8737036193913,-60.5773284991046,-57.6831250866748,-29.7966640085043,-23.9949756197383,-15.4502973595652,-9.77796633464905,-8.16455354836322,-8.41423864121861,-30.0916635397298,0.13070925222990035,-0.10062718481032028,0.03127038761733816,-0.03854751065956746,-0.03721996029624382,0.027449562034156084,-0.00368574219359562,-0.03935240434913037,0.041587935455547856,-0.03394707781348397,-0.25667711640894514,-1.8557931810090713,3.2218205479509985,0.4697642618117064,-1.2160158088860333,-0.27114693029780523,-0.07404871580794212,0.05361074152351258,0.02024775582934385,-0.03575030081390377,0.026217704474594337,0.005440264449878041,0.00517680269030176,0.1431463002020945,-0.14633413656358177,0.02462210962426182,-0.004550636249010074,0.027518030162102507,0.045835340137029036,-0.04409976497559681,-0.011723306479251122,0.006976283811788725,0.02186942403133031,0.0036024676863514633,0.07717844570238243,-0.05060539366465882,0.01511999692082119,-0.01962645796635811,-0.1009863984213323,0.06209071082709264,0.28439678600968865,8.78970422709932
15,-20.8888569972097,-20.9256910428848,-18.4235592923391,-15.0297338635498,-9.60355289731792,-5.39343374251732,-1.61200272129306,3.39181593438604,11.8795186654768,19.7019464601792,42.9439870610195,70.7511838960023,99.018296527318,134.798150682613,159.746331336091,128.110421850062,96.6593082013024,65.6965874391112,28.955418170616,-12.8853831082733,-16.3080061919094,-21.3158974975662,-23.6356640997062,-26.7858264295118,-31.3703017734792,-35.0118547871489,-36.4391728273016,-37.0929894386655,-46.607179590419,-53.4840140847604,-61.3899400063672,-69.4737613979849,-64.176717251268,-33.8156751982139,-27.540514830005,-18.0576014123745,-11.5453668812831,-8.66768488293477,-7.30836326079299,-36.3436213567884,0.010013526557228458,0.03631104453325815,-0.04206710157978245,0.0018370835074131592,0.04182830996131613,-0.06156523968279486,0.040710086388048454,-0.1855235456236615,0.24475942133187062,-0.10183855230792639,-0.36654308225670956,-0.24007393840044242,0.4704970566103029,1.2179844315404307,-0.9177810659583944,-0.13857948705902975,-0.07933248381329984,-0.04253669144200729,0.11764716814621179,0.04910943189618004,-0.019151932859472105,-0.0559315599773355,0.18587292535580743,-0.15883817133932315,-7.96658632757303e-05,-0.06544601720083086,-0.0071409261061730865,0.16318154706526666,0.050935337740748245,-0.06623429213564838,-0.026058933064537906,0.02069535000737437,-0.042644688185130106,0.09679560991805931,-0.03944273220976828,0.07448260852962113,-0.1465352271396668,-0.06587734448403429,0.18822349655586396,-0.08916650456711604,1.7312891409665596,11.609829916179347
17,-32.2377041469818,-31.8680976146399,-29.4510796647737,-26.2865274106622,-24.9071745528903,-19.6902248469442,-14.3690273195836,-6.39036432007531,2.76690166775213,12.4099432745048,36.5953817862057,75.5475436107486,114.792306495696,159.746331336091,196.554688542614,159.316254426212,122.165829444109,85.4759980622248,43.061141265508,-9.06114324509916,-14.4549225725201,-20.9664198219095,-24.2895307628971,-28.4451603986075,-33.6075181975972,-37.7716162082984,-39.3052569841449,-39.7973730838461,-49.9148807329679,-57.1854613719159,-65.3363670932572,-73.6115920911207,-66.6130953483886,-35.4197685524421,-29.1312732980414,-20.0110059936577,-13.7248874868093,-7.76623348380539,-3.05933072704954,-37.7745587695579,0.08638197832193081,-0.07535942833742174,0.00977798759848535,-0.01818797569981641,0.01677281274106848,-0.011928892468585474,0.0005142713293294262,0.1192111253513753,-0.2607686211020994,0.12979727333199625,0.52222486615332,0.2853003899489686,-1.2359201287697248,-0.9294968411502514,2.046077075253794,-0.7292078681245825,-0.2795770526411415,0.1986392356326512,0.060818055740081554,-0.046069500833213824,-0.0017371088174182446,-0.022610677053499353,0.09645711365907408,0.021385583803936344,-0.049963959287148176,-0.04089030748575576,-0.0954192823149816,0.015682130167974456,0.01526703844686989,0.192126943751173,-0.004529252018733175,-0.15428058977298853,0.02368738048974894,0.04831889794057605,0.08501512680759371,-0.00862664189415071,0.16327731841796955,-0.058441243335981906,-0.5206003644423595,0.3526204127910983,2.686246012052464,14.019439665786003
19,-23.1444686077189,-23.8246739989754,-23.6035567691768,-23.1925962985343,-27.5293841013964,-24.2758540212559,-19.5282445416624,-9.5889460147323,-2.20822681819468,5.4104988801577,24.9775881454554,57.7690526987577,90.8111691766287,128.110421850062,159.316254426212,133.246580268441,106.803682061872,80.7700230976149,46.1941535617468,-0.338905952040591,-5.12654353292594,-10.1247719614107,-14.6715515587742,-19.2478564482007,-25.0770061649973,-30.240862583519,-32.466484010227,-33.5792163205125,-41.4275174022319,-46.8243630171897,-53.2197796600228,-59.9123210778089,-53.3281666586758,-25.1137638295379,-20.3038867931772,-14.4814061661264,-11.3074072345722,-6.80554814053935,-3.36017645308579,-30.4092243859785,-0.20703994378333346,0.1395119297983354,0.021282104763021375,0.05673799102767259,0.003870398169250419,0.017208113108261456,-0.03412371563540333,0.020066984547201655,-0.03958326139858527,0.014511343402864862,0.12797798526877768,0.08434188197100337,-0.2539805589003747,-0.14152411073553917,-0.7491658866896086,2.1471404224577744,-1.4639552582599868,0.42243574770007297,-0.0498239833254428,0.057973822276686786,0.0234025102352342,0.047552846029151274,-0.290545563415922,0.029960368056675218,0.15758439577998065,0.041258322480771416,0.044352785646206636,-0.04392174170398857,-0.055473914310779644,-0.02881727107539298,-0.03891314509285055,0.04619599895925415,0.022783575305279094,-0.10145535071265208,-0.09760747732517515,0.027615359256887812,0.11049162820343222,-0.0031251292760093004,-0.023180803995540372,0.017537562321164452,2.592815786364174,11.542815092880966
40,-17.3064152983139,-19.0721767843878,-21.1077299611925,-23.7508423325909,-33.7396193156599,-32.8354668785021,-28.7601285695137,-16.702292363739,-9.33975863358008,-2.18224026153317,13.8697717817739,40.3647256064996,67.1003991648304,96.6593082013024,122.165829444109,106.803682061872,92.3537848974715,78.1546410639707,50.6972628124234,8.70072361014557,4.12082611572919,0.299538949753946,-5.77193252174641,-10.3440741402182,-16.5034154720343,-22.3350109019737,-25.0785963960748,-26.570241811793,-32.6750140865232,-36.7889367383682,-42.1302155455681,-48.0251870962312,-42.28754646116,-17.822727648612,-13.3417462555709,-10.0505695225936,-9.11785092339643,-6.10932796780562,-4.06897271719558,-23.602785061079,-0.04924206340161516,0.023451981253870477,0.01488002290276423,-0.02619822934461437,0.14711626992922378,0.011497946315126507,-0.0815791112700362,0.0827565175789107,-0.07028409027313115,0.0030946751759112967,0.07422927498154308,0.014209824643923735,-0.06998428241085286,-0.08037051143468925,-0.271193452334648,-1.4854630388663321,3.8534673298288613,-1.745213382268121,-0.22317187131952648,0.011733567755251514,0.01129925287620824,0.011363187837669986,-0.047579867814675415,0.0171886439345511,0.02164757814630842,0.07770218267493384,0.1400555801345767,-0.13742230918197498,-0.1264405885156993,-0.023654072250789925,0.06942036208581195,0.1716189624526851,-0.11244661506965449,-0.04328240393230799,-0.02772354022640745,0.0009647266212952668,-0.03846470684291323,0.03494518044734993,0.12090564975616945,-0.06005465970533989,2.2703533026113676,9.609567362658504
42,-11.7440586740727,-14.5925938212102,-18.8211805834883,-24.4442653847847,-38.9832346391255,-40.4545398858017,-37.106163248201,-22.9601170051359,-15.6523807933484,-9.05435147284232,3.30861004427309,23.4719445547254,43.8811776029915,65.6965874391112,85.4759980622248,80.7700230976149,78.1546410639707,75.9082638888889,55.500573379507,17.9370222073702,13.6708527024505,11.1460801144933,3.5201240589304,-1.06592352786389,-7.59722945589913,-14.1618033247074,-17.4668681060742,-19.3875814588464,-23.6690419344081,-26.4856080908536,-30.7497259584662,-35.8060690447358,-30.904346082226,-10.3277482128877,-6.17516976319374,-5.4595806763955,-6.83687515349415,-5.09220567666019,-4.26611495337102,-16.1106363119625,0.12362733815949778,-0.19300737645110297,-0.011753129416170257,0.010651757444932314,-0.07883908393779353,0.025156701177839455,-0.021633755356154766,0.11380314900977487,-0.01718705815976576,0.03540088727637753,-0.052807941039405816,-0.054723070838743317,0.047195399655957156,-0.04171729040604245,0.17709419286580558,0.41808572263077476,-1.7467670808110825,1.3940569802809701,-0.30281304065371933,-0.03678392487199371,0.006090932780300857,0.021356383554972488,0.0841327772921742,-0.002813700437153336,-0.1042882305612599,0.0615501519392616,0.015685538081621434,-0.15281402668833158,-0.059580681917419394,-0.02290265387734348,0.11430735939619803,0.09822055130843477,-0.044131704459367774,-0.052895127422988616,-0.011140013071275288,-0.0010531436612789178,-0.07533483085087503,0.08655886876701682,0.16743512778210135,-0.15562640124464475,1.9166666666666663,8.711960966905721
43,-20.3055489468324,-23.7928374121306,-27.7514017799771,-31.0039270609983,-42.4263432359791,-42.3099334488938,-37.2372598772254,-19.589555258842,-16.8012307731184,-14.4695940155279,-10.8852712326912,2.64250487976283,16.2957141491802,28.955418170616,43.061141265508,46.1941535617468,50.6972628124234,55.500573379507,63.5261360422305,47.9923200076336,43.1180667234684,41.0556110780948,25.6033923609505,16.5921588254258,6.55420557663207,-4.36317637314231,-13.269715428686,-21.314640239743,-20.8073137342107,-16.6076720417605,-12.0705025220245,-9.15117023074732,-6.13560967612644,4.29044430917931,8.57587085760247,3.69392021198603,-2.70627134489754,-2.60946555025876,-2.00687185357248,-6.44573238506906,-0.13906950952221817,0.24441587687271404,-0.07531840975915233,0.05305436259088749,-0.05139086145569708,0.046754358681813595,0.11467230172762238,-0.16987713520688558,0.06899045196361286,-0.12976859253937884,0.07514242107899047,0.028372718184285352,0.024662965241534492,0.11739002835893975,0.06552828294259903,-0.03814266529654782,-0.2194373973580472,-0.30172514402889083,0.7209764921029668,-0.0662907176192465,-0.07095918853111187,-0.03644325787884295,0.03519946224671159,-0.15063445561560584,0.045041372961622216,0.03279332418720008,-0.012081401365275373,0.11078656405777239,0.14638530041460376,0.03350428298382183,-0.09435145374628293,-0.2541560734083584,0.15142062608640297,0.06285976302259547,0.018747147188122728,-0.06721886685777022,0.12115561327909032,-0.09105731154290835,-0.06606927399059821,0.05873358980183702,-1.1283922171018945,7.969701126280115
44,-19.3444412738115,-20.0915236421472,-20.9226460914452,-19.8149985320004,-24.820803787453,-21.5630543791426,-16.2210855659441,-2.78792114225085,-4.60327905631276,-8.15046223772593,-17.3436658279963,-14.9730716203292,-12.4367661159165,-12.8853831082733,-9.06114324509916,-0.338905952040591,8.70072361014557,17.9370222073702,47.9923200076336,72.8944313591626,67.9661456561046,66.7606577862415,43.369510951214,28.8869729797092,19.085731633432,7.23832876343234,-4.13677509267727,-15.380157656207,-9.4984022054722,1.63667639884268,14.4253295486947,24.5094087620923,26.0406628320213,24.4603670974077,28.3930220225093,19.6484123824543,8.50822568475973,2.64149955324335,-1.55237199531673,-1.70233807000099,-0.013683844287711645,-0.03415151607815793,0.13747777815165577,-0.019646163331821318,-0.0026089337724100547,-0.14336092215291044,0.2064234699952273,-0.029729745709020275,0.017475662077550774,-0.22132613441174437,0.2405823322803197,0.048813633570784644,-0.0032000245113281024,0.06512272213754772,-0.03392733679410888,0.07937935559328674,0.019263380036398745,-0.03907228322159668,-0.06190961510569777,0.8696636106393337,-1.0235564948292786,0.2620468871737294,0.06582141296582529,0.057564260449786374,0.0031704987283166313,-0.045841188359775416,0.009363356870042234,0.06884312431666531,0.0982164752996665,-0.019133057244246035,-0.04657659478512124,-0.04458981916966826,0.08771717005942158,-0.01805464249293837,-0.15703950473173847,0.141046978794261,-0.08443189778082598,0.04845060160677909,-0.03589604810190257,0.03177903045003388,-5.515616999487967,8.537237923307664
45,-24.2503880712133,-24.1406683204257,-24.2270207464235,-22.2289342027573,-29.7072158599149,-25.1890701797292,-17.9040038646059,-9.05966299662196,-8.97491280129704,-9.53626490652199,-17.5345822414693,-16.414370156706,-15.3966449571303,-16.3080061919094,-14.4549225725201,-5.12654353292594,4.12082611572919,13.6708527024505,43.1180667234684,67.9661456561046,71.0767961987662,76.692332976821,55.1737346921264,41.2979351590499,30.8902116207116,18.7480370158935,6.6236614113798,-5.54232995520371,0.714723143264912,9.95727715244576,20.6388784945636,28.5050001468589,28.483007823187,22.1531183985972,26.1024597079398,20.2196083398503,9.82889963607012,1.36823720012708,-4.86227239430294,-5.947220177119,0.015994817686416446,0.028659906135214134,0.007190169999757757,-0.03329314283027157,0.07592819041474369,0.03293430214752805,-0.05952282387002829,-0.012379784282293561,-0.013610104866025128,0.12246076186456649,-0.20792836490057096,-0.0031423018876246137,-0.010748276803389066,-0.03821258587352661,-0.005347028265535753,0.02964043159837217,0.03263646327473875,0.008261066861977659,-0.06508485288553716,-1.0154855615266989,2.7936989599587903,-1.5807401906778258,-0.14016557304705776,0.22213047521529256,0.09911800192093877,0.018249598329535408,0.053539454606185144,-0.000880675594683712,-0.04397082792362547,0.12800518363959743,-0.054814728982785645,-0.12930065335387697,-0.02281202444951149,0.056972647308328114,-0.0018379142184618135,-0.12350599593869627,0.10063864197629963,0.018756461457156186,-0.00367790456129741,-0.013438940141290713,-4.609831029185868,8.430112466555014
46,-23.6332984271466,-22.7095648807409,-22.4150960673393,-20.2358562239829,-31.2940970218765,-26.0544385278306,-17.6928221576185,-12.6251970297364,-11.0987077727984,-9.89085217031769,-20.5064646664239,-20.2343398081686,-20.2981275197757,-21.3158974975662,-20.9664198219095,-10.1247719614107,0.299538949753946,11.1460801144933,41.0556110780948,66.7606577862415,76.692332976821,89.750062500508,70.6437224024755,57.1637836933232,45.4902521823311,31.7667043987513,17.645168432526,3.3923274185437,10.2486104480424,17.8646647941286,26.9580594464559,33.1965674487926,31.6712667765211,21.4484983339656,25.0531954816614,21.7398657638855,11.662706938929,0.200500767280359,-8.44714053300347,-10.1646693328442,-0.11780389034544786,0.10438585296448015,-0.06426886019244063,0.039391265645584185,-0.09830401454778323,0.1629785040995562,-0.12466332050224589,0.03082688988887585,-0.0543630163172143,0.1534385385253101,-0.0874375868023282,-0.032421102874157434,-0.01869981167646277,-0.06176815202478932,-0.02449442145505507,0.018999309394829026,0.005750795312021174,0.00878298756535874,-0.043405960974372035,0.26774628515237386,-1.580857941641345,1.722396773784321,-0.6524431835962105,0.017232057884208587,-0.026618778495451034,-0.05172648113978316,-0.03328311123324937,-0.013154423063437184,0.014434784341962747,-0.046347157879702346,-0.2237796641946622,0.21882734890017108,0.0016438280512170909,-0.059688127960249394,0.1730515570395311,-0.13691556517993467,0.030039655123730625,-0.04670039668112206,0.02275731301321185,0.03776138145083061,-3.3330773169482844,9.473123165065891
47,-16.4515918835312,-14.417094719544,-13.6111638280407,-11.2407420006899,-21.4467060568208,-16.1948321898066,-10.0711087348979,-10.1621316400488,-8.63186096322658,-7.33946432779974,-22.3599414710484,-22.458295796978,-23.0799138589526,-23.6356640997062,-24.2895307628971,-14.6715515587742,-5.77193252174641,3.5201240589304,25.6033923609505,43.369510951214,55.1737346921264,70.6437224024755,64.7557362096571,57.3788064596452,48.3809746129242,36.9686953088558,24.6938580259286,12.1944414633468,18.0291133166172,22.4315155662932,28.266224216384,33.4671167596562,33.203919338445,17.9714365911129,20.2238570568065,18.4105270635701,11.2858804460172,2.48254886775652,-3.22498359266555,-1.84495622979918,0.34873165979471005,-0.24337959335283144,-0.15429257234446636,-0.007804082463999538,0.10279992796242686,-0.08053694678305327,-0.0852935222170902,-0.0036462181771500035,0.1655333794859473,-0.2014311534879579,0.0821797847906834,0.009804486827818717,0.013608648471439652,0.187477758106585,0.11502535022595191,-0.2805383835393889,-0.04516249321901435,0.08097695833166169,0.036268221322403184,0.051829201966116775,-0.14180238418334032,-0.6504491939127703,1.7274929802718153,-0.9551696429870389,-0.20901416386759827,0.162921584331919,-0.002660755013250491,-0.040427980466226685,-0.01242040327040168,-0.0608935953558031,0.38441850113628817,0.030388621442076116,-0.16701624421762593,0.09319436149784972,-0.10120039289501313,0.15068286789781,-0.03486059512412083,-0.0013505703361405262,-0.02636794394717955,-0.025536867950351736,-2.166538658474142,8.046473526313072
48,-16.8054519083009,-14.7800183640303,-13.6823630360719,-11.5406385605466,-21.9124133661294,-16.7249229162368,-11.0057860288046,-10.4884973441944,-7.94018900344615,-5.32870228622341,-24.4744407181102,-24.9825263248304,-26.2860408296558,-26.7858264295118,-28.4451603986075,-19.2478564482007,-10.3440741402182,-1.06592352786389,16.5921588254258,28.8869729797092,41.2979351590499,57.1637836933232,57.3788064596452,57.6747988493486,53.2329667495157,46.1991121645393,38.0649058826717,29.6543001478122,37.4511044039342,41.7244796461157,47.1841442715388,52.1766194493592,51.7893551133591,25.4420953304159,25.602986387688,23.5496493390869,17.8157164808374,8.8670109401002,3.49862315470931,5.68289455130987,-0.21187619509781733,-0.009904400491821149,0.3114828847451815,-0.05632824520274372,0.039466597006907606,-0.21147438690641207,0.16901031530159175,-0.02635116202426259,0.09130967713805825,-0.0205814079884937,-0.1652755757194198,0.13738228450874224,0.133564281697869,-0.15617527807466472,0.012346694441861858,0.013063662440743582,0.008417228664763314,0.0035314350251948352,-0.1474617957456441,0.06300128719811426,0.23521425143603472,0.013606516294619118,-0.9640300444058642,1.6999256833578291,-0.7827349710408857,-0.16654242177333495,-0.012057304188943543,0.2694707024736447,-0.07653485427714335,-0.03673871353660295,0.004507914250012602,-0.14698613316068726,0.11905629744717952,-0.004453723201209888,-0.01578930301514039,0.0072319553703983725,-0.05608587889445783,0.0844403090800748,-0.1649249679767254,0.12472206269267751,-0.3255120327700973,7.593734183479732
49,-17.9599180953891,-15.1934305280791,-12.2784574344506,-9.09196272980817,-17.8759956215734,-11.7383102859906,-5.95997909695606,-4.72921343537501,-2.04342392993941,0.343328420113646,-25.5446188202356,-26.8547242477404,-29.0954395270549,-31.3703017734792,-33.6075181975972,-25.0770061649973,-16.5034154720343,-7.59722945589913,6.55420557663207,19.085731633432,30.8902116207116,45.4902521823311,48.3809746129242,53.2329667495157,54.8787038797996,53.5192292057651,50.6653704415037,47.4389362003674,56.9887345213219,62.1200014354397,67.9563300549713,73.382364393148,73.7465955943564,35.02054758421,33.1049980482142,29.9674977244268,24.090067546152,15.4745603430546,10.9241102776641,14.0237667416852,-0.007403738606583303,0.0657540087553061,-0.02252579894947144,-0.004065131348381506,-0.0888528406004749,0.08898171442209767,0.010014366577081948,0.10329195877289793,-0.3405870094835336,0.23653666899152775,0.2357892872774329,-0.1641005689207945,-0.10477436989831715,-0.0004901250842611802,-0.04183932550021622,0.20328299107630426,0.03561090420400075,-0.08980597312427735,0.03622311087462793,0.01164074859777834,0.10205696578607479,-0.03023202230802106,-0.2188118410570787,-0.7916055025765374,2.220344412645626,-1.1730528227202908,-0.3408532573846986,0.3711900925074261,-0.01622816635569638,0.07921094622512082,-0.14250230732777774,-0.04454195781018507,0.03006020796755726,-0.03847023656663469,0.019365764036948417,0.044809236168794675,-0.24080841946192894,0.007512484239614971,0.38088773889147276,-0.2453408142093105,0.9026113671274961,7.407341215294434
