,Cov_0,Cov_1,Cov_2,Cov_3,Cov_4,Cov_5,Cov_6,Cov_30,Cov_31,Cov_32,Cov_33,Cov_34,Cov_35,Cov_36,Cov_37,Cov_38,Cov_39,Cov_40,Cov_41,Cov_42,Cov_43,Cov_44,Cov_45,Cov_46,Cov_47,Cov_48,Cov_49,Cov_50,Cov_51,Cov_52,Cov_53,Cov_54,Cov_55,Cov_56,Cov_57,Cov_58,Cov_59,Cov_60,Cov_61,Cov_62,Cov_63,Cov_64,Cov_65,Cov_66,Cov_67,Cov_68,Cov_69,Cov_70,Cov_71,C_0,C_1,C_2,C_3,C_4,C_5,C_6,C_30,C_31,C_32,C_33,C_34,C_35,C_36,C_37,C_38,C_39,C_40,C_41,C_42,C_43,C_44,C_45,C_46,C_47,C_48,C_49,C_50,C_51,C_52,C_53,C_54,C_55,C_56,C_57,C_58,C_59,C_60,C_61,C_62,C_63,C_64,C_65,C_66,C_67,C_68,C_69,C_70,C_71,Mean,Std
0,455.964378584229,472.813816750842,569.352000065938,615.217285617343,702.222674829923,783.43170668308,892.553428324038,17.2892525821428,6.71818050660097,7.24274104956154,-3.30453825648761,9.94443442467783,-0.76669797038183,8.98441790915941,31.7759718566786,51.344534601896,35.5517736259936,2.34594550552431,13.1431141830882,6.02364928679131,35.5926302178043,-6.34232380051098,26.45187958615,11.260620800175,12.4826516733719,2.04422484649371,28.8294357018267,-11.4855841765094,4.076815773175,14.3995729423786,-35.7304207959547,14.2807613640377,1.44556261346909,76.0394730734835,16.328636266888,21.0370308856856,-41.1574175972809,-52.2906731256195,-37.5490087763006,-30.0856143834202,-60.273201408409,-41.2698493938718,-10.0085772876466,-38.6939381215497,29.2157366443269,40.513106021077,-93.8409739419855,-33.5829498209654,-33.4826485271576,0.5884918277334389,-0.3104544482769789,-0.5015241879551563,0.12120543157178923,0.26614841195605154,-0.03962476979396208,-0.018816511940832743,0.023381188355111063,-0.11598801299386978,-0.07109650382270884,0.04837477135849618,-0.002446629221150777,-0.021139875259497266,-0.022822093183437708,-0.052546962897665576,-0.38066044271823446,0.11323138264890582,-0.032899297818717525,-0.14420542397750719,0.06796192293790373,0.08071161536541699,0.10428955479710246,0.07968736123558096,0.3204128944258913,-0.018814593237911587,-0.29051578351292495,-0.1557569915376946,-0.11484750654702623,0.0031121187974496446,-0.24639129715546335,0.18324792476609134,-0.07046917942131171,0.030695430055356753,0.007566326489277442,0.0895307308164289,0.07794010812073475,0.09072415734541432,-0.31807154892943174,0.10690408634340996,0.17521442173583354,0.2637001750118906,-0.1499383922297984,0.19009544387420113,-0.22001016802728632,-0.20086210012735342,-0.04265122090294781,0.0329900882527232,-0.03967116488189047,0.14608015271824534,8.87016129032258,21.353088268075634
1,472.813816750842,621.213774981916,700.103725135416,800.02051531744,914.547690624076,1011.24414139472,1154.23710098706,11.5659133076235,6.82272857848172,9.76446144739833,1.19450359377198,7.05999960757455,10.6206572375468,6.09380908836289,33.6891901848356,50.2855494198142,42.809625290176,9.99880757590128,15.9387607279494,2.35497378625116,72.8058471742806,2.02216168226255,33.7489292656118,46.1437422739887,5.4049424809897,3.10710295587351,39.4495625316813,-7.02918667375307,17.5093028632824,23.2581495989205,-13.9184006710759,29.9519577769165,21.6754906814377,106.744552852687,35.2654958749597,44.8818561285751,-15.8474939701669,-56.8121910027512,-18.51069893578,-9.8643334306152,-48.4738033491764,-41.4860060767898,8.07618871459272,-18.1740996722481,48.7634994290914,81.1016072819267,-69.9874449769345,1.00063907762578,11.9349878923056,-0.3104544482776902,1.5854614898645298,-0.1658346587654925,-0.15652044031137516,-0.2273533475529495,-0.05930137442635803,-0.19033659413418355,0.20157377945341018,0.05954746966031737,0.22831504723681734,-0.048718357705635006,-0.17078374718602954,0.33304235761299805,0.3557518305817225,-0.4434865914195099,0.07709182960541033,0.14955983509333698,0.28135914677971124,0.11432477863901637,0.14789880443005024,0.06517698469694602,-0.01169944429426559,0.25574733550237927,-0.4680498599021054,0.39581919693299134,-0.037563383853145414,0.034954842163748875,-0.005249321203908484,0.18086108986925553,0.4599184553661603,-0.34965659998327037,-0.4145881717340832,-0.10324463696055339,-0.2747337397536528,-0.010148803471699545,0.2774976944149049,0.13003285462519407,0.2279848952444213,-0.5054406845947733,-0.1976262226776959,0.07706096161349556,0.17789488584692284,0.036309237729448524,0.1157879444721488,-0.18951573077998424,-0.7046364799412196,0.10035074085745921,-0.04570972201270758,-0.06120097282511035,8.160957501280082,24.923959857573127
2,569.352000065938,700.103725135416,887.107531063322,977.093503809957,1124.54397869265,1248.26493782352,1404.55260259274,0.255270136069341,1.87090776004882,13.2331179764276,-5.4627665295202,13.3376341798607,2.85339961638624,11.5545717537672,39.1266654645698,64.7013607949421,61.1013145823432,-1.84857863349334,17.8555191148112,5.66727235246324,81.2360384964557,6.20703392093827,39.0471837847459,2.29978368773726,16.3057830802838,-5.299273243012,43.7348805343369,-4.49736565107428,48.3168493902082,-12.3949739119444,-9.88161745876993,57.8118754808851,20.4915746586411,128.497932383653,74.0284198739824,87.6501399547243,16.0183356014437,-43.5611361945309,-18.8685263025037,-3.03823359293361,-39.4251149825232,-31.4732294167293,15.1774564833963,-20.4788212326093,11.63918227224,24.4378871626287,-41.5019914344995,-26.5771348239287,-86.4716771004511,-0.5015241879546907,-0.1658346587670018,1.9462169365097737,-0.15352193352318289,-0.5293739439936861,-0.2516134128347566,-0.11605412901013798,0.13350864102262797,0.19354808439679186,0.053733156448566,0.4092141172504645,-0.7897887658223268,0.010945687900021239,0.07979829558143678,-0.06020326164585376,-0.2862188387680432,-0.0858935107667899,-0.14710711174791724,0.00235406529242986,-0.32152608690734824,0.05781639897627519,0.17633864498874166,-0.45535114210626504,0.06711247264736372,-0.37530734020165185,0.39183707187060346,0.02353899776810183,0.08393124329477773,-0.037879641334087326,0.010511381302749647,-0.04674776941534585,0.024387355744302626,0.24401513592573607,0.3388450865482856,-0.4505863611179396,-0.5349914870065309,-0.1046023207831349,0.16871053652037463,-0.06131736666721484,0.22481178681965713,-0.29490788665138346,-0.14812486124199603,-0.21552914665378517,0.3014384586387047,0.22444960651772955,-0.09477894003831605,-0.03453811160825113,0.26969345437735587,-0.07428126493961823,6.376881720430108,29.78418256496763
3,615.217285617343,800.02051531744,977.093503809957,1177.61507840502,1303.89766801414,1460.92228498814,1603.64627586455,-5.75700806884472,6.56254113323601,15.4659249222005,-0.23947455386727,12.0523563634222,9.62740630144624,5.68453116188205,42.3649830346927,70.3434158189042,68.2168774002595,-1.99001072878186,27.7213829028614,4.09304989026725,96.9158408746808,1.80874827044187,42.7931265969103,-0.26908587546322,4.23792124203639,5.27529868892656,38.3620002232538,3.31271164740131,52.9221420081217,-22.8372940330834,-6.12660689819279,28.782582872332,24.5412064801414,148.621161665313,39.5854294829284,48.1332915126917,40.7749915674307,-9.95306168199275,17.6793422643305,23.3221555470786,-4.05653602635961,-10.3416753251543,-6.45777651314622,20.5402862011915,-3.64282790376007,19.2474282072813,-23.3272056100073,-8.73527960006354,-99.8283266335578,0.12120543157081835,-0.1565204403088237,-0.15352193352278984,0.5396465557659208,-0.08462493038815352,-0.10170753844545856,-0.11677887215369352,0.2264881037484866,-0.3305066763274335,-0.1291745309356176,-0.13541430165219395,-0.1172659036430451,-0.13738806996911918,0.12157977042442986,0.18138034524230898,-0.13781098527878508,0.031874739189943026,0.07296752650005374,0.07501970622570453,-0.07245193483419173,0.1553537037653755,0.04021870877170029,-0.0014548791475220272,0.10079855928056287,0.11407256476468132,-0.6911020608908253,0.28173194333436946,-0.02270526961422261,-0.005577586511709764,-0.20755240251045765,0.13827877697248037,-0.006647935683651507,-0.09387749551088707,-0.038681637859441925,0.17550809997749983,-0.10086391746923828,0.11758139435483517,-0.16355493381213324,-0.16067841799285693,-0.03218433782032772,0.007796255229540907,0.216467657797308,0.004130528831736642,0.05998160763690995,0.04282672951845248,0.23002745371345487,-0.07312853512676645,0.051548480205320796,-0.07087358063397543,7.741129032258065,34.316250937493415
4,702.222674829923,914.547690624076,1124.54397869265,1303.89766801414,1542.45952767009,1678.29131510899,1816.98491715193,-5.98738433365591,3.07652399093718,15.6670248626281,1.68382562968834,10.1205976448691,8.8192132741889,12.3689955735462,50.5999530482573,79.1109568842386,80.5378464719169,-0.944874608073542,29.8303293292263,2.33436799631319,132.159715176128,-1.6955788269766,49.7807431757733,-0.212443266542697,29.3917713650171,4.4866459207106,51.7081731933047,-5.39055228280819,59.9177568804429,-26.3941986355118,-6.72795732668495,38.815945614998,24.996260848462,166.927730493391,46.3222813413669,52.5788960012107,88.4837586429396,22.0222647805613,46.0631801700036,51.6276327224678,34.0612279210021,11.4179665377209,-1.54293066493224,70.6348346502122,21.2974424541963,30.4810111633296,-40.9235110819361,13.6160880301956,-97.1829313565457,0.2661484119561267,-0.22735334755333128,-0.5293739439938131,-0.08462493038758759,0.7719610122899753,-0.16079199470324917,-0.012878000933163799,0.036757173976381806,0.019996784177164217,0.1632362268250541,0.15435696916378788,0.339933445935597,-0.062047895916626315,-0.005172686729237679,-0.02733240683776863,-0.06709592334144947,-0.018708737447801178,-0.04545881610699458,-0.20096809473489144,-0.018692216872083705,-0.2112740409159354,0.10762723831771598,-0.0048835701846289626,0.31053068903458225,-0.2141643604312653,0.04412646465795118,-0.3167821674354166,0.19645588274709663,-0.14256839023813545,-0.004102304798147562,-0.04884065489720493,0.000726466151299879,-0.009926604863114525,-0.3931723115519539,0.20213309010022654,0.23454795977690046,0.013457572876028839,0.05167328664973514,0.07788453893902371,-0.2961486674509084,0.053496943857957266,-0.15725612762039415,-0.012391357077575486,-0.07420491274700261,-0.44744329644903413,0.08612698014017009,0.1178392260629242,0.027868192343186087,0.1124854940512417,7.998361495135691,39.27403121236841
5,783.43170668308,1011.24414139472,1248.26493782352,1460.92228498814,1678.29131510899,1903.30328629032,2029.88459374037,-9.52823085281958,1.93818976435984,19.1086193284195,5.19897109892743,11.1952757100945,-2.22350909591785,13.5827121960393,53.773223408341,89.446928141839,92.9565101060169,-7.19063456206007,51.2827171807754,10.0973734600058,123.041492653166,-4.23335014725804,52.3666023677996,-10.4113599753361,14.1741264240746,-8.51673350307114,47.2146862615814,-2.59664534045495,54.7990795595667,-51.1249706933591,-29.5234758031511,28.2180490907487,23.4763075336897,188.415319206408,44.1183398479089,55.1382184805462,50.0389546253088,-12.1133027320613,10.572569972264,27.0595464708472,-5.36086826033827,-14.3654496056701,-17.1631811305869,32.8623050521335,-7.84091578662845,19.9231006420404,-63.5994076439542,3.85013168828867,-93.0101639299058,-0.039624769793687786,-0.05930137442755511,-0.2516134128349361,-0.1017075384454767,-0.1607919947030377,0.5205323932655522,-0.08015171306692173,0.09616395030798724,0.15345318597106403,-0.15805913175677483,-0.7487036891495783,0.16138785648593543,0.007521154910961836,-0.2835748542568598,0.05709259794661022,0.24506435656011352,-0.10637004124031238,0.02539214863825052,0.012636387504564028,-0.006750492973426913,0.006820080281821023,0.006432368579823742,-0.15049945333836864,-0.24495660296759514,0.18118110865364928,0.2696305072196767,0.1588774286829317,-0.06339380268449667,-0.0005561345280969825,0.11836973061057253,0.06656299436549076,0.14599067434619198,0.031582547531228786,0.050570401260878785,0.04858049861394095,0.027523025214243796,-0.09925987765945624,0.00814247860468573,0.18672092033267074,0.1315987223183127,0.14716468287010792,-0.19040141163483018,0.05131616930038514,-0.18180131941835231,0.06713521645422131,0.13913551072512004,-0.05208196399260468,-0.08167425898532213,-0.005884615650049643,10.237903225806452,43.626749664515714
6,892.553428324038,1154.23710098706,1404.55260259274,1603.64627586455,1816.98491715193,2029.88459374037,2474.91292637395,67.1147808599096,1.04943030591741,20.7171649226803,-17.411037070418,10.2503225770513,3.35076390856489,14.1670084090138,66.6323954434898,102.734197564039,84.9301231419606,7.16250749675157,14.9134008373076,-3.61719721334719,146.979530283384,15.4433255636082,62.3027556309552,44.2863865086936,11.8602092765894,-6.85573746006318,73.7487765881079,9.40637224569973,60.2724575378154,15.6578563037443,-23.845197983893,43.6211191840155,35.9738413839994,216.908122513101,85.6988422956663,92.4608076221551,28.9497702767278,-68.4972132479097,-17.2195131527606,0.641385844227553,-41.1294969178916,-57.4779683040098,7.80018995947095,-36.0942689646518,2.78209322145968,47.2946991809774,-93.0303750306254,-41.1688258750899,-153.833899777509,-0.018816511940579612,-0.19033659413430518,-0.11605412901062577,-0.11677887215358665,-0.012878000933028108,-0.0801517130672433,0.34108379910516634,-0.4478705085409655,0.00556964433514217,-0.06664901579703544,0.4505273302546037,0.179045996416613,0.006549740469808577,-0.03909478453046354,0.08210305940731746,0.08094238164940268,-0.05178081243854216,0.014050320643244152,0.0311922201068318,0.2099882542441196,-0.11428869530161416,-0.2961681332156406,0.15589646598830875,-0.005520946485379119,-0.05234093404952621,0.147415791997391,-0.12132872251169662,-0.04472840336554365,0.0361180072574472,-0.08815188446490609,0.016328942999099122,0.07854779295149734,-0.06349060989992009,0.10729117572153064,-0.04067914533479776,-0.0016731028015859826,-0.08883611650121613,0.057007125747258414,0.1131241268505047,0.005007262042021599,-0.14321965710220474,0.16152720949569785,0.06485094229910719,0.03219449572336479,0.22346451277731147,0.01194241566400264,-0.02722483460001496,-0.08788366293778961,0.011430854344457649,14.451344086021503,49.748396219113985
30,17.2892525821428,11.5659133076235,0.255270136069341,-5.75700806884472,-5.98738433365591,-9.52823085281958,67.1147808599096,47.3256362007168,1.38535431024313,0.36186467406141,1.54607921572416,-1.35611604809144,4.63595059419358,4.97314960185646,9.52309190991164,0.107823857188028,-2.21524133042644,6.86449930840833,-3.30314331270899,-2.66899054305012,-4.88611135875237,-2.26952938611764,5.12908122876258,31.4361886553512,-1.83818086186661,8.40322420580204,9.42801968829422,-2.97596711373631,-5.98719843902445,47.5256006151675,10.9468276033601,-5.80771547467575,0.450980492061414,5.84532933312341,4.87743893289136,-1.85894123630243,0.785724673292254,-5.35931059539558,4.38911555634769,-1.9729960168476,3.57100330761443,-1.51678217589109,8.54868897546776,-2.38128563626295,18.1541603028723,13.6096061945349,-1.10059243370624,0.72569925037313,-7.09676672038929,0.023381188354394112,0.20157377945374086,0.1335086410238758,0.22648810374804604,0.03675717397613409,0.0961639503085052,-0.44787050854071037,1.2507459125466036,0.04493798535881298,0.014912343161298552,-0.8697050590482953,-0.034169339644386176,-0.051432925222624555,-0.04905537961950553,-0.616091706106375,-0.03344977618306219,0.30553390025451993,0.19251565875078508,-0.00012387789827801287,-0.17089689913810824,0.1508108528162796,0.412031451390051,-0.23795683435711082,0.28209314906073174,-0.010636137147318125,-0.452275167111661,0.028091001914117786,0.18067196766878135,0.032567168688977854,-0.2857236987305496,-0.005164833815876443,0.20985680771732632,0.17729159416959775,-0.2556949188038899,-0.02635041506879288,-0.009895472193201192,-0.23758672758767937,0.18725706251473387,-0.2656011587742485,-0.035867881551363424,0.19269800062086517,0.08053315101577377,0.023783623824770703,0.05760278600314471,-0.16987211612309316,0.055552889622294564,0.014856404848111113,0.10540770922018976,-0.060658020103797075,-0.034946236559139615,6.878636216628761
31,6.71818050660097,6.82272857848172,1.87090776004882,6.56254113323601,3.07652399093718,1.93818976435984,1.04943030591741,1.38535431024313,5.39744444444444,0.374529736956979,0.525716122843719,0.631426871944128,5.139508169085,0.537233810039243,1.08155830885552,1.04476913814947,0.295461845035695,1.95805563018071,1.14747950234553,-0.223179513141673,-0.864723602101166,-0.187405523632859,3.57176013702164,9.24750609925727,0.239038922210257,2.90196062897698,4.33418633577668,2.56151112601053,-2.19766026846178,13.8982299058139,9.71764730039284,0.752952937184607,2.25757243633082,1.92512443974431,3.24321250358311,-3.98231193824096,4.35469017390243,4.62325983868332,7.45381729564633,5.76565512718116,4.48991674096338,8.59900129503716,3.5597352411392,10.0893764184327,6.64776605722788,7.29358232429493,16.1707880856299,5.59617014274598,13.0392818109372,-0.11598801299330073,0.05954746965757065,0.19354808439673968,-0.33050667632753933,0.019996784177609386,0.15345318597110813,0.005569644335347418,0.04493798535813683,2.171727745323465,-0.30812970708869797,0.11245973020242361,-0.16534592394939676,-0.08993719060331774,-0.3416603970032874,-0.09217413784477868,0.35172578870657345,-0.3701905386328273,0.0020272411577083875,0.3194795475474737,-0.04616418277928519,0.16779646782878085,0.11099581763272458,-0.6228934379336972,-0.011642359003915567,-0.03225286244577608,-0.06583243813315982,-0.46086300189646756,-0.06516890261421135,-0.13425587248762091,-0.010267891860796486,-0.005620472663591598,-0.3185180746320783,-0.16450255927831353,-0.07919171509847218,-0.36055747680126166,0.5333113174665147,-0.32869717710260704,0.013432506674672154,0.3305283611335245,-0.13513380085417423,0.2893657016600994,-0.4303218740061648,0.4425307243778575,0.17072034183989152,0.11843101652823779,-0.04973358124089311,0.12216976104317237,-0.19731273399937163,-0.14996872031033667,0.06666666666666672,2.3210869101445653
32,7.24274104956154,9.76446144739833,13.2331179764276,15.4659249222005,15.6670248626281,19.1086193284195,20.7171649226803,0.36186467406141,0.374529736956979,1.39832356170266,0.558832256648462,0.636973510444457,3.84868925485321,0.96752216520967,0.0981809423854173,0.175858440754614,1.39498644691536,1.80446548927837,7.05151195282182,0.328515791515879,1.50443707370577,-0.592353807911133,1.70806734376372,4.65992571769791,0.364136210687438,0.844462078604288,0.878502054328957,-0.328256714190268,-2.15348525926193,2.64759930983088,0.501370526275167,2.13902057335507,0.617633440350947,1.88959646837715,3.51284271254028,4.06423490571782,0.85700868657323,-0.533137115731444,-1.1444318232189,-0.216231401528971,-0.500861012183447,-3.03236977200332,1.17904624468166,-1.87103071412258,2.36602121669794,1.25039243103782,-5.44494374990088,3.84317306194541,1.78815687517121,-0.07109650382206256,0.22831504723521123,0.05373315644784749,-0.1291745309362198,0.16323622682508104,-0.15805913175702327,-0.06664901579779747,0.014912343161435885,-0.30812970708899834,5.247129230631245,-0.05335485420218369,0.01672220969310419,-0.24683301284668538,0.032259947511697924,-0.09609741408272315,0.17773809201074117,-0.03853138081113919,-0.1300372823629019,-0.11296983708388342,-0.08797457305666312,-0.1303668831396318,0.041300982219853344,-0.19464485996861408,-0.08065402073199882,-0.17700558014734677,-0.09998147083362795,-0.016501157215594506,0.09368742528350936,0.22461433201244213,0.030277263055304815,-0.11283351924792329,-0.16212360715522617,-0.4626657406984798,0.3011162099306227,0.0015122919017365709,-0.2037754941583742,-0.027974127590913753,-0.2232724375695832,0.40288904599996656,-0.00447571777215164,-0.0424700549289568,0.20359692924014253,0.38473045772105224,-0.003997389859301575,-0.06181879622727326,0.003197020407883229,-0.06376198176429164,-0.21087498721659823,0.09301436514992435,-1.3260752688172046,1.1782714295537586
33,-3.30453825648761,1.19450359377198,-5.4627665295202,-0.23947455386727,1.68382562968834,5.19897109892743,-17.411037070418,1.54607921572416,0.525716122843719,0.558832256648462,6.44832123655914,-0.479577889601649,2.99160970224686,3.23305484343129,1.40872764406093,-1.29255425233476,2.33799920379662,4.19042054055986,1.88008339031238,1.2220285226026,3.26266989204949,-3.03800785560663,1.06671365245139,9.0325944786458,2.1765727805067,3.82159258977771,-0.412526836539463,2.23341536850159,-0.875258847859349,7.2226406144337,2.58850694939165,0.973868596449703,0.184873795438932,3.40643084790084,-2.74915939244027,0.137907918727293,-1.19993329382198,-0.603311614772052,1.65637038499379,-0.921391181473613,-0.740504455098783,-2.5677087785706,0.854907607139558,2.27302659807627,6.68180834433316,5.68636199686551,-10.323215361249,4.49696637690096,3.21519922210044,0.0483747713585455,-0.048718357703980864,0.4092141172495319,-0.13541430165212937,0.15435696916370298,-0.7487036891500112,0.4505273302538232,-0.869705059047768,0.11245973020219553,-0.05335485420198452,3.3785626268920534,0.017249505171437012,0.02271682423497248,-0.0040601402595168284,-0.2509989544980869,-0.1848655113671758,0.04505193946590512,0.04441637147376699,0.12470736634657523,0.0021836939671456136,-0.287937287568708,-0.025278934348888445,-0.15856334559110336,0.0881051700263223,-0.08204538720234617,-0.1488924579367866,0.4079996133752319,0.08576968273836273,-0.04721367130582012,-0.16555926850908803,-0.1852902041920451,-0.6960316657366815,-0.01998129067220631,-0.060061368285239315,-0.01595120286188056,0.010000934480052985,0.2550485139727467,-0.1311141292150317,0.031757521423193824,-0.20925822364149665,-0.006405954507241356,0.13118353160630045,-0.027665886481959053,-0.055448844662189946,0.15292927188963634,-0.16499777564856666,0.18063882145239146,-0.03335482351511033,-0.014800239758232457,0.0836405529953917,2.53738472379715
34,9.94443442467783,7.05999960757455,13.3376341798607,12.0523563634222,10.1205976448691,11.1952757100945,10.2503225770513,-1.35611604809144,0.631426871944128,0.636973510444457,-0.479577889601649,7.74272702557726,-2.83211631983634,2.11152673451316,0.0239988734137493,-0.567557284763278,-1.2536109429214,-0.651847303661539,15.5095350989097,0.175301867947201,1.48410717763268,-3.12395864318986,0.179631264234551,-3.22387790448694,3.5133918528723,1.78859333712555,-2.34225147769339,-0.766777414539975,-0.405199982712586,-5.14097177184599,-2.34896082967632,3.32735590924709,-2.90528923861643,-0.48406195202061,3.9433968472669,1.60578030862919,10.0470929435285,7.70547633071265,8.89522320073648,5.1202044487538,11.2029042151979,3.04270915068225,-1.1273922877603,6.09108441607272,-1.70587351689497,-3.48354558875977,-3.10365768134139,17.0545144116533,11.4782155346836,-0.002446629221166347,-0.17078374718531303,-0.7897887658226638,-0.11726590364278155,0.33993344593544084,0.16138785648548606,0.17904599641633273,-0.034169339644190416,-0.16534592395009318,0.016722209693512777,0.01724950517163933,2.8552605444514088,0.11502738553335022,-0.36285438789921465,-0.011636960645334538,0.6046376085199245,0.4231887574118452,-0.12426670957022702,-0.19010065486542455,-0.022323668641837623,-0.15518121404692034,0.2198266783680561,-0.15684962369995423,-0.28903686339245604,-0.35367073617908446,-0.2985789559878006,0.46723710400003865,0.21786689544162166,-0.11262612643565284,0.17069703483182916,0.33364684259497357,0.04375366204152659,0.3302670293604493,-0.008480014037740041,-0.35973984094215095,0.4032111179234834,-0.021755382802631465,0.3876639914478141,-0.3966401524684128,0.06688975160284191,-0.2258406011431375,0.058000043029268304,0.04747147263995056,0.10013227248399992,0.27528449498986,-0.05082700319747017,-0.2106307463870939,-0.14312223230202675,0.08146994724564736,0.41482334869431636,2.7807781331090142
35,-0.76669797038183,10.6206572375468,2.85339961638624,9.62740630144624,8.8192132741889,-2.22350909591785,3.35076390856489,4.63595059419358,5.139508169085,3.84868925485321,2.99160970224686,-2.83211631983634,52.2860543120474,1.32963053895582,-4.65636650911726,1.515004856938,2.9091260600052,21.6241868137223,9.78947841256318,-2.25531280740642,5.78730709428455,4.52498898036606,15.0213821071684,63.2744547756772,4.14778211457927,10.7844684324418,15.810913502678,-2.07025007572903,-3.88158449442994,60.2754698688089,32.6034669303043,-2.00226124407506,5.0416162549594,8.02916688830651,13.2905466351392,6.31282118109082,-4.65211168940019,-3.25318363095441,7.13841877354724,3.54279829509425,-10.2095179886371,-3.70549434484983,16.6867722091394,8.87460809323434,21.8192933779969,35.3538327192071,-0.961337247933874,-4.18682974670464,-1.20863540879829,-0.021139875259461694,0.3330423576124444,0.010945687900155862,-0.13738806996950376,-0.06204789591637376,0.007521154910981893,0.006549740469801797,-0.05143292522266412,-0.08993719060280692,-0.2468330128465693,0.02271682423476716,0.11502738553322762,0.9967951262774511,-0.12773830339209316,0.26064916667181554,-0.03650333177549622,-0.047941310877387615,-0.4942932878709482,-0.21832017500179562,0.5240597679558111,-0.011516251470920903,-0.161081915867978,-0.4943382701065047,0.03442832492896394,0.22219554913718587,0.004614107918274503,-0.024530966558325817,0.10916047314938163,0.2250578450903385,0.23467497468438436,-0.3110893864045406,0.16532032160891363,0.0348335067537112,0.06845080588446065,-0.3219056297997526,-0.09851510608408791,0.07619647019705521,0.0030602052961027355,-0.37810885369016556,-0.12197718404544866,0.27161946428822453,0.06171396948027132,0.25369466267293744,-0.1415482264376624,-0.12540007908466227,-0.46473574910849547,0.07966668561205043,0.22212705500043634,0.10194543464779027,1.1529185867895548,7.230218137238142
36,8.98441790915941,6.09380908836289,11.5545717537672,5.68453116188205,12.3689955735462,13.5827121960393,14.1670084090138,4.97314960185646,0.537233810039243,0.96752216520967,3.23305484343129,2.11152673451316,1.32963053895582,8.8804376508668,2.08790156038884,0.119041921464022,3.37144066898988,4.63083274595373,3.4264572815137,-0.5495913243456,9.79274705483999,-4.1743048381415,0.279903521486499,3.22302309152366,7.66291470318145,2.13445368807324,0.678539136643107,11.4081493659873,-6.49499860510317,2.42162220094102,-1.1048573375637,6.89623820439799,-0.995702596913336,7.42944438846906,6.48616645297853,5.71865135761515,-9.18470453647431,-11.2017678327788,-5.46494072197398,-8.12069804469422,-8.80969711114785,-10.2295065888036,1.08502784106877,-11.9607239003295,4.87934696378888,-3.82550306897751,-15.905840803566,-1.16689531943374,-2.96553606763686,-0.022822093183552827,0.355751830583046,0.07979829558151313,0.12157977042410338,-0.005172686729078217,-0.2835748542563702,-0.03909478453048668,-0.04905537961930903,-0.3416603970025719,0.03225994751251785,-0.004060140259875728,-0.36285438789957813,-0.12773830339181416,2.710741600698901,0.04260001147880599,0.4428824504550458,-0.1916662302087512,-0.18824587784689237,0.06905703679405353,0.42906772042378116,0.2903556285925776,-0.02701814973576922,0.430893579574468,0.10531295686718392,-0.44703379992648834,-0.047063251262036684,0.21921436489783885,-0.305743436674807,0.08698047332823186,-0.17744656897676558,0.23037879355144392,-0.37245864009200447,0.6283518952159228,-0.672784469451033,-0.20109789365333974,0.15207511474111093,0.020934701265836922,0.34508083961901076,-0.12797253507819512,0.2673512337249047,-0.09624531713765472,0.035730989556693696,-0.016486796128859702,-0.15901298424905336,-0.4075279584273357,0.09679368539711843,0.005564811440050869,-0.1688139701903444,0.0655891469070831,-0.059331797235023076,2.9783279958504902
37,31.7759718566786,33.6891901848356,39.1266654645698,42.3649830346927,50.5999530482573,53.773223408341,66.6323954434898,9.52309190991164,1.08155830885552,0.0981809423854173,1.40872764406093,0.0239988734137493,-4.65636650911726,2.08790156038884,12.8555920439861,2.97527991848532,6.32423663972812,-0.800624045044665,-5.75676516784418,1.15266801810377,0.468167617884304,1.43836619768003,1.84725715775854,-11.453669784556,-0.223791529420229,0.995197190486544,2.00515527199907,3.74699372499276,6.37511882871516,-3.55733158565612,4.05985196301231,3.74226923628098,0.853985459902631,7.27217304151962,3.5593008238059,-0.721732030152392,-9.48689967467021,-7.139680304085,-4.64049280984451,-0.535245139072271,-5.56549946429605,-2.97474544243012,-1.41175753838416,-1.57255584418242,4.44935307818043,-1.13250313257512,27.2846385466135,-8.97532818832207,-5.54172216867415,-0.05254696289816235,-0.44348659141840696,-0.060203261646301263,0.18138034524226784,-0.02733240683857056,0.0570925979462796,0.08210305940686659,-0.6160917061061926,-0.09217413784523412,-0.0960974140829952,-0.25099895449806764,-0.011636960645151288,0.2606491666719427,0.04260001147964273,2.492458881238455,-0.01702634538714638,-0.7434637351286224,-0.545145991168779,0.06690241653596578,-0.5371920236360155,0.2559077671941629,-0.1998263424737428,-0.675284971651438,0.0359094960661556,0.1679360787987628,-0.10087414750663212,-0.23142578914267287,-0.163693435340415,-0.17637945655345458,0.31853549112302276,0.031350182201945166,-0.1641433188780693,-0.010997668564988659,0.12994002717773365,-0.03465930131426504,0.19146509763542832,0.3123327015730094,0.00028306638780433064,-0.07265148753221433,-0.1973895691281085,-0.4950798926004283,0.4432021082199451,0.1623887165677107,0.03435178899870772,-0.2521768123582969,0.19789827704000715,-0.16926199857432192,0.01153140143494957,0.09651286013664342,0.1205837173579109,3.584074782141976
38,51.344534601896,50.2855494198142,64.7013607949421,70.3434158189042,79.1109568842386,89.446928141839,102.734197564039,0.107823857188028,1.04476913814947,0.175858440754614,-1.29255425233476,-0.567557284763278,1.515004856938,0.119041921464022,2.97527991848532,10.7083129983176,5.02753998168047,3.84320778501455,-0.261712623098083,2.00699179451865,6.38198422863745,1.05127503840202,4.69096235581286,9.44443072303546,5.01006095689451,0.0758222767662116,8.31728846380524,9.94588969077091,6.61630907599577,17.4551692263451,14.8760075228979,-1.16291926985337,2.36140494023809,15.9108163032857,4.07177128149988,0.333819205911479,-5.15950641027551,-1.69470129652905,1.2637514359648,2.96735650258759,-5.67147179117987,5.86438119173279,3.37231122523893,7.19523090099242,-3.90534726362037,5.41432373288802,26.6898254800496,-5.5813215821782,-4.04534038274526,-0.38066044271825145,0.07709182960497551,-0.28621883876788723,-0.13781098527903615,-0.06709592334142508,0.2450643565596652,0.08094238164973161,-0.03344977618339387,0.3517257887065965,0.17773809201105387,-0.18486551136695,0.6046376085200948,-0.03650333177568877,0.44288245045504326,-0.017026345387047944,3.348247005624157,-0.0032032482868924565,-0.09085861735732008,0.22296279245044584,0.02999435832586952,-0.07105986301725355,-0.013447973661733907,-0.21893118230112196,0.08444357584433863,0.020337667083721193,0.41508942659353126,-0.18351832993089234,-0.15825430789385064,0.09799975159758455,-0.32639267083837575,0.19824320142050833,0.09094428738743095,0.1473449174403128,-0.44254367961616875,-0.04349648120349997,-0.2144337036535137,0.6157091357398626,-0.433663927277316,-0.10360611797376883,-0.3577703983240703,0.0034539896470683526,-0.16210338810336572,-0.12520674421803707,-0.004434858785047575,0.5025946498688612,0.19097743534012113,0.0910437305032585,0.016986843388363735,-0.195568731350893,0.10645161290322594,3.2708275708630086
39,35.5517736259936,42.809625290176,61.1013145823432,68.2168774002595,80.5378464719169,92.9565101060169,84.9301231419606,-2.21524133042644,0.295461845035695,1.39498644691536,2.33799920379662,-1.2536109429214,2.9091260600052,3.37144066898988,6.32423663972812,5.02753998168047,19.4925035842294,-1.01722684072112,0.759670835697512,2.60843187192721,4.58393023007987,-1.99756097544489,2.10531060460564,0.434065120524815,4.16731854603385,1.14806944450463,5.04405371026779,-3.80829959258271,-0.727388578955814,0.0369934604631698,6.2045206083355,3.6795290167164,-1.94118600648239,10.3749933799552,6.36494006786957,4.48672638649931,-8.32974376596169,-4.1951105781048,-3.61791188457814,-4.90906642868899,-8.88454794939688,-4.79824240296391,3.37789745519468,-1.37783538892986,-3.03254572811497,-3.53987774262708,4.08731991869841,-8.26087135129142,-17.0091019993118,0.11323138264866796,0.14955983509420184,-0.08589351076662542,0.03187473918983691,-0.018708737448013782,-0.10637004124003298,-0.05178081243874342,0.305533900254838,-0.37019053863238294,-0.038531380811042334,0.04505193946524357,0.4231887574114971,-0.047941310877262965,-0.19166623020880807,-0.7434637351288067,-0.0032032482866875657,1.3188344970694714,0.1284000328022478,0.11579930641710308,-0.22052849915236664,0.038318725930673404,0.23742492945653723,0.21997967019220166,0.15091869265262767,0.056759804999577584,-0.25373779261922874,-0.22316208603333124,0.03050024634688099,0.12717699492024234,0.06379028289632362,-0.3958837754997647,0.16154125919748355,0.43377238447785055,0.1521531824875117,-0.12096924965509961,0.014017569934773122,0.23994713857543473,-0.3128299901299477,-0.08186378448423788,0.4683575042297454,-0.05696347257850749,0.2764771479198464,-0.4934317482315736,-0.12942069790854957,0.1421424733009542,-0.09230082545522916,0.10309145266125212,-0.1231508042743957,0.00518438286518835,1.6215053763440859,4.413898909606946
40,2.34594550552431,9.99880757590128,-1.84857863349334,-1.99001072878186,-0.944874608073542,-7.19063456206007,7.16250749675157,6.86449930840833,1.95805563018071,1.80446548927837,4.19042054055986,-0.651847303661539,21.6241868137223,4.63083274595373,-0.800624045044665,3.84320778501455,-1.01722684072112,32.3734850657109,8.85303141787516,1.90463580271034,20.3636032406245,1.19493127452724,10.8609372025302,63.1969407879289,12.0284189788669,8.93699696692346,13.8224898406284,22.5450399278129,3.24952975905471,64.3936338421019,30.4279936350846,-0.530647597265445,3.07586832925726,13.6636840296435,-4.98612991158981,4.06825163443445,-9.05008006542444,-9.44388442324521,7.7652551642999,-5.24364346699772,-10.9315513573987,-5.8938651602358,12.5383172581097,-5.0235087455125,15.0943110738203,28.3392446686478,-6.71016611815396,9.55955265548881,10.5679173017943,-0.03289929781891581,0.2813591467798449,-0.1471071117474999,0.07296752649969038,-0.04545881610708825,0.025392148638559875,0.01405032064316728,0.19251565875072757,0.002027241158224488,-0.13003728236259673,0.0444163714730637,-0.12426670957067354,-0.4942932878709553,-0.18824587784727376,-0.5451459911684511,-0.09085861735737838,0.12840003280215323,2.226753022779932,-0.008865153234201372,-0.27873121974881754,-0.33134127653531326,-0.6525749077348546,-0.590825498470853,-0.11413657402927159,-0.01586305681135294,0.2158719856291439,-0.11320496979491917,-0.20432117727009402,-0.033249726561694906,-0.30678255206012883,0.1743999065059809,-0.11784939137757933,-0.05978362981214342,-0.5069548096365845,0.7095005435162339,-0.15358861922196723,-0.0077756184719154275,0.010886182402838153,-0.21614080672395125,0.5121884225464308,-0.35060816527991484,0.33444428718955654,0.06408443102366201,0.21742198820670117,-0.0032582519252030585,-0.17955907862138176,-0.1098670166158141,-0.3073421062574953,0.04187394979156593,2.5881720430107524,5.6888913740473965
41,13.1431141830882,15.9387607279494,17.8555191148112,27.7213829028614,29.8303293292263,51.2827171807754,14.9134008373076,-3.30314331270899,1.14747950234553,7.05151195282182,1.88008339031238,15.5095350989097,9.78947841256318,3.4264572815137,-5.75676516784418,-0.261712623098083,0.759670835697512,8.85303141787516,172.881047702609,10.8880248930388,-5.01288538404623,-12.1819809719723,5.93175089676626,30.4470875954404,-7.98608998344713,2.94997860437643,5.4643733041571,-0.979473332850372,-5.48326163737667,31.3368096974976,18.0373000872161,-5.20917227843634,-5.73236195882358,9.28350996474675,23.1016605281653,-7.38806743160209,-4.91696581546929,11.6749468857681,1.53248181168792,17.6516484815837,5.80496062959389,-5.52934334479511,5.88386786808738,20.7927246235215,6.93180353023156,8.53441616346637,30.9574448251791,115.438434621868,173.392809924535,-0.14420542397802627,0.11432477863966489,0.0023540652930616295,0.07501970622507602,-0.20096809473517385,0.012636387504864219,0.031192220106781052,-0.00012387789831402461,0.3194795475483208,-0.1129698370829462,0.12470736634625884,-0.190100654865709,-0.21832017500158887,0.06905703679391204,0.06690241653549402,0.22296279245078104,0.11579930641690744,-0.008865153234132978,0.6485883617937771,-0.35004673447984036,0.1429227904967352,-0.1037876591439806,0.07986060908210475,-0.06702218900903231,0.20464749409113048,-0.2854809723139314,0.1385085004999019,-0.019355258266998618,-0.014712232331734385,-0.06057406007147908,-0.3180065812109069,0.0015957594487344524,-0.013689673323222858,0.01813962460777657,-0.18388487235882517,0.2811401546830638,-0.06790145478685723,-0.07825370345676731,0.1948204133454726,-0.011502143198566465,0.024812401650944654,0.3530592419268707,-0.039661034982228095,0.025744457602254897,0.17335918544254036,0.4012592184721587,0.08088922433587634,-0.3461439557439897,-0.22088175994712045,4.842965949820789,13.148043493334228
42,6.02364928679131,2.35497378625116,5.66727235246324,4.09304989026725,2.33436799631319,10.0973734600058,-3.61719721334719,-2.66899054305012,-0.223179513141673,0.328515791515879,1.2220285226026,0.175301867947201,-2.25531280740642,-0.5495913243456,1.15266801810377,2.00699179451865,2.60843187192721,1.90463580271034,10.8880248930388,5.85105253373323,-4.79792447100188,1.02859522308139,1.04584096501078,2.88846125178371,-1.25152763245611,-0.456382527293848,0.713025315211159,0.726493443790497,-1.33842098940598,2.01184826739924,0.753281288126155,1.375398835151,-0.463454184026037,4.34460585861254,1.51006991084299,3.09113331681123,3.5074051644467,3.88108652645511,-0.547514204190975,0.975107880890507,-0.895306936706767,0.295514433901697,3.21848407695071,2.59618918815658,-3.56807870615298,1.00715485422131,2.23252163995313,5.26875212355721,7.76174894151919,0.06796192293831936,0.14789880442974623,-0.3215260869077847,-0.07245193483409663,-0.018692216871413963,-0.006750492973714203,0.2099882542442745,-0.17089689913832562,-0.04616418277946755,-0.08797457305655963,0.0021836939681194817,-0.022323668641457593,0.5240597679558682,0.4290677204236187,-0.5371920236360965,0.029994358325963644,-0.22052849915218795,-0.2787312197485696,-0.35004673448000584,2.696103758357012,0.2195489683630569,-0.11441766956271726,-0.31669091943207156,-0.07913322285353731,-0.20181697813231436,-0.3507165556578444,-0.079876077876031,-0.10712937856251856,0.30789018180322597,0.08600368060024019,0.18119511975262861,0.23110976996601815,-0.2511317677765687,-0.16697674092853032,0.3667864589687738,-0.22022119919559932,-0.5130681339494753,0.16793956986449554,0.19764745841623213,0.009712977222014151,0.4483186916225461,0.014922468996870797,-0.23969659980101773,-0.24396505890853382,0.3390781645327038,-0.2516631367620021,-0.058998690331092306,0.1705831518965782,-0.00463152730716284,1.30780500861146,2.416826955686573
