,Cov_0,Cov_1,Cov_2,Cov_3,Cov_4,Cov_5,Cov_6,Cov_7,Cov_8,Cov_9,Cov_10,Cov_11,Cov_12,Cov_13,Cov_14,Cov_15,Cov_16,Cov_17,Cov_18,Cov_19,Cov_20,Cov_33,Cov_34,Cov_35,Cov_36,Cov_37,Cov_38,Cov_39,Cov_40,Cov_41,Cov_42,Cov_43,Cov_44,Cov_45,Cov_46,Cov_47,Cov_48,Cov_49,Cov_50,Cov_51,Cov_52,Cov_53,Cov_54,Cov_55,Cov_56,Cov_57,Cov_58,Cov_59,Cov_60,Cov_61,Cov_62,Cov_63,Cov_64,Cov_65,Cov_66,Cov_67,Cov_68,Cov_69,Cov_70,Cov_71,C_0,C_1,C_2,C_3,C_4,C_5,C_6,C_7,C_8,C_9,C_10,C_11,C_12,C_13,C_14,C_15,C_16,C_17,C_18,C_19,C_20,C_33,C_34,C_35,C_36,C_37,C_38,C_39,C_40,C_41,C_42,C_43,C_44,C_45,C_46,C_47,C_48,C_49,C_50,C_51,C_52,C_53,C_54,C_55,C_56,C_57,C_58,C_59,C_60,C_61,C_62,C_63,C_64,C_65,C_66,C_67,C_68,C_69,C_70,C_71,Mean,Std
0,36.3000019719357,8.14789932400432,12.7272540435829,12.1463722879685,19.5951431326928,-4.8019039064525,5.57441848556866,3.16942363186222,-7.96443238102915,3.35224897921013,11.4711076989826,0.147656313355643,4.76365832736308,-3.45006794312429,14.6838684261776,16.068920223587,28.6279201841915,1.57643548580915,-8.95050060973701,-15.6834661118577,-6.85551064647128,-5.26232046424961,-3.77970429680788,-3.65702510276298,-1.61131150464154,-3.23195872064863,-14.6222199280076,-5.11069124367905,-9.07049583277441,-5.55176404314374,-5.29519703043417,-9.78982020459425,-7.2218461887944,-6.12141330992318,-10.180326457436,-6.70388633956406,-10.9643945212822,-7.19532763532399,-1.42771009819534,-6.42517756776543,-7.76505644220925,7.70902953035881,0.296742661152281,-5.61442682935907,-4.63023802331296,-15.5589280312044,1.26759832738379,-5.15678863001333,1.74750907073981,8.98736699742535,11.4873269972988,12.0183766579303,3.14401611179731,10.822546709524,16.5628848131842,5.64424516854949,6.40393899044566,12.0916214710999,18.8691330339003,2.64135781153721,2.2316255395301137,-0.2504117267209577,0.19496011014669715,-0.1518398317355037,0.026230489775531364,0.15884727350862318,0.1358285699895763,-0.19177852964581155,0.24398872786632256,-0.1700471976399129,0.058876278256834835,-0.03865763616799231,0.03115140612948058,0.45132813306490377,-0.3374467625144272,-0.3276514863595499,-0.33661746924923086,0.06043330067004419,0.46809039842823696,0.04745164919514961,-0.13961216770714632,-0.06430003863868719,0.40819699517512253,0.12352503106932478,-0.04914235761186856,-0.025422064551498293,0.2620633676162225,0.02165983329570413,-0.07220615999522495,0.1334410845613478,-0.4586958147914795,0.4487461077194776,0.06559600218784407,-0.1444489468815163,0.21111700763555852,0.008260483574517743,0.005255058021077705,-0.1452693388870866,-0.0619904415122631,0.17825030926844307,0.2430557928239186,-0.19812760031183346,-0.16506523458992647,0.41113819715037875,0.2936833162205281,0.4697297577785353,-0.2087500860977683,0.3145812493695408,-0.06894195981271546,-0.07471121645026059,0.08874256784798178,-0.0699241002460805,0.04238999455915229,-0.32695359022999976,-0.4260042366481612,-0.4171521265629138,-0.5097278242273611,-0.23166256876158609,-0.20849276755788956,0.10856312365700675,-3.137519201228879,6.024118356401684
1,8.14789932400432,100.260993988182,-4.69013684401318,25.9346252058523,30.7942655123629,36.085341369778,26.2237445598305,-11.6415708995957,59.4768890912983,36.8383279169726,45.1816598862845,16.3692356754771,274.310977832543,19.4398739936579,9.75659737527408,2.9479892630423,54.8415958256486,8.51210334406967,-2.26577987415265,-6.14476062389937,2.3191596588898,-5.3334870352805,5.79495943829495,-5.46459337105234,10.0733231064441,11.252079462809,15.6490362324211,5.07336128406823,-4.14255299317095,4.70016233698529,24.3013128428959,2.21835288476682,11.0564257786367,23.7311224261639,-2.49661039291892,7.76862937945711,5.96556400570117,0.870652082535195,17.3058206210004,10.7567694963502,15.069516016293,20.0894054017674,18.8184264805348,5.6465560005438,-0.667129521637933,-9.86479646793858,-16.2568326397643,3.78076233617182,20.5767103655115,14.9004768169394,6.25184994755648,-5.15001266227286,3.8663019632513,6.58861398301774,-8.04873751302635,5.58142253531917,-9.03304581848926,-3.34125161382505,-0.169852897087015,8.72369879328743,-0.25041172672068585,2.571156457321968,0.13728560395691528,-0.08123643662182647,-0.32043377363647124,0.01112204482213054,-0.18376701480207303,0.3360915540863176,-0.34155969432440386,-0.46410307911620724,0.15099854279712469,0.26347072841965247,-0.5554393368501169,0.012833830201118078,0.012357421019523982,0.02219018448030427,-0.12506595885736765,-0.09680828049496128,0.3288294848706578,-0.0018725014258480748,0.08669949962123831,0.2600076639613355,-0.04044613281338694,0.19434880529737922,0.0017585517652582295,-0.446093174366734,0.007202962581806609,-0.004251148961442751,0.02388246870049279,0.26803510592389174,-0.31254348635611484,-0.04194712196831578,0.3176935461479805,-0.11974450715726775,0.38789041154440096,-0.0349234979729352,-0.02730408453399641,-0.2166744296235436,0.3102902411402236,0.05852004779102284,-0.17024449628639807,0.17655285235702756,-0.4396641728664831,0.2208896500674908,0.021023088862578445,0.20727751740498934,0.19592038316016377,0.0753394642531521,-0.5392692337143238,-0.3649329091473701,-0.10423599046400366,-0.11984141531912128,0.14782593575656416,0.19515281760747413,0.38612584169210373,0.0009059720619556395,0.23185374677103185,0.4398381358285209,-0.047854427606759765,-0.26224061367266566,-0.14109179351114842,10.012541834528456
2,12.7272540435829,-4.69013684401318,80.997191878185,7.72752984202863,35.1668522492327,19.7018137868362,52.9101977349961,14.2199255155279,25.0421142604176,67.1730601900858,45.2117210889278,26.6278598055744,-36.0021281471002,22.5349159875428,25.2542415711781,22.4119045726544,42.1536605172198,6.81455810608929,3.99406129253956,12.1331486008643,8.70033501848108,-2.61283759702759,9.75494801030207,12.505661348765,2.60915398915458,2.83193322258993,-9.99458724228479,2.43929867919723,-1.41659536740638,5.47689780509713,-9.7159442197262,5.41207178480667,2.69282637277059,20.9372943246652,13.2709031927753,-4.13849061112538,-5.79238263698463,-1.38267756235267,-3.35919006436034,-1.63526709916528,-15.0937002236101,6.54738152217672,1.62555108858224,0.483382819998978,-15.7206980465552,-2.9469177453745,13.2118759869798,-7.80069583012502,-12.8799786899715,4.41441111764541,-9.00592377745685,8.19966946420396,-0.456612337616763,11.6853855597148,18.6634817733069,-0.0221996843948561,17.0930624245914,2.21514125562047,11.7291904315332,5.02689569712817,0.19496011014610432,0.13728560395794434,1.718229851414393,0.2103431519959977,-0.15407064254159486,-0.07564662244764145,-0.8028251695337901,-0.2754953771100332,0.12074041019008964,-0.2851029992538962,-0.18064649620225784,0.06603261333945046,0.0985931849621328,-0.22526742003086433,-0.16824274000602937,0.08339944877256522,-0.26030357934973913,0.5061699774593619,0.2721673672209718,0.02055629969889505,-0.13254006754790054,0.0626000448358233,-0.507596218048012,-0.20461044637635264,0.0001720400609106665,0.24342533119491885,0.013133616840318683,0.0651249738513222,0.17626689984683683,-0.15251977185572793,0.6008172897038713,-0.01052465871954763,0.2327782319971418,-0.47126534875622966,-0.007594938679123033,-0.047471373056601034,0.11515339489328064,0.009003359675498084,0.023276687041261856,-0.04407415687512057,0.32955600905960714,0.09567209505741246,-0.006818597571163989,-0.17426973858740585,0.3058719326887128,-0.08934175089684984,-0.24642337826748334,0.32304263960522395,-0.11444449479864469,-0.07147386293827934,0.18203225447538138,0.013035330910451743,0.016928818778311885,0.046344812304874174,-0.15559556673608027,-0.2840178168990191,0.15028468457297556,-0.043535012832691386,-0.23765737996577146,-0.18927566170319315,0.5052995391705071,8.999288409545777
3,12.1463722879685,25.9346252058523,7.72752984202863,55.3341618358813,39.1676022506627,35.732027285393,21.6157715117659,19.4277083901348,19.5717067375053,12.4264153954791,26.0292737862395,29.9167807509055,97.9042322026815,32.7564993320698,39.230336763582,31.6653408740569,54.968609485713,32.0665931689268,23.3402097305745,-0.61009072688683,9.91084048919016,2.70389363921035,1.54795882932194,3.09089592384244,3.37598206433418,8.83782723985057,11.3123209871927,4.46556176403986,-1.2417273158521,9.51043428990834,11.5120131161303,6.42094021597457,11.7516747198705,22.1527423260781,-2.75630889137808,13.95376499096,2.70267764397546,-5.55720644678375,11.8076856065129,4.69502776005405,6.5804470507329,-2.49858144542094,8.38411221665907,-2.41754783051411,-5.09904860858809,-11.9250502473774,-3.09339810360353,4.13218693612948,-7.00389355388202,4.4875096474874,2.42931843811925,-8.58043664787983,-6.37895598474727,-3.50834314040128,20.2434622716263,9.86007111785253,-12.4981789348479,10.7585030236471,-16.260872379432,-4.28120900400833,-0.1518398317351807,-0.08123643662017746,0.21034315199638254,1.449094577517318,-0.41565233908821103,-0.02128845331429007,-0.11236223982751072,-0.3438579274570483,0.26486446357374727,-0.07300683845369617,0.03130572628409062,-0.20100147710666835,-0.08893913840489673,-0.028325105847375572,-0.06528976006275436,-0.11985133297579648,-0.014578741156077827,0.11579432160574808,0.19050748858687985,-0.03792054446705618,-0.059748908962122475,0.273916220544952,-0.18902403479158808,-0.2590222796276417,-0.04601089879864086,-0.07056333262382761,-0.08690341893486107,-0.29093807363098456,0.2988721519599658,-0.07236420601863117,-0.06634310989579549,0.06506642028116143,-0.4056187953039224,0.15159941492451984,0.05159547254025367,-0.20550374667394392,0.3430708036882783,0.13725994818604348,0.2252136149810553,0.2375151912883926,-0.27451288366731896,0.3034342880667695,-0.2810849984245031,0.18085759029145898,0.01685676259969316,-0.024392751309047788,0.15664261217333816,-0.4561885055374588,0.24334833310128956,0.05957496456301938,-0.16187907308277735,0.21211247308881906,0.05426453316917513,0.140325737695722,-0.5259238421666385,-0.35438282881015815,0.03799217834476912,0.07561125022923455,0.2553321790470041,0.32591690934872347,-2.300614439324117,7.438021365651036
4,19.5951431326928,30.7942655123629,35.1668522492327,39.1676022506627,106.516321385902,25.3084779668072,38.3051484916206,13.6736172646316,37.6005300820429,23.6383180844826,56.0785538440949,34.7347326742263,107.499696790097,66.4867758506081,70.9038376368712,59.3923231066406,115.269254873773,59.681055047384,37.9759643120567,31.9646275115107,8.61617476274138,10.5949945972987,7.02567127498328,6.34349826963299,4.59245374097163,8.07354187203258,10.6551124704821,0.278432743116543,6.27385798545443,18.0568855067232,13.1441229365726,14.2554706756099,20.4981379855567,42.9567454691037,12.9540762924196,16.8867511919597,10.4260096112989,2.1677784299549,21.9081503114988,14.2724990987474,4.00376102150088,19.2009555149523,11.2687498132141,1.70383567679864,10.1711770948221,-10.7663386554009,10.8898251669204,-0.0789502086560523,-9.54461621835204,6.09174954354548,4.46397690978852,0.926761204333828,-2.44378391423783,13.3993728175135,11.3187176302058,8.86834384845105,11.7387202957022,23.6526964866975,3.33027975071173,8.17771509323142,0.026230489775743538,-0.3204337736381501,-0.15407064254113878,-0.4156523390875511,1.1697132873470815,0.008685175836199955,-0.18481850435514433,0.0811367030002962,-0.09176835937818083,0.4787122809987108,-0.4194412807500254,0.15570351030099414,0.07857499633587467,-0.2798202868536031,-0.31246826390417665,-0.13057409768573752,-0.05137869775956918,-0.015854549794779505,0.0033408747432775933,-0.3808677500782099,0.5056334443907697,0.12283970892741194,-0.00728674644349912,0.2684342854001384,0.19306656611618112,-0.379426059689094,-0.07606916020173315,0.03773993954895358,0.23406590705768404,-0.1168927890346897,0.031474997527560986,0.11460098615114082,-0.013938058360162117,-0.09099611256962375,-0.1611429257443995,0.2638056341870466,-0.05186848671538445,-0.2679389090645397,0.13525400427857276,-0.029804378680592745,0.2294007905906516,-0.005991323358664975,-0.04599401013805621,-0.1593150582787241,-0.45717165709462654,0.23917921524571614,-0.3034381289399908,0.08557904163986428,0.2136772050185358,-0.07355039389948613,-0.021623550558560713,-0.16011678347753683,0.015084584543189018,-0.18326023656218637,0.14091320730072482,0.022020778048425615,-0.1192873081687376,-0.05378159033394231,0.02404557913762029,-0.014365129451083258,-0.7992319508448539,10.320189987878228
5,-4.8019039064525,36.085341369778,19.7018137868362,35.732027285393,25.3084779668072,91.7122919172647,47.1855830881782,28.7946236162291,30.356937739133,49.5529063351196,47.0825336329332,39.3977694073191,134.428709455397,40.3169405881334,30.1031009939679,27.8653044464292,79.3264278592671,50.1847318272921,51.4335461639535,44.1492414842175,51.9889590547723,4.46167680147529,-4.62223987548752,4.29688824537763,8.40436139792657,22.9537439588077,16.5404928658392,8.62195967024282,11.0892650049343,17.8758741143811,23.9953987642941,20.3318408759963,19.3906197226045,41.9454466163125,6.49061534768002,28.1447739501986,22.2639050501388,7.16958983002576,21.7015663502609,13.696596603832,4.27279419822395,-1.77991335982636,11.4395626039599,0.52772216554993,-11.4914074185134,1.8300745665677,-7.42341021329244,5.69343254007533,-10.443105877081,5.87870681781432,0.410301355854313,-19.6495791556522,-0.555134984251171,5.32903662024309,-1.93844207621622,0.626085160341004,-4.47916272505986,-3.33367992214895,-19.3083009065761,-4.42989687986425,0.15884727350913602,0.011122044823761924,-0.07564662244698185,-0.021288453314997163,0.008685175835791703,1.4521204497830213,-0.5825162130494742,-0.08485034971751278,0.31192653771795537,0.11350392616357252,-0.17987457419634956,-0.23684204469356576,-0.18915536638903194,-0.11126114229590342,0.21302021029611506,0.001002943750430847,-0.059663504390194626,-0.0355920191621712,-0.12960145717926572,0.24314684459869745,-0.6139670948431611,0.3122783125330493,0.8368341287435124,0.15952935783149888,0.07866865967801291,-0.4463248227387643,0.05097934927000933,-0.1069236194307157,-0.06836828423937201,0.22964219216015377,0.06915609731928105,0.16420133255122474,0.22420906076037347,-0.2994695946993386,-0.005767041084684692,0.07249988045215774,-0.47186883036774346,-0.06542774566185254,-0.05235886968062348,0.04946240509847434,0.03787942070959839,0.4895687591164483,-0.2080921142893277,-0.04605812678786027,0.2945922442940979,-0.1696889251927335,0.12328713599630077,-0.1877484900539424,0.2994699318887059,0.08247728883949924,-0.003018366384241016,-0.05817288703306094,-0.20042520302823746,-0.03234455147774406,-0.04567876118074467,0.1796075421632099,-0.03606806185649912,0.005344387086888142,0.16264712570174772,-0.019313704851618416,-0.4013952892985148,9.576131364870927
6,5.57441848556866,26.2237445598305,52.9101977349961,21.6157715117659,38.3051484916206,47.1855830881782,87.2919136005657,19.8287750851574,66.0080691237719,71.7876662436332,44.2475397607639,46.3108229280419,57.1850752253341,36.9662599923567,47.0939777197215,34.4522565686742,98.747743565865,73.3296291978052,53.0561022578608,42.5899298196652,36.772968850326,7.15757770733639,10.8139304950424,12.5541460997628,8.93677993784646,15.1417544141069,13.9101172741644,5.41141100852716,7.96883234884995,13.2010691390517,19.1936270411008,20.2347232224689,18.8470963602884,41.8882860089429,25.3183919131596,28.5286434197384,9.3999243078511,-4.06365459594345,23.6252397560124,8.9304490991538,8.07980181786121,20.8225456211989,6.58627532863191,-2.67128889990602,-7.4291441820451,-6.64435492905275,4.03024896729897,3.40003181944516,-2.3430559856706,12.3865973271781,-7.55604423506842,-10.5278117514954,2.40036681259347,3.67142347533684,12.3441779526301,10.3862587423857,21.830842682652,-6.11830553509793,-1.01996791929176,5.17891414802079,0.1358285699892686,-0.18376701480278107,-0.8028251695343934,-0.1123622398271725,-0.1848185043544881,-0.5825162130493385,1.8369954655175829,0.15961066656583062,-0.33749288706682845,-0.13271669609110776,0.08529909762311957,-0.02229112199384503,0.15486872984824776,0.39901549904671546,0.020764661650292494,-0.13268485326259882,-0.09446045074990354,-0.34413641637216597,-0.013691177044547054,0.05922736460240885,-0.062187256713752574,0.4549615538913753,-0.19650670238649437,0.07746598004336255,0.027744358632063353,-0.20320471048686714,-0.1303969510797841,0.13753777644579115,0.026748224576383827,0.18622225559756497,-0.19340289481022951,0.015622184324639205,0.09494435178726074,0.5154225321610111,-0.4483389399918677,-0.10176914013576638,0.3174565735119267,0.13226049984993526,-0.29387888712891147,-0.15913809451300237,-0.22991351499647325,-0.482763484145607,-0.03126950102524056,0.005819720281618492,0.0658508086487269,0.0013326374336148394,-0.03969544130128592,-0.047441948822516504,0.1269304874941626,-0.4270385947321777,0.3058075960437083,0.45881844425577584,-0.12152578640232872,0.1332898126912139,0.02153709349315423,-0.34758416344575266,-0.031644136268597564,0.18558902932831786,-0.077563303393173,-0.02197288000823225,2.872196620583718,9.34247898582414
7,3.16942363186222,-11.6415708995957,14.2199255155279,19.4277083901348,13.6736172646316,28.7946236162291,19.8287750851574,50.7413094384707,18.2241357572095,29.616762014213,25.9730148146151,30.151168447797,-8.05508358651106,20.7293856402655,45.1807722679232,28.9574455988415,51.1407749792867,70.7862754032963,61.4109527567289,35.7882471365135,35.9539814838114,23.4851723376575,1.86635537625208,6.74639948575094,1.65619891402522,10.5632889236937,4.2063900402084,5.71765035378034,7.34037441112226,21.2469608047194,15.3396495202347,19.9944253881958,19.0965064510867,42.9284513400513,13.8332707677498,34.2309715093887,16.8017331844078,9.89936876879392,13.4610846809957,5.70821177684545,3.68722706187077,-3.32898981367512,1.88945970265208,-0.379659597522887,-4.83676263753817,-4.73612728087983,10.8746116832574,9.06379922587005,-0.873008210086931,5.07075200053425,0.438255472306521,-5.97561803154335,-4.17977169341366,-2.79708593159279,15.2249334480588,0.454589574667421,-3.04655536393484,-5.62117567875869,2.14666887559981,-7.84915347927569,-0.19177852964573838,0.3360915540852757,-0.2754953771106343,-0.34385792745703797,0.08113670300055419,-0.08485034971792338,0.15961066656630554,1.9473849964480634,0.2772341312392689,-0.2529807858705564,-0.4860349330938841,0.3221940674785762,0.04880673844369905,0.031021732666279757,0.23435224693190232,0.1421908214666207,0.1992144881454261,-0.3837107072731205,-0.43937131471656315,0.14029414843766172,-0.029821816051882902,-0.5003470494113367,-0.05332957353057201,0.18267297383067319,0.005278176248769627,0.04217480574814068,0.13975345478894938,-0.0553091464546294,0.3471618113560953,-0.35814920973883996,-0.26996581862208185,0.34715208671549114,0.05508179948686808,-0.38835002115834055,0.2665290103128681,-0.265986769216522,-0.5151263159543366,-0.041035802515602696,0.2023664826891021,-0.042144350370832584,-0.18706592000543557,0.0813060316226425,0.030520770005024428,-0.05290429507892917,-0.0012522039014991424,0.27860100159403506,-0.22217301103557102,0.06128620885124894,0.02841396191826822,-0.1916424639363699,0.05355214621177127,0.29789000144862926,-0.2266945044642777,0.01840869771149895,-0.28250567396144227,-0.19434867970584063,0.261695271939781,-0.04559461241184276,-0.0033046673732303466,0.03482803332961136,0.31290322580645186,7.122591483334611
8,-7.96443238102915,59.4768890912983,25.0421142604176,19.5717067375053,37.6005300820429,30.356937739133,66.0080691237719,18.2241357572095,141.976893457562,102.763436392515,62.1544910449398,67.2582054593371,189.49910141791,51.35810299437,55.5109204192511,31.5039378553586,111.919847598595,93.1604977886346,76.8233891291661,63.2998584947741,35.961566480302,24.0101687030293,16.8178117512729,9.48585959190464,11.4371287983375,17.4949403768641,28.5311250857617,9.38148674002538,16.27039594002,32.1063161446783,33.5132915144483,31.7230028330259,45.334335582913,75.7792788835107,39.3737413164527,47.5986263203642,16.8613205956435,-1.42176361830069,31.9286221448202,13.7148282849833,23.8784302046913,27.3954399572101,3.54514502217576,3.8878012769569,1.94246046426846,-5.43159531816436,-2.60003133443008,6.24757222319622,5.99677064043764,6.11058125333945,-20.8162485128056,2.99405988830447,-3.66199440513005,2.13509660482012,24.9763015530758,3.70238756934411,17.927569760822,-9.10642376548193,-10.285822829908,8.35459869644633,0.24398872786674944,-0.3415596943233684,0.12074041019103658,0.26486446357347343,-0.09176835937867443,0.31192653771793755,-0.3374928870667826,0.27723413123960416,1.5247308943157036,-0.25110661115258054,0.03738599280907674,-0.39389623252904593,-0.1789598143491923,-0.045424916707575806,0.31106496475440026,0.050699216826155295,0.06391121492979304,-0.036435081693349594,-0.3150770237326322,0.006766779210896698,0.09880677059936371,-0.1240814332277184,-0.04630318951621674,0.02956390176597202,0.1644951430372967,-0.09513978140046425,-0.039799828340349494,0.11979214662124418,-0.08636738444334005,0.017459389499772476,-0.1054952227645395,-0.1053063312482989,-0.13371526980759466,-0.5127869102048057,-0.6201604182628313,0.12019027284225793,0.11289071354208513,0.08030221507484583,0.18601602414662452,0.18930109130881684,-0.1737348845142907,-0.04162123145550059,0.22197799640606855,0.33026925101227445,-0.12564740092394264,0.4036173684249541,-0.014128108596651277,0.07263373699070778,0.033792956094064575,-0.16250926751907105,0.48912289167880013,-0.3361662035745158,-0.32342393455255847,-0.056826176997839116,-0.6099615964142266,-0.07099640478862669,0.01574749580079285,0.16586975715208876,0.23058874762106538,-0.03720105019174733,-1.9132104454685104,11.914986087174517
9,3.35224897921013,36.8383279169726,67.1730601900858,12.4264153954791,23.6383180844826,49.5529063351196,71.7876662436332,29.616762014213,102.763436392515,173.141790919952,92.7120822752008,75.9872056626193,98.028387026258,43.7328580411663,76.958981222726,52.9557382838954,101.084117574944,77.8363520753038,75.6568435820413,72.6338899617042,51.2275643250489,16.5590160781758,10.6021867823291,11.7368601084976,12.6653162529333,23.672629899332,11.0588790185782,17.373329729677,19.4379888592081,37.5795285934646,23.0411549907818,40.6230603205822,47.3297803257476,73.1441828695427,40.637699402162,44.8999200719393,12.8867314957414,6.46212219157029,12.6949357458529,11.6179414203728,-6.68557612485692,20.8864232394316,2.66234063628169,7.28174726061216,-23.9340047419153,9.88218297010508,-5.68773433458236,5.5556042069252,-7.88934414127953,3.34445640785933,-11.5535162287845,15.0986932774771,-11.6785703482697,14.4546261063924,17.3130799917765,-15.8642094302709,26.4845450974841,-13.1857129617136,9.94437726357484,11.5932382244093,-0.17004719764000983,-0.46410307911703025,-0.28510299925355514,-0.07300683845291232,0.47871228099853547,0.11350392616458621,-0.13271669609194373,-0.252980785871106,-0.25110661115186794,0.9780043808139424,-0.3129140454753594,-0.02685534556322339,0.11582727785309732,0.014172210950517943,-0.08052537946258004,-0.04410402066635938,-0.04044488200774091,0.06006059600784289,-0.12166316093798647,-0.1877229979092044,0.13030931918979644,0.22710394782116106,-0.16022542807276882,0.015366142907093504,-0.20773759290000254,-0.20774242408281593,0.13713786944144646,-0.22473994360907282,0.004502932698864093,0.016611006983363034,-0.21287098176137087,0.1642101856653377,-0.31296192699329745,-0.04542165185931773,-0.10646221239206649,0.10108289583199383,-0.08072561252108273,0.012737161178826117,0.35382397341432087,-0.11034169415571596,-0.014964470522386126,-0.18336759317641005,-0.02347323718215318,-0.044785960520165057,0.3324122703517832,-0.32664298409818604,0.10572461111200811,0.0847844299349802,0.1904895532746583,-0.00944478034770727,-0.05371886769820624,-0.10504074900655053,0.3707638437488154,-0.16095543940219656,0.046045867170270434,0.3930535349003236,-0.12008237994366687,-0.13330387343999833,0.11150416922059248,-0.16125208483992712,0.4129032258064512,13.15795542323929
10,11.4711076989826,45.1816598862845,45.2117210889278,26.0292737862395,56.0785538440949,47.0825336329332,44.2475397607639,25.9730148146151,62.1544910449398,92.7120822752008,129.365716248507,75.1972920677771,140.365074254868,43.9241148704218,64.9542337193506,36.3531882924465,79.763659375615,56.9483614971605,28.1128047296121,8.99524772027884,12.4185619327243,12.2604262539555,5.37826950021173,8.85525447391865,8.12835182347536,13.0083328760757,3.34029744269922,3.99485017595135,10.5707027352085,20.3929230406625,14.5154269703525,19.7101774677907,26.3833983602321,43.3623696977828,12.4482857935023,23.7934251937174,3.10374081109436,-11.267860809824,17.356905355381,1.31258230776197,-4.22154910787937,11.8827294003774,3.9414835712872,-0.157746050881885,-10.1304509360249,-16.2690067453917,-13.5300729333425,-4.4757080933612,-7.80213159918432,2.47020898996458,4.90686028322343,3.48278966493868,-2.78226837019781,20.2000907263528,6.23471966985488,-16.9132655482088,6.24859475172538,-18.3241797407827,24.057390808091,11.8525393011722,0.05887627825690621,0.15099854279759592,-0.18064649620204593,0.031305726284029,-0.41944128074995163,-0.179874574196509,0.08529909762318089,-0.4860349330938264,0.037385992809368565,-0.31291404547550483,1.3086439421819724,-0.4867145091102503,-0.2174452384767526,-0.16534554495989828,-0.0796716606968028,0.16254094348570425,0.323287828109447,-0.12828399290407186,0.3201317247424721,-0.03629318362959276,0.023877480692240535,-0.0871525621798004,0.11919639449087048,-0.19242801492571063,-0.0008578650910767056,0.22193312612830526,0.10809644034183888,0.009682949084267272,-0.265591243272878,-0.1462381927200472,-0.07296975068232553,-0.10808222454197729,-0.06567960425501981,0.016618524096178318,0.24334381906758767,0.01582405766186753,0.2197825437349817,0.2570239118964432,-0.2662810813268207,0.16083523831524635,-0.05417816752669245,-0.013599163665608703,0.1044898170972774,0.02216284434496482,-0.025651831029303275,0.24734372638194055,-0.026142178364207767,0.03216386784661874,0.2615620932214901,-0.10805616357277284,-0.2004468790267265,0.03557543971990848,-0.1505481341335931,-0.21404281158800256,0.18666452190814659,0.4347343972491968,-0.1491764624503924,0.2382041983931266,-0.38892135664771904,-0.4022554019478385,-7.48978494623656,11.373465445874732
11,0.147656313355643,16.3692356754771,26.6278598055744,29.9167807509055,34.7347326742263,39.3977694073191,46.3108229280419,30.151168447797,67.2582054593371,75.9872056626193,75.1972920677771,105.57422918343,59.8181157303069,56.1758988842879,95.6241336303473,57.3828441342766,95.3397876843607,107.864213232023,63.0381245506687,6.25302162386393,18.3841990565113,25.4388493140637,11.3155655535982,2.75075530881272,6.07134070463981,23.5144071048106,31.1358883911064,12.051302309272,20.6930282435131,28.8825902452898,22.2897241032264,39.2045154338891,45.5974113442325,64.5008954393245,23.5712946296781,53.6629387937229,14.4244487515758,-0.39956292006008,27.6008113989925,13.0452294876304,-4.45220354870764,3.73816507326846,-2.04263615990404,-3.28931994581166,-13.1183087280854,-10.8581157515192,-17.5539876289781,-1.926259327119,0.383919741062333,-4.09563990322977,-3.0967065440449,-9.73798689976503,-16.0613926318779,-2.61692124142042,10.8447070426494,-7.0668672533562,-2.83631985028286,-9.77403419874051,1.75009612125038,-4.79756783884348,-0.03865763616816103,0.26347072841849806,0.06603261333869208,-0.2010014771069651,0.15570351030171267,-0.23684204469400044,-0.02229112199343723,0.3221940674785968,-0.3938962325295876,-0.026855345562285828,-0.486714509110435,1.5566676968221027,0.016005196530839875,-0.05558854584866708,-0.20157912348579224,0.19629654023368398,-0.0165624657940457,-0.37241548760207904,0.14375642748645182,0.19779882001970875,0.08954981090672363,-0.1822019897021567,-0.41922741898069565,-0.07665447802256123,0.13561693074869494,-0.199185243126297,-0.2026105274339148,-0.3590580329056338,-0.5389915108751155,0.10860814427889713,0.1403897031008885,-0.26353140983454826,-0.28402493981173405,0.19159661295289726,-0.17561815665784034,0.0636401481308995,-0.13493692310214675,0.06500018842827822,-0.02504554170855172,-0.2306660805372528,0.3145105384492249,0.4591774829087938,0.0021379742071351133,0.024870030898286755,0.2710902647547646,0.2964541518519554,0.21720827981832352,0.2716674429551406,-0.08174090914591413,0.15748178480709063,-0.1683803835917985,-0.001445437166354088,0.051100895649796564,-0.1320840694935108,-0.11731162576318407,-0.2430647127051728,-0.16320686375542098,-0.2164134579525062,-0.10401089893305497,0.5922376298245429,-1.5195084485407067,10.274445444082598
12,4.76365832736308,274.310977832543,-36.0021281471002,97.9042322026815,107.499696790097,134.428709455397,57.1850752253341,-8.05508358651106,189.49910141791,98.028387026258,140.365074254868,59.8181157303069,956.02898561127,104.677532228932,61.5710418668788,41.3017633846918,201.33222384658,59.7783851663084,56.5925270167675,45.1187734430895,49.9228794951627,9.18488655354845,17.5585284878448,-10.4403483092693,25.6993120816964,23.9917767742598,50.2476972561383,17.4606683488185,-3.01951477579751,35.6683245358092,85.1038089127148,17.4332494440499,67.5971687375786,98.1218885890188,13.1844775599172,36.8840593615331,42.9990532628862,17.6281189585536,81.0821919166806,57.8382302387669,67.2453003268581,72.169052248384,53.5863685685362,36.3787810330686,6.03172675635126,1.2083525889265,-19.1559235960988,22.0696466891087,39.8222407449969,23.7307790351186,4.30170504692999,-28.0443064476341,6.86309889301959,28.4430374198166,-4.93607608304373,13.3230478454566,-33.9563578309274,17.369422790954,-19.5899889911241,-3.96712296037091,0.031151406129150835,-0.5554393368505243,0.09859318496219936,-0.08893913840433391,0.07857499633568577,-0.18915536638852973,0.1548687298478653,0.04880673844331676,-0.17895981434894312,0.11582727785318153,-0.21744523847669422,0.01600519653033434,0.3383278194039175,0.043495225148381535,-0.025899008633719262,-0.03253464287427094,-0.07026971980501916,0.13354336687789445,-0.06377764296253027,-0.058281398557395704,-0.04937571728912089,-0.11472593055409423,-0.0893478360135146,0.0017927396004567824,-0.06950705124020724,0.2924280964579435,0.020388399747050326,-0.02676267339131073,0.17944821554744433,-0.10641660194060698,0.005586073180341602,0.08702440038989905,-0.06701185135567761,0.026989737571481966,0.05437656771494807,0.038947545854969734,-0.01994913040530854,0.10857698303181554,-0.17130813721155297,-0.10544926320987712,-0.02533862704166251,-0.2004971597426228,-0.0022245170248309533,-0.26992155286991953,0.10099829646950913,-0.08994385026243304,0.053442255486834726,-0.020971100899552984,-0.010403713357965746,0.09941267814003032,0.11777056807277858,0.028395960958467074,0.01906713933876744,-0.08610108653600175,0.059229383675140995,-0.15548760568766168,0.17883921308816872,-0.1637246786340649,-0.02545384678318014,0.09160146395691121,10.155030721966204,30.91955668523192
13,-3.45006794312429,19.4398739936579,22.5349159875428,32.7564993320698,66.4867758506081,40.3169405881334,36.9662599923567,20.7293856402655,51.35810299437,43.7328580411663,43.9241148704218,56.1758988842879,104.677532228932,96.2816069295102,79.7997905136972,81.7733399042027,121.602288328433,98.4844085866074,70.0146944323614,47.0352453811683,32.9481223790091,19.1852915792035,10.2150535347305,4.84844371000792,2.87539746265554,13.3382392425105,22.0165026059021,7.8004943115297,15.6273735861103,27.9049661949049,21.5613815363031,37.0982004540387,34.3018030934218,56.8363461562849,21.6517033385231,44.5919857261622,24.2262933808421,1.98394237405551,33.5367843795875,24.1284224769847,16.4429038412044,17.5217403500957,6.62273139690229,8.3199227131174,0.131066750384525,3.6736599187557,2.5988753725276,3.16163918048315,-3.02228537231282,-0.755922374146005,2.39557699478769,2.88619815444104,-12.5622062528533,-5.31040664337492,17.7565756383125,2.17185080159595,10.9356152270354,22.0796093886478,-9.50882055617064,2.91683672293678,0.4513281330651173,0.012833830201618261,-0.22526742003013495,-0.028325105847170476,-0.2798202868537486,-0.11126114229561516,0.39901549904622763,0.031021732665977034,-0.04542491670753464,0.014172210950404891,-0.16534554495988715,-0.05558854584885419,0.04349522514833424,1.3242050842630666,0.06079059901015087,-0.5837563609001735,-0.2895731056367751,0.019974974714905013,0.35497539285297364,0.197900078308907,-0.3014251170203595,-0.06241553466199024,-0.1910613966794016,-0.0914910345499398,0.14516137458554515,0.13810866715833076,-0.05572416952610966,-0.06550291882644167,0.02129360764387522,0.1378036645912625,-0.04413135084177631,-0.32360221515371,0.03553540419564317,-0.1176420700425374,0.0382528809667742,-0.13533824577015188,-0.31335084052451495,0.16640073183611695,0.11940874663837195,-0.04053943042253289,-0.5617984591416009,-0.31457400324742285,0.03663426598895513,0.02573087825158911,0.03472294657103038,-0.09623352299451163,-0.11206533532990413,0.47426304455382734,-0.10102708231677378,0.15072210508216805,-0.2453521390516208,-0.11869754963213411,-0.1698498182670813,0.08316175082195952,-0.014678300174884893,0.11037990032101906,-0.13541471276866268,-0.06107852690033058,0.5622990608625733,0.14020431831759178,3.732746823069404,9.811809564474341
14,14.6838684261776,9.75659737527408,25.2542415711781,39.230336763582,70.9038376368712,30.1031009939679,47.0939777197215,45.1807722679232,55.5109204192511,76.958981222726,64.9542337193506,95.6241336303473,61.5710418668788,79.7997905136972,196.828574942978,101.637836792015,150.97340735699,164.939845696743,117.312992267912,39.2199234714175,45.0842928238488,47.4033471490073,7.6922585933194,6.87800711532955,3.06556810632597,16.0081358179372,31.5089011182493,16.0804176071184,25.9134336393111,31.8235044615232,35.8193303511549,49.1983406907288,60.6881330118579,92.9074700239166,38.4810171937454,65.3448355976522,24.1953405559161,8.42358141707967,38.8290579671211,19.3334812586428,1.71599674863874,19.6662456703968,0.646795719985197,-0.975659374020899,-7.21297455762772,-0.75987740416029,8.51533629458676,9.40459774403821,2.11557043564009,-5.6245111946275,-3.64917224475242,-13.7182512877665,-32.9418135946571,-13.3914788768483,10.8940413826273,-9.51555770732101,-8.11932601198816,-8.27444089428953,1.36194986239659,-8.14483329814439,-0.33744676251450234,0.012357421020445646,-0.16824274000637574,-0.06528976006297861,-0.31246826390403143,0.21302021029603524,0.02076466165058393,0.23435224693206658,0.3110649647541504,-0.08052537946273375,-0.0796716606968376,-0.201579123485639,-0.02589900863393813,0.06079059901018419,0.746604725075204,0.0868864277968553,-0.03450030315320261,-0.026961473903751372,-0.4490772239335847,0.21130723795595607,-0.20127578358966255,-0.09740866228762816,0.3040630467261811,0.08893522953993234,0.0647692544332924,0.1618528154328491,-0.19661245218786796,-0.08652461738058613,-0.22562277864930955,0.20711935075486826,-0.08766356108590981,-0.16131552449696418,-0.05304439013598383,-0.11463221344089913,-0.14907209468820362,-0.033178813668774516,-0.08355878850698172,0.3288520689179263,0.17862568902465187,0.0431773497232401,0.005617699407967388,-0.2420161304438399,0.11778910238504764,-0.07154932846445065,0.016963481407400113,-0.21295817546619847,-0.19054316188335335,0.0051823792500603144,-0.1693478674527228,0.11250742935201545,-0.032299295045943026,0.003441538207190759,0.46744211032425403,0.07592393202633743,-0.04303860488116338,-0.07348652854428098,0.2794846245854241,0.17763229528957686,0.04018826969905843,-0.06523907864327638,-1.6914956011730207,14.029204358871468
15,16.068920223587,2.9479892630423,22.4119045726544,31.6653408740569,59.3923231066406,27.8653044464292,34.4522565686742,28.9574455988415,31.5039378553586,52.9557382838954,36.3531882924465,57.3828441342766,41.3017633846918,81.7733399042027,101.637836792015,173.983266604214,111.29120328096,137.867267091527,94.3354695109136,7.35115609927852,13.2546658623523,29.0228550057839,4.02423840992674,5.82485755795749,7.97317139161431,11.2354540089721,1.47812739568283,0.140202623266755,-6.85071728995573,31.4678400611513,6.71567810630091,50.317233398619,25.0719755644291,50.8661107938337,13.9115110406603,43.6058747810717,-1.5905354151585,-4.71958948433016,19.3132804421345,10.2048745949876,-30.335406152624,8.56874666544831,-0.918614851823403,-2.78088417731227,-33.7836271246174,-15.6148611144565,-9.70428782317691,1.24768792947935,-23.2467668391346,-4.17115323034951,-5.26588304517673,8.54563766708871,-31.0857149210353,-5.12295762861443,6.92585882806693,-9.95004918888947,-10.6711339333446,15.6524858330428,0.720256097009348,-3.3343187355927,-0.32765148635994185,0.022190184480351798,0.08339944877182699,-0.11985133297607145,-0.13057409768554093,0.0010029437502623553,-0.13268485326209295,0.1421908214669949,0.050699216826049553,-0.044104020666158095,0.1625409434856608,0.19629654023382412,-0.032534642874200735,-0.5837563609000432,0.08688642779705277,0.8095998969543887,0.25812517429353066,-0.26224553563369407,-0.23428574406089428,0.14764609962086783,-0.03793137486404944,-0.21650554308674402,-0.13385418211320552,-0.19301212861510028,0.05311577699381003,0.038240440449649256,0.24572433108524344,0.2896473549210708,-0.09985863987841453,-0.021793713747245883,-0.22651002488914912,-0.019303703695956125,-0.04792294891832533,-0.07873468582085298,-0.1166501969107995,0.0014557471899526709,0.15706280246004498,-0.010366444915496037,-0.11500052123924406,0.003810502665069449,0.5348032291268162,-0.06711544026775348,-0.040764740901035726,-0.04804129998403178,0.24623634370681427,-0.17152249102136385,0.36759853975474466,-0.061319139268309966,0.3181351540133871,-0.1273589269024518,0.0046749626682379775,-0.029567483063316247,0.2654888102570406,0.10319494350008003,0.002727959011192784,-0.03599516334171111,0.028509372295323143,-0.16524995062983813,-0.2873212815489648,-0.06646870310755496,-1.300953079178886,13.189892592595823
16,28.6279201841915,54.8415958256486,42.1536605172198,54.968609485713,115.269254873773,79.3264278592671,98.747743565865,51.1407749792867,111.919847598595,101.084117574944,79.763659375615,95.3397876843607,201.33222384658,121.602288328433,150.97340735699,111.29120328096,343.260937113066,229.202020373153,170.482745900976,125.681721566579,84.1159541887441,37.1702793198442,7.08735637359356,9.30766208440404,16.2865434398639,21.6342045139284,35.2659489650596,7.84707339340255,15.2263336188406,59.8644826830367,47.8876328707615,64.983637206071,64.8112188225072,113.808903383858,34.1462835955924,91.9887214078263,30.6472552456606,-0.103531739368391,57.415167788555,33.0719437467328,16.7159028497663,37.1203393399945,1.35986843978399,-7.86312081135696,7.96291631549879,-20.3270821917865,-12.0480191391469,10.2309663427887,-6.28893426870468,1.88430699269134,11.7997188877098,-10.6982049751913,-0.492473713815076,10.661398985918,24.7978245077906,7.05843274763977,40.7743331829357,18.1938286764576,3.88719045522008,18.5132473383828,-0.3366174692490539,-0.1250659588574981,-0.26030357934968457,-0.0145787411559812,-0.05137869775966777,-0.059663504390040284,-0.09446045074989848,0.199214488145441,0.06391121493009819,-0.04044488200779468,0.32328782810957973,-0.016562465794083908,-0.07026971980497076,-0.28957310563655947,-0.03450030315314482,0.25812517429348897,0.5535107609717292,-0.33759821325770933,-0.10164345900501776,0.04248605372289982,-0.04318940570865913,-0.04434081655565452,0.0004294793308963494,-0.13690468423864102,-0.0786915755199154,0.16011322236436748,0.16978735538740422,-0.03619506841869322,-0.02569838028320194,-0.36696689597221616,0.003713117509321478,0.027770975521057735,-0.04637854369564064,-0.08506089727130813,0.1461025389022162,0.09684885187893649,-0.03671072490909122,-0.10629687774664746,-0.07134437469632503,-0.22504423169907486,0.017396021392781735,0.0014763743989128243,0.13911354049049277,0.34101823261113384,-0.21116907781348285,0.1417327502493288,0.16711099514105418,-0.10582636265087966,0.25241834137963376,0.1911087975866415,-0.193485145709872,0.02846651273654339,-0.09743252545937285,-0.04518481099440785,-0.06094749684405314,0.1735686913542808,-0.06997255813423979,-0.004922764293575889,-0.10364906462991996,-0.09970639413516162,-0.9012707722385142,18.52703260409141
