,Cov_0,Cov_1,Cov_2,Cov_3,Cov_4,Cov_5,Cov_6,Cov_7,Cov_8,Cov_9,Cov_10,Cov_11,Cov_12,Cov_13,Cov_14,Cov_15,Cov_16,Cov_17,Cov_18,Cov_21,Cov_46,Cov_47,Cov_48,Cov_49,Cov_50,Cov_51,Cov_52,Cov_53,Cov_55,Cov_56,Cov_57,Cov_58,Cov_59,Cov_60,Cov_61,Cov_62,Cov_63,Cov_64,Cov_65,Cov_66,Cov_67,Cov_68,Cov_69,Cov_70,Cov_71,C_0,C_1,C_2,C_3,C_4,C_5,C_6,C_7,C_8,C_9,C_10,C_11,C_12,C_13,C_14,C_15,C_16,C_17,C_18,C_21,C_46,C_47,C_48,C_49,C_50,C_51,C_52,C_53,C_55,C_56,C_57,C_58,C_59,C_60,C_61,C_62,C_63,C_64,C_65,C_66,C_67,C_68,C_69,C_70,C_71,Mean,Std
0,50.6343847072879,47.5428446309145,31.0478927490874,19.5324408412635,18.569858900386,17.9748574318373,21.3653449096784,23.4001045610598,24.7446906425249,26.0095276638497,26.2596558915542,21.9782104594539,13.7332074833643,8.50032314802308,0.390353514511963,-1.88578354893583,-4.37908390823259,-0.463728770337984,5.57349553036661,6.24948840355075,9.70696361942483,7.29171088785405,3.17902603031433,-1.57343350806653,-2.1463290080663,2.59382908692262,5.70614405849324,5.26183894690404,1.39773958697754,2.23670589398954,-2.96806466820867,-11.2780192054657,-19.4262760118442,-17.1762912322934,-9.34087294602098,1.4299839423681,1.04509305912122,3.10759844943019,-3.87212430083192,-3.13170031012478,-12.5676508509705,-17.3676376130529,-21.2940180693565,-20.8915368081873,-18.9919558890618,0.911420844179575,-0.6902916712069944,-0.022141642918262455,0.2344883002717826,0.01703640585735795,-0.05046484643977086,-0.2045332218459582,-0.07472767755654444,0.1085111665859081,0.14520713366449214,-0.050041104123120905,-0.1942980344153952,0.4332110960785542,-0.2979609547000645,-0.05422047083820428,0.05530612789337589,0.12487070465767561,0.01809699111562886,-0.29330157217713737,-0.10217164945231737,-0.03965301488807049,-0.03193105347873172,0.008024956317325084,0.06096409404237578,-0.012431540201486565,-0.1320574993108718,0.021025610772512127,-0.10800452979984555,0.1404258178787274,0.13947786334336487,-0.13148570264998669,0.047577213593578215,-0.020604518092956173,0.22841757695290762,-0.0196246819767021,-0.042649415653687135,0.1197998857807815,-0.058103844755738716,0.0384935064765406,0.031116981258430647,0.16655688456468265,-0.21008243149116068,-0.010313928564373178,0.05263127732098819,0.14629474489813168,3.006989247311828,7.115081496883077
1,47.5428446309145,50.2383225806452,31.2521528933115,20.4480248636687,18.1610309598937,16.4426406625574,18.4843125480946,19.6540014799417,20.4787624221135,21.610360151532,25.4122469139042,21.8134559884932,14.4257026826675,8.04557823513563,-2.68185384492322,-1.51505440125276,-3.99028779216662,-1.60426395119901,4.08278429944264,5.18650213721259,8.45155295624787,5.40290252088753,1.57993846143072,-2.68212136012593,-2.79613197264483,1.29429173745901,8.61472088527522,7.31166718137775,4.48211103133455,5.99345780059509,-3.61750905515651,-10.4537093988247,-18.74031911553,-15.006612163738,-8.23689400699806,2.31019906012736,1.78159532610722,1.78324556010824,-2.40227147014984,-0.574701832712472,-10.7598765310034,-17.3602014374996,-22.02314968312,-21.6519772596979,-19.003634950585,-0.690269996556871,1.072869508216765,-0.4452648071702663,-0.04966709887628364,-0.01443762556588644,0.06704928249366418,0.08836576704610241,-0.0223491735961371,-0.144831219535931,0.021263103592248426,0.06805445593347315,0.20134651625778763,-0.45634602170794136,0.20807373736582058,0.12122170008537432,0.005544724331272383,-0.033661287575713315,-0.05823346426651952,0.21068842350397066,0.05936196709762493,-0.004135706117644844,-0.03770654660911503,-0.12865299856141937,-0.06442628431508816,0.08136605608259398,0.1522544230525658,0.03722544696296999,0.014632185146238524,-0.20350306599043233,-0.342852214136366,0.22715695637817793,-0.12609544098791245,0.12854681497130804,-0.08153084320811078,-0.18330846061891531,-0.0379941762645998,0.13671195715137777,0.09267934930777093,0.012184039137145277,-0.1353700961379886,-0.07168942523009898,0.1855013960041437,-0.044279468308873665,0.046522739956786824,-0.02851349312564201,3.6698924731182796,7.08719426717267
2,31.0478927490874,31.2521528933115,40.6220878136201,33.6672702956095,29.034370184511,24.9549780012786,24.71585578766,22.9797723232944,20.8431263986687,21.1119162610052,20.7917139557473,16.7280303615175,11.5064558615359,6.92553323707674,-1.22351114315246,-6.49981666758984,-4.33209356716866,-0.556840021938301,6.4302810672771,8.64793369423946,9.72702720324538,7.61173329033922,5.62555577908851,2.92323889130956,2.08757540620038,2.45628944972625,5.96518607722481,2.70501844969682,-5.74202975500954,-9.47249844886878,-1.55903450574883,-5.45793360960225,-9.43215116380458,-11.2149003846255,-10.4138079933828,-0.580477457168078,4.03841839906176,6.30854908967476,6.27032304596838,12.9615229829465,10.1415076336095,7.80566305786881,6.91603055430458,1.96582129163887,-0.014888391372943,-0.023641669416727663,-0.44537317887550865,1.3294559672543043,-0.6415743932284115,-0.18237782455658208,-0.04323299114849296,0.0013859869473725056,0.09336813975637856,0.01622404597972733,-0.002767980290923127,0.007784737499796209,0.08138264811470843,-0.280129044428071,0.2070342358366675,-0.08835732701389469,0.006485643805352301,0.0584889232827551,-0.06307413878743029,-0.0339042959648565,-0.03571077895953184,0.1521850949558841,-0.044842884031588356,0.004185930191010518,0.016450531387372788,0.08685356163470113,-0.14749508266146932,-0.2663412841106596,0.035006292197623336,0.09839746268253029,0.3644678744581422,-0.29886607783767266,0.2494189926919013,0.0024610444881306196,-0.17951502591156085,0.45108504065638155,0.047494043179322556,-0.18286902473989977,-0.08963294879772658,0.12958531106000656,-0.045510687950272875,0.07602014954981848,0.0021636832474187357,-0.10037302056013786,-0.035594455675982475,0.03690390829705004,1.435483870967742,6.372761396256734
3,19.5324408412635,20.4480248636687,33.6672702956095,34.5470022675737,30.3186687149576,26.5906234212475,26.3542405726181,24.3099257980574,21.342203600876,21.562839617973,21.3265218435503,17.1060615930417,12.094030469191,7.71168770364849,1.93900146617117,-6.58813985427159,-3.6479140707818,-0.0855179324212606,6.683901706861,8.99923842171157,8.16062540494169,5.96277616395791,4.9609299746187,3.32979448472965,3.53877000874365,2.30690533104485,2.75975690541001,0.477529833686273,-6.31427807799681,-8.61485521218433,-1.71164123032427,1.88483257306097,-2.39920547100317,-7.17286831022497,-7.72766364809444,-0.227111703976434,4.77286324836093,6.48436085106003,8.09851009843436,12.7257926995016,10.6455956706878,7.13517020336109,5.31740659780089,2.28677076176086,2.22999664074149,0.23028364943867152,-0.0479345634083309,-0.6437699151270884,2.568560246358827,-1.7647067636323184,-0.34365827444951547,0.06233206299835036,0.02713291518706028,0.1759812091304445,0.1779767326404761,0.09467630092575066,-0.37937122782299215,-0.04475734881868705,-0.09203607449028883,0.11925473975199596,-0.08339710508530014,-0.07002776904817275,0.21106782173827376,-0.22277494614337626,-0.19635506960121712,-0.11844139835408837,-0.005438352183441646,0.007312446770355556,-0.013215676348821993,-0.05985814928875577,-0.006220264481886365,-0.08925040903203256,0.019212152091100734,0.24586210716673193,0.10978348748537506,0.10449578384942709,-0.22268070970096737,0.1037036633382888,-0.09566196484665378,0.11862469114915594,-0.15090324712826875,0.17151790703454517,0.09911588216887536,-0.20858126908670926,-0.06793893655921016,-0.19627406234945768,0.12213608046723559,0.0773138617835014,0.127900374901616,-0.07756257420502731,0.5904761904761906,5.876819060305813
4,18.569858900386,18.1610309598937,29.034370184511,30.3186687149576,29.0300748390754,28.0017261419168,29.9493122657613,29.9650346304314,27.6121068776838,26.8709584047185,20.4430373048092,16.6773207004189,12.3671922841152,8.9743334262902,5.46757227348309,-7.82877417447262,-4.72916665047727,-2.07010813452243,4.20987695094594,6.58273729124542,4.85579897588473,3.81992120321128,3.62406067524964,2.80472427335635,3.57799599394481,4.08869016251986,1.65433819723628,0.435842507622166,-4.86498540340159,-6.16377680634299,0.188693523999296,3.36381956732984,-2.65875136750844,-8.19298319639524,-6.15940543013563,2.47678217448858,6.65973182859717,8.18501619647977,6.52061606664533,10.1869686216456,8.58464105824587,5.7591918532515,3.63738011341294,0.853548358890839,0.765053845937235,0.014044870651081478,-0.00475917200429023,-0.18082769284629022,-1.7634842583116739,4.097197477474878,-1.3552340211989051,-0.3978196259123728,-0.21362751526228707,0.05702242759204336,0.08304930240211864,-0.054728329191872246,-0.07578328873387102,0.08126010815636153,-0.10367796392587239,0.008394822714106954,0.03511193335854651,-0.08091483045111426,0.17681036788294485,0.017336136654110053,-0.12854152073651492,0.029212696170671067,0.026511782659974097,-0.011754077178054219,-0.07289164295076983,-0.184914373730768,0.1513105690369905,-0.012969756700841278,0.04049592130143717,0.0658715722825525,0.12982109293947103,0.091953360601483,-0.07035005497879236,0.029639839564892922,0.060742643720663105,-0.11776124391926165,-0.0905240572554917,0.020822087868943916,0.07716162371853665,-0.12770137235055534,-0.04108138245753057,-0.04381040446435428,0.03218654242048971,0.0717297421596055,0.00468271060369968,-0.046115427939945275,0.5359062980030723,5.387028386696641
5,17.9748574318373,16.4426406625574,24.9549780012786,26.5906234212475,28.0017261419168,29.7939753127057,33.9410736025284,36.0629928445458,34.3221201179221,32.6534952451436,20.3386160940018,17.0243588128784,12.8992673647266,9.99928236492726,8.99294742357044,-8.76856526315158,-5.56065188654079,-3.92617636216138,1.83320608857655,4.25849700532489,1.65935208950846,1.62924259196131,2.13418602611722,2.02895264496026,3.33512089404216,5.58626750082204,0.746705253949809,0.536999604709337,-2.93218033020132,-2.90184058534307,3.02260315896388,5.74880556506443,-2.33031312845902,-9.54526306207828,-5.63274701160019,4.48260753804068,8.09816756349253,9.78060316530406,5.0332668703123,7.63006980622276,6.44053538423363,3.93024910063215,1.21422983154468,-1.45783665526358,-1.53290557482698,-0.0516356442483174,0.07144708348431739,-0.04226828417466993,-0.34463138123572346,-1.3557897872717901,3.5246417294258285,-1.55545972725348,-0.34499445522168676,0.24100674690931193,-0.15304302290082067,0.005686266956274254,-0.012230997071401514,0.4017269665690217,-0.05502183418134388,-0.05329687303940555,-0.0037553506779847935,-0.028115841051553236,-0.04544181071883843,0.2912993944989961,0.015018010325822867,0.021064319445216504,0.02310289576246446,-0.0250412168033442,-0.06087327714181202,-0.15474061430388786,0.19604211727456597,0.0063224454331600915,0.20991692387152924,-0.29164254458197136,-0.0703368865732456,0.0433657270528625,0.05030420363452287,-0.06594363384661918,0.003135823747380102,-0.008014846841062295,-0.09325367407213729,0.0047256200228656085,-0.014988727387677155,0.10018380774861722,-0.10527578315835713,0.08479364899824383,-0.0027259715571742852,0.03034706664565695,-0.17385988563798263,0.10200077573785878,0.5652073732718894,5.457469680420197
6,21.3653449096784,18.4843125480946,24.71585578766,26.3542405726181,29.9493122657613,33.9410736025284,41.6835623674201,47.2859569545183,47.4285770020443,46.3262249421486,29.9099757045237,24.5814691148782,18.6501038778059,13.8374528006614,13.2736812577583,-9.66164006756184,-5.91428757416606,-3.93951041178804,2.71108065112124,4.38149192941411,0.351211133325476,0.191407280929233,0.251688732889124,-0.22675986705662,1.9749831879212,6.39202310547535,1.5245590098912,2.6305780197123,-0.814765750623393,0.576149022035527,6.37544154836728,8.10742684334336,-3.19513191704792,-11.7622523880987,-6.42049739719284,5.36762857422348,8.7312108970341,11.0272319612049,3.74635337109157,3.83568514326777,2.98776038019913,-0.0105849351510116,-4.0260064760466,-6.17808279390526,-5.60384185344547,-0.20258724938865905,0.08643862407765407,0.002099790694720335,0.06174808519774222,-0.3951910331735685,-1.5556827018400656,3.2507206847342958,-1.1380353625803297,-0.1568528180448813,-0.01235383765825739,-0.08938352813358107,0.024816397199693647,0.10137117309606317,0.0016585679405848313,-0.19544989376400607,0.1239906365742763,-0.025074568029471347,-0.06992186675083505,0.05971157353380103,0.026607166204810184,-0.1577179327613056,0.1314693523116847,0.21675965790627577,0.07565802338052138,0.06577239456110394,-0.18061352846108786,0.03736753269924046,0.13916916688964956,-0.05054465938947462,-0.043987120703032255,0.004261533330322928,0.01478935825793874,-0.07332001294122625,-0.03799334019440574,0.025040063436634296,0.05426032310842773,-0.27813621390343946,-0.014320117068463981,0.015971553832524327,0.08194681980952444,0.010313453451102126,-0.03730082028090521,0.021075145207225598,-0.07261808822740928,-0.008421676908582584,0.8525729646697386,6.455506360264862
7,23.4001045610598,19.6540014799417,22.9797723232944,24.3099257980574,29.9650346304314,36.0629928445458,47.2859569545183,57.3109983176066,60.2796482202118,60.3858698537671,40.0227312475354,32.0682667934493,23.7602756697744,16.302165716158,15.3313877936322,-10.8342458422878,-5.98624529662439,-3.60032853230783,3.86481669040053,4.63109840783814,-1.15106065459014,-1.31577032806572,-1.812201062226,-2.78961282183769,0.250655230736952,6.72216611301912,2.60911060358318,5.1215842679012,1.78552897808401,4.6985222099173,10.3355009787394,10.826085821177,-4.25023969930788,-14.6219222846899,-8.69448013534091,4.09769371419156,6.93709849910567,10.9814322090081,2.50818256592984,0.868223468236459,1.10588048916668,-2.22022953502635,-7.50227283251509,-9.52579439337093,-8.64503475836745,-0.0785174668494179,-0.0228148158735288,0.0991508900892122,0.026298298402392006,-0.21600887625554158,-0.35095487806946196,-1.1404380034952866,3.134597914835685,-1.5435463228903519,-0.1565360691832509,-0.06906889510618079,0.041810069099664254,0.010829087785806511,0.05035482220037956,-0.04548370513815307,-0.03128946571576415,-0.16294273681140892,0.13509977189445133,0.14801802599301703,0.0763204460233844,0.11893916368797008,0.06143610548650454,-0.16648440641904122,0.014641297819872627,0.2352495220842839,-0.05028899643297934,0.021486629895551362,-0.016683708032311985,-0.012395896843169907,-0.10397175623858634,0.034170066122028796,0.03859818635804019,-0.18559295589836847,0.21655679119877522,0.007347098808873434,0.015637111760161405,-0.15809080786294727,-0.01951361533223222,-0.10334623738192378,0.3284646729749417,-0.010782957125587772,-0.07253585092918766,0.007343668479469937,-0.021355181592841936,-0.1923274503995904,0.9205837173579108,7.569742288718065
8,24.7446906425249,20.4787624221135,20.8431263986687,21.342203600876,27.6121068776838,34.3221201179221,47.4285770020443,60.2796482202118,66.6494881897203,68.7366462169639,46.3266957358323,36.1375488976064,25.8400565221878,16.2922271940414,13.8828423153993,-11.7456893033647,-4.53696500063208,-0.997428426417518,6.72424600920821,6.19869818747225,-1.36719301801878,-1.54835822441313,-2.73982829891825,-4.28633447148049,-0.638152609013537,7.04309648048733,3.6404975358375,6.90114089081831,3.02822568174654,6.66435410844026,11.7944177275549,11.4717174386652,-4.49205941334374,-14.6207099155466,-9.9670585182761,1.68239702527256,3.69701881885014,9.82579246955919,1.43264499276383,-1.84705231190422,-2.04698595205587,-6.32631153114118,-13.2680590475665,-14.6696623903374,-13.0944140487623,0.11467105152370252,-0.14739601322180074,0.01497783217801085,0.1824551448643011,0.058256444478649416,0.24701482119358048,-0.1548067959565519,-1.5461773939175716,1.882023316210092,-0.5465778048842339,0.07520028283934346,-0.04076738151676801,-0.14631881835052638,0.31195053083585716,0.028277693151574496,-0.08167559460021297,0.009229160200604014,-0.023465307132667347,-0.1292859361837448,0.19170907988717678,-0.08577830447904132,0.024764426134521896,-0.033155217697324865,0.005634056367050862,-0.14590970619315174,-0.08077807801988934,0.07004924621630519,-0.2990375490889877,0.13078818424851,0.143321708854916,-0.11747922739261871,0.06344541518476506,0.050036175937046394,-0.04368637089968636,-0.1191154748229021,0.165638453109427,0.042174362500185754,-0.05288123801297724,-0.041033684777570634,-0.03915845585542023,-0.11641262717509644,0.03938210456762134,0.13025639211531276,0.018995247931390204,-0.022966004102808864,1.432142857142857,8.163301304602221
9,26.0095276638497,21.610360151532,21.1119162610052,21.562839617973,26.8709584047185,32.6534952451436,46.3262249421486,60.3858698537671,68.7366462169639,78.3538036598152,57.7068218881377,45.4341518812567,32.8771583234136,20.7509856189597,14.3756659119496,-13.2351585944321,-7.7742878626827,-0.492602152276005,9.78724186735046,9.98859040191351,2.15808730540266,1.40634508503476,-1.86584368745814,-4.95753985688495,-1.43765408251521,5.41151989973074,5.8459732664283,9.1599104642749,4.06359675503146,8.0014227070835,11.5117994901752,12.9578141987036,-4.2764690559661,-13.7317069809563,-10.9288378761281,-0.634716417171182,0.527599739724028,8.69022644910958,-0.997006448142418,-2.72614786506355,-0.377898801753976,-4.74498981320924,-11.8420278100298,-14.0729069317717,-13.061791207455,0.1432143252374593,0.02259589069384751,-0.0027387147767985263,0.17446828387786245,0.07953993537490767,-0.15587358496398088,-0.01695156390790238,-0.16111790464026296,-0.5464567423725153,1.034291090940985,-0.02276720586182299,-0.01776331492119724,-0.19058869489788288,-0.39055225891014494,0.04697490996118495,0.2528238538271785,0.14816473480828954,-0.05688556872230228,-0.25362291750193017,-0.38401775484994116,0.1384792896257513,-0.1741015623049644,-0.0195190474904396,0.04081091667610188,0.13307056356007624,-0.050927499366768374,-0.15004114613934014,0.1425896317855964,0.01250833359947072,0.00019447417822562047,0.010301555132209334,-0.1487154469069414,0.15829003146233608,0.00337208886555342,0.17124469492282737,-0.28926118736421685,0.41538142824124746,-0.08776849415360645,0.05247436311877154,-0.1351829533541708,0.18025077086168786,-0.07376939130542294,-0.18572850500201216,0.10710258828423967,0.2423937862404845,1.2953149001536095,8.85120351476652
10,26.2596558915542,25.4122469139042,20.7917139557473,21.3265218435503,20.4430373048092,20.3386160940018,29.9099757045237,40.0227312475354,46.3266957358323,57.7068218881377,87.3742824074074,65.8493065646746,43.2945441425226,20.1266568118428,-0.877745781099109,-5.50180831598958,-15.8137335528932,-5.88593833248411,4.8068793593113,2.78910151879731,5.137227767656,-0.589827857245336,-5.46123005631525,-10.1708311450517,-6.01848237582655,-2.90320921816721,3.87418422478395,10.5566916467184,7.65550914791431,16.3072756712227,19.6084360844337,12.7081195655042,-2.14222685672834,-13.7231490056406,-16.1242850690008,-8.75236713431593,-5.3375519166763,0.221828058379689,3.59400237855058,-0.467371359989869,-4.05596449728469,-9.11646719856174,-12.8143051372778,-17.4720261902834,-17.562929247365,-0.05179812550547148,0.06899576166475278,0.008745635336513832,0.09494033403509942,-0.052827323545476895,0.00786255467020962,-0.09102832930157705,-0.07007797727530446,0.07399205266640532,-0.021926460027480128,0.7362086589587559,-0.6095462151770044,-0.3312288623824447,0.19468392197494072,0.17972967330171147,0.02046760393434642,0.10865039231085172,-0.027701230088811854,-0.10032263525990953,0.09900929260400383,0.015103871276113031,-0.05086423613456113,-0.12278656901911983,-0.0025293689175377733,-0.014372399348489159,0.035151920694299524,0.010999626195221119,-0.2103332291765091,0.11171800490747423,0.02715782892131536,-0.020310591752657942,-0.055302953371137026,0.04096295696958217,0.0860265719985989,-0.0915984728397487,0.020945210050283738,0.08739844357747269,0.018560437100698258,-0.30127189502726087,0.2518078030565437,-0.07761550146916371,-0.057037909171674325,0.016802041579917756,0.10664124006679057,-0.03780476477676228,-1.2583333333333333,9.346886241278826
11,21.9782104594539,21.8134559884932,16.7280303615175,17.1060615930417,16.6773207004189,17.0243588128784,24.5814691148782,32.0682667934493,36.1375488976064,45.4341518812567,65.8493065646746,53.5812056451613,37.8679575471288,21.2218958265943,6.59922414037762,-1.41804339849128,-11.297780960152,-4.97002531030947,2.70455416431487,1.18889902525447,4.73762329493904,0.325455982635988,-3.37621458223963,-6.99040257503135,-3.56365404542572,-1.12811893965106,2.66583895253098,8.15461892813297,7.53907167043129,14.7742850477991,14.9924386643994,8.99203085895776,-2.25195446123573,-11.6606469049318,-11.7630369599477,-5.57752838442542,-3.1896448134691,-0.306065884323451,0.457208047217581,-0.377230493398846,-3.80369976430407,-7.1338569632189,-10.0281711407231,-12.4482988103999,-12.7283796948269,-0.19229718996526687,0.2005795041831171,0.07908772557133535,-0.40071317512825777,-0.07997460872281112,-0.01640438319363822,0.010697861754315875,0.03609944856103622,-0.04047632986666448,-0.018365387352836254,-0.6106846077155745,1.7081797555235567,-0.6858016738872595,-0.19596604538567292,0.12180300878851404,-0.015392744208259658,0.1036983727286489,-0.11645568479449206,-0.19513204665711967,0.08460407257751987,-0.08748395186656474,0.0020086935980750693,0.14966145912835926,0.23504574241334428,-0.13371145420840752,0.02573980512909143,0.2603418504027105,-0.0950985517521147,-0.17874393535853483,-0.37023360678155753,0.004723136951486639,0.07972296050118417,-0.10417817099776186,0.03521829820106252,0.02231066717895667,0.14648673830488684,0.01577273820383823,-0.05144424383613917,0.3693874052505998,-0.14371893233541458,0.11486097658657236,0.029254571405940052,-0.16688528120517004,-0.21435696074837546,0.36978084021646085,-1.2317204301075266,7.31923531833492
12,13.7332074833643,14.4257026826675,11.5064558615359,12.094030469191,12.3671922841152,12.8992673647266,18.6501038778059,23.7602756697744,25.8400565221878,32.8771583234136,43.2945441425226,37.8679575471288,32.261646953405,24.3189745865962,15.8134530540705,3.5263367354178,-6.9391095899044,-4.14435101198541,0.629451291222518,-0.267087855565684,4.76760176050142,1.52975492386611,-1.15151556967339,-3.78138145710917,-2.01516453116298,-1.14226995322071,2.93231559759941,6.49430000858359,6.00962474950883,10.2740395945807,9.40125546467583,3.16783568713288,-2.24799622553855,-5.03255835973799,-3.57830365511864,0.146488997651249,1.81344642434699,1.78709512850233,-0.685811990903225,-4.18014556537947,-7.39410836673734,-8.84807916918277,-10.6849934748317,-10.1499222142963,-8.69944015062835,0.4366121635756527,-0.4588828913478346,-0.2753123919032277,-0.03961978107974574,0.09338592976472307,0.40955833239213807,0.1029378489041396,0.012304184511063578,-0.14209057859024019,-0.1909599638156053,-0.33167590151116333,-0.6861710745778601,2.3821090706158614,-1.0539534069139365,-0.21377516476213076,-0.20140595163098124,0.019955008132238387,0.01891824231815504,0.03801099952763773,-0.03829789042219574,-0.011015656704728944,0.09736058310524422,0.08171391529077712,0.00913684652081707,0.0728176663433234,0.019482008738755986,0.21547690530040656,0.15911162099811058,0.059635404833791976,-0.03811675361042235,-0.05448833095817635,0.009392176951161445,-0.08011070490065107,-0.027328566241396384,-0.0568196345395503,0.042830012384348345,-0.44752036151168584,0.28656901208435526,0.1843554850802769,-0.11876375098568828,-0.12414576301191327,-0.006777609153598806,0.027305497450325424,0.07755474167811084,-0.1008484795731103,-1.0989247311827959,5.679053350110828
13,8.50032314802308,8.04557823513563,6.92553323707674,7.71168770364849,8.9743334262902,9.99928236492726,13.8374528006614,16.302165716158,16.2922271940414,20.7509856189597,20.1266568118428,21.2218958265943,24.3189745865962,27.0758042114695,24.4844294523629,7.4320273152957,-2.67901653582763,-3.35168490059285,-1.58738914553086,-2.01980166955601,4.01683804382447,2.13425911865785,0.697296860997557,-0.808237879739346,-0.54472322835318,-1.09189561522528,4.27127420548213,5.2853300920563,4.34837007380005,5.1682319719479,2.41846149367696,-5.08329403399218,-3.27876035470045,0.576741465899471,3.16328989227593,4.18709959600256,5.36989849744166,4.21418548754721,-0.593099563844947,-8.7690956681765,-13.854031735216,-14.310757418116,-16.0917994785024,-12.0721131611316,-8.16412123032142,-0.2970732855164885,0.20830592233109468,0.20532597257202903,-0.08478476570260435,-0.10094417979833553,-0.041976491926436106,0.004266269611473031,0.050912003087636576,0.31365726026962415,-0.3867478307996281,0.1943207641609098,-0.19426022955279598,-1.0572616706774876,1.7358660826577657,-0.3654074338850954,0.027290754319432817,-0.22679928214701903,0.15480364228113955,0.3859036659709802,0.2539115796459123,0.029982623488632325,-0.09763164738393619,-0.051283832685209384,-0.21179288929255252,-0.08298858731800539,0.07344799885447176,-0.35847456799825034,-0.06710397310269141,0.004770204559320522,0.1910473343851676,0.017057156882929275,0.12786184911693738,0.1039028804539586,-0.16069322001781947,-0.08980612518718253,0.12516037410542333,-0.027881146201817416,-0.1307807254663007,-0.10799780648387877,-0.10037819133756748,0.2820160469925806,-0.15134329737193022,0.2386689512775241,0.06796298892806799,-0.4189486799454463,-1.256451612903226,5.202480582517299
14,0.390353514511963,-2.68185384492322,-1.22351114315246,1.93900146617117,5.46757227348309,8.99294742357044,13.2736812577583,15.3313877936322,13.8828423153993,14.3756659119496,-0.877745781099109,6.59922414037762,15.8134530540705,24.4844294523629,42.9420878136201,14.5103908494936,6.72721655923466,3.07092149715042,0.611922632159263,-0.860743512936236,3.87230842354249,2.55289850318311,2.07769252520803,1.14357084736662,0.349845830627905,-1.98983560295844,3.17017237069732,2.25919193139064,2.70995405554104,1.48742497645907,-3.84475833148106,-1.73537774094158,1.64705630198722,3.74397258638146,4.8749618539422,2.42387597971794,2.24751723359992,1.38657488427423,-5.1328809178135,-17.6971436734451,-12.3490031513931,-12.1165292862975,-13.9011186966345,-9.0450326631501,-6.56432713769672,-0.05518496323844394,0.12193913604684284,-0.08972193052519171,0.11251485026434663,0.005003750785546725,-0.058828294257636964,-0.1985524352597271,-0.046529068552860806,0.027876867070426373,0.0469984999765817,0.17965917701635387,0.12197891688630164,-0.21431710914326763,-0.36585164593804637,0.5506787811646677,-0.12065231467455302,0.07753103881147004,-0.06093185063642862,-0.1206798415368344,0.05531645973923195,-0.1186765463625196,0.09912959790564055,-0.002227424811585644,0.04306688570786614,-0.12265005294224779,0.031066113715330402,0.1551724544040039,-0.13000679366452475,-0.02403520361016363,-0.08360360521825927,0.07068488651239131,-0.05461517855377215,-0.05997533687784739,0.10295094396557758,-0.04625713786478012,0.04396575525896317,0.12344438006781594,-0.06521032214311578,-0.06023816587929143,0.2457032511676885,-0.2469103489565246,0.16204884993473057,-0.04878648857302381,-0.09644771311345071,0.1362748714138101,-2.2478494623655916,6.552258222446676
15,-1.88578354893583,-1.51505440125276,-6.49981666758984,-6.58813985427159,-7.82877417447262,-8.76856526315158,-9.66164006756184,-10.8342458422878,-11.7456893033647,-13.2351585944321,-5.50180831598958,-1.41804339849128,3.5263367354178,7.4320273152957,14.5103908494936,25.731586836103,17.0374731405654,11.8916936979969,6.24449758107974,2.21960404565899,6.29399196938111,2.85552590583826,0.239544241082519,-2.0625550599662,-4.13812078501948,-8.13851098480308,3.08510081377286,2.78751653243893,5.28265631183269,5.07144790523349,-0.67311536132458,-8.86389813577007,-7.31728174930187,3.68918514737689,5.4090949599226,3.43299285833298,3.50382672138077,-0.446959705250647,-1.37904731162688,-17.756840575069,-22.3137399058148,-21.3041372056725,-19.7387996615871,-12.2457856982159,-8.26727571948095,0.05495421182694861,0.006623519384310248,0.004996367367716491,-0.08215582292471871,0.035045544272009274,-0.0033985996468768216,0.12339940358096115,-0.033256052734209826,-0.08156866637692373,0.2515391414787673,0.020706652515190882,-0.015985293549336477,-0.2012244069110458,0.02770229905358273,-0.12052327042060731,0.5714642592157196,-0.060685405922127886,-0.03985402595635875,-0.007372172183179149,-0.12505606369264521,-0.06499426803069042,-0.03141972196502637,-0.008808798567814816,0.01828577907989187,0.06628187219985415,-0.05947504992373292,-0.07536774657318268,0.07526288982953536,-0.14012970341705314,0.005833324021514956,-0.005387284525955724,-0.02385279697022049,0.003715491881976163,0.15093463284861208,0.001329766245314843,-0.15480983078647279,0.18076765315325566,-0.07244858750215752,-0.14661126762876708,0.10807008222701735,0.28342862642666605,-0.25163073433593636,0.03462662263672454,-0.07748810413779741,0.1431407227647752,-4.265640273704791,5.071645377597193
16,-4.37908390823259,-3.99028779216662,-4.33209356716866,-3.6479140707818,-4.72916665047727,-5.56065188654079,-5.91428757416606,-5.98624529662439,-4.53696500063208,-7.7742878626827,-15.8137335528932,-11.297780960152,-6.9391095899044,-2.67901653582763,6.72721655923466,17.0374731405654,40.1088849713395,30.7076846733353,19.3023712753124,8.42089220590434,3.08633501228478,1.10255090488775,-0.547431842919162,-1.46418229278516,-1.75614228181956,-6.89640546710484,5.43120753009377,2.93121794720685,1.296984030985,-2.42160924538769,-6.77446282317291,-7.05060800126022,-11.5911551097271,0.724731185479541,3.10856361472773,1.60543801171577,1.97539826386433,-2.76693071632157,-1.29580424622124,-12.3382687345845,-12.4998475312534,-12.9004159383304,-14.4380623290855,-7.00371480479094,-3.88262223067747,0.12367402219015547,-0.03263463165611457,0.05873578336493813,-0.07276674863033546,-0.08501768857722268,-0.029393838534337413,-0.029153247445335012,-0.1614482868481439,0.010173384782582492,0.14784992738478894,0.10836799143288899,0.10388440301761245,0.02050754309999165,-0.22679693674914356,0.07736319249500563,-0.06092364614684982,0.7732374108686227,-0.6962596603328527,-0.1879170281921212,0.15573107925634544,0.14292823589510165,-0.163816662213242,-0.15378870751655294,-0.004333293931455387,0.33559607929604063,-0.09080323293927636,0.09474193338739365,-0.055223377931118985,-0.08070795232468657,-0.08309825209795532,-0.11627808829063879,-0.0327841962213798,0.16422445475395617,-0.005996323748069867,-0.10500446319035525,0.11403899051712738,-0.03342437448417072,0.17130330928450965,0.001841707281728873,-0.019195539616061835,0.01375884643173663,-0.1727962042213112,0.009017598151692258,0.061254688944426046,0.16859104212665432,-1.23170297444491,6.332368038209676
17,-0.463728770337984,-1.60426395119901,-0.556840021938301,-0.0855179324212606,-2.07010813452243,-3.92617636216138,-3.93951041178804,-3.60032853230783,-0.997428426417518,-0.492602152276005,-5.88593833248411,-4.97002531030947,-4.14435101198541,-3.35168490059285,3.07092149715042,11.8916936979969,30.7076846733353,29.4089044194413,23.1810322451497,15.2039960097826,7.27264201158326,5.09343993577525,2.40980699818031,0.0591428909394731,-0.383795710077446,-5.81356267168561,6.45738009662866,4.18191735830193,0.154010272760955,-3.92842113326391,-7.01209678182891,-4.50748145094822,-5.60965181344386,3.09437787043485,3.5501400583119,0.755651304734932,0.722315871391465,-2.31142938168429,-1.86631579141365,-9.74955486898188,-8.04139921541499,-8.43082410165716,-8.82677847996371,-2.05573076113859,0.841726625477674,0.018040407980073173,-0.058689915980762876,-0.06290555751202748,0.2131774153338579,0.18342106034058686,-0.04299246356040994,-0.06699736257607494,0.11996251094470582,-0.02683659802600662,-0.058487540269981396,-0.028218099015049937,-0.11449574973294391,0.019224906183573528,0.15516091511213398,-0.06147849219722985,-0.03872368265379484,-0.695447322553895,1.8729372232147836,-1.3279553620366424,0.21824949189184784,0.03584887781780597,0.15287787574293998,0.07852958608418484,-0.09851109921897963,-0.5874686039700834,0.3678027316051153,-0.12311023538739066,0.15959977989267982,0.03803896033962905,0.12818257776503836,0.11620787513918818,0.019852658671857138,-0.09625140230540272,-0.01684679255419246,0.23981664302907085,-0.071860787921937,-0.10843340674476536,-0.035586385448854,0.03481359691138955,-0.003395482665304294,0.08234149496402618,0.038043165208994395,0.028003952793004064,-0.078906774514038,-0.017643386022762424,-1.4290252757994695,5.422075656004929
18,5.57349553036661,4.08278429944264,6.4302810672771,6.683901706861,4.20987695094594,1.83320608857655,2.71108065112124,3.86481669040053,6.72424600920821,9.78724186735046,4.8068793593113,2.70455416431487,0.629451291222518,-1.58738914553086,0.611922632159263,6.24449758107974,19.3023712753124,23.1810322451497,24.6383823912263,21.8282478846433,13.2195396699865,10.1974980882212,5.76596160449325,1.20876847725435,-0.0582223501224234,-3.68059566647434,8.5584453298564,6.698147736252,0.608739246839345,-3.43406906903926,-5.31849697110799,-3.09069767072494,-2.60928815910393,4.5732849161035,4.50344907881645,2.23102575651819,2.1544551954662,0.609017867323975,-1.11406395750642,-4.70930237098258,-0.0992229612810419,-0.143039787129885,0.703433666239566,6.0770184218027,8.1368322333909,-0.2915217351963794,0.21130095910543273,-0.03486765747347224,-0.22834432846168298,0.01769398204502958,0.2922370734759559,0.0628531435474572,0.16211657784197417,-0.12141475756024732,-0.2540647700709191,-0.10213792272963906,-0.19356764100731738,0.037219618842535454,0.385502279766459,-0.11855264101907369,-0.010506906479329801,-0.1881698276698276,-1.328868935938405,3.0701066844915417,-1.1026218913436487,-0.2818175548185521,-0.0066720704916013816,0.10904415631731884,0.29162277773389067,-0.04929761102630919,-0.10401443482763689,-0.03591537580751822,-0.23060175707920208,0.14104867716421074,0.14733015684168482,0.06069971653117718,-0.006031596063430348,-0.05168964352181562,-0.031078047994372752,-0.1490712673793315,-0.05168961420511015,-0.012604620728006348,-0.0017013674930863316,-0.09007406686606173,-0.07627416043706862,-0.09675051246630358,0.15712820194613475,0.20867154789143472,-0.15667461461509494,-0.25545447612728506,-2.0403260717776854,4.962699103434167
21,6.24948840355075,5.18650213721259,8.64793369423946,8.99923842171157,6.58273729124542,4.25849700532489,4.38149192941411,4.63109840783814,6.19869818747225,9.98859040191351,2.78910151879731,1.18889902525447,-0.267087855565684,-2.01980166955601,-0.860743512936236,2.21960404565899,8.42089220590434,15.2039960097826,21.8282478846433,25.4056848272056,16.946083367298,14.6944526712138,10.0849711985363,4.80414818154692,1.86953994455717,-0.963965050717431,8.32908588981964,6.28798840628508,0.914600873680194,-2.99785943199593,-4.03301576717443,-1.84378628895119,2.1411740979895,8.13354337733651,7.33406538324223,5.03325681533844,4.81306971930372,4.21913385924395,-0.908666028945816,-0.468165002673488,6.67584321974153,7.6987024002396,10.3172773676127,14.1789657180891,15.3944223724779,-0.10195543500307346,0.060160833191359196,-0.0352258117435537,-0.19164754006486545,-0.12229399333959583,0.01694186290352878,0.027920575451519315,0.07854550434283405,0.19095846012579087,-0.3805420677300214,0.10040646632492964,0.08579435932175342,-0.03950832367652709,0.25291055948864144,0.05607670223358764,-0.12497259708151834,0.15609926839476537,0.21632642236546426,-1.1030076755703224,1.3738988107175691,0.005621422779806634,-0.04889119101564504,-0.052406856026213894,-0.23421560628283863,0.12754081702532077,-0.02847820496072376,0.02592772091464621,0.046242853777174776,-0.19013662388581673,-0.1987124609666799,0.03267907337173648,0.07586364546538754,-0.03712330580005811,-0.04530345331105134,-0.17095795909873468,0.23759825128950485,-0.11294736213096546,-0.1056609850618528,-0.014258268518054685,0.2255212793083741,-0.14920604143051364,0.08220574594908278,0.05505864558148747,-0.031147151219724282,-0.21583982267870458,-2.9914118139924586,5.039413143135374
46,9.70696361942483,8.45155295624787,9.72702720324538,8.16062540494169,4.85579897588473,1.65935208950846,0.351211133325476,-1.15106065459014,-1.36719301801878,2.15808730540266,5.137227767656,4.73762329493904,4.76760176050142,4.01683804382447,3.87230842354249,6.29399196938111,3.08633501228478,7.27264201158326,13.2195396699865,16.946083367298,27.2777932748042,23.2898567331795,15.8707238827955,7.03321823683859,-0.194436056864084,-5.1600716546491,2.01257844252689,1.02932894802462,-2.2644870823558,-4.41506260667437,-4.05834648817851,-6.69434789222033,-1.42778418590441,5.2444537409848,4.34774702308969,3.16004364929192,5.36774358792263,6.95714639922731,-2.42147582697771,-0.437806343359146,6.53543131212532,8.75425789519514,12.7679137821239,12.8478330274496,11.4275866243555,-0.050110342280939475,0.002011031536787493,0.15601855057230762,-0.116383281778066,0.018383072350978993,0.015745787712697225,-0.16331323734971195,0.11819609123609243,-0.08616101045365623,0.13915967846350275,0.017973053159035284,-0.08853112027295015,-0.01599403532541652,0.030129471156408964,-0.11921153707413244,-0.0639082858834208,0.14396910076530522,0.03663097331928275,-0.2815840538844194,0.005051452821289415,1.5371354886778472,-1.4037269949198017,-0.32524775278443513,0.2573933482289982,0.2349731611656567,0.114181015849455,0.015401202101692955,-0.09853444925715306,0.13069294140195492,-0.016082246814896613,-0.11665142601380644,-0.008979426277290913,0.20209233352514086,-0.18278689741401222,0.10468903479397332,-0.0012250144274739887,-0.2130982370455319,0.3531959250750352,-0.11936289961103315,-0.08656658464597027,-0.20549983921750176,0.14771510043109293,0.027425752065632806,-0.01051666210025757,0.03099791870818586,-4.837658846529815,5.221857262967288
47,7.29171088785405,5.40290252088753,7.61173329033922,5.96277616395791,3.81992120321128,1.62924259196131,0.191407280929233,-1.31577032806572,-1.54835822441313,1.40634508503476,-0.589827857245336,0.325455982635988,1.52975492386611,2.13425911865785,2.55289850318311,2.85552590583826,1.10255090488775,5.09343993577525,10.1974980882212,14.6944526712138,23.2898567331795,22.2855370913435,17.0923717301519,10.2734202250724,3.59980246530014,-0.277307167585196,0.244608254790585,-0.83883708565923,-3.4149125256779,-6.02499116230469,-3.61988185273315,-3.5992833730013,2.55178938277995,6.65060898079827,5.87123580490882,4.46724025078196,5.63384697966546,6.96103821986476,-4.08514522321564,1.36534523029651,8.88228827819066,12.5778411564723,16.7671922500912,15.2270074349937,12.3026845277949,-0.028741050620699395,-0.03461265748592193,-0.05169920836483566,-0.004560986395601388,0.02448351145389794,0.025065848918073175,0.14034706180214893,0.06100991710841496,0.013369315849288846,-0.16743022558686668,-0.052680422046494674,0.0024766473597394186,0.10772600146952495,-0.08582302518210663,0.09858855131016918,-0.031299480712993794,-0.16378720222194948,0.15092495909200515,-0.007605411762564535,-0.04639838016014241,-1.4010369865207513,3.10905172894466,-1.437739235496639,-0.22154495561938137,0.2330644380890957,-0.0705675916199417,0.0007492152033142629,0.026239197217874745,0.00131540166271491,0.00780789150530686,0.14774045313337636,-0.05116634683743394,-0.04157324330555027,-0.05543339618968284,0.08019042791454392,0.07856928274870899,0.10628264962837838,-0.5670533304961288,0.4136482361048377,0.025713074969301388,0.1199711337228574,-0.03163516106748915,-0.018606709605005614,-0.10087517557727015,-0.03893206620556399,-4.344658567239212,4.71969671603415
