,Cov_0,Cov_1,Cov_2,Cov_3,Cov_4,Cov_5,Cov_6,Cov_7,Cov_8,Cov_9,Cov_33,Cov_34,Cov_35,Cov_36,Cov_37,Cov_38,Cov_39,Cov_40,Cov_41,Cov_42,Cov_43,Cov_44,Cov_45,Cov_46,Cov_47,Cov_48,Cov_49,Cov_50,Cov_51,Cov_52,Cov_53,Cov_54,Cov_55,Cov_56,Cov_57,Cov_58,Cov_59,Cov_60,Cov_61,Cov_62,Cov_63,Cov_64,Cov_65,Cov_66,Cov_67,Cov_68,Cov_69,Cov_70,Cov_71,C_0,C_1,C_2,C_3,C_4,C_5,C_6,C_7,C_8,C_9,C_33,C_34,C_35,C_36,C_37,C_38,C_39,C_40,C_41,C_42,C_43,C_44,C_45,C_46,C_47,C_48,C_49,C_50,C_51,C_52,C_53,C_54,C_55,C_56,C_57,C_58,C_59,C_60,C_61,C_62,C_63,C_64,C_65,C_66,C_67,C_68,C_69,C_70,C_71,Mean,Std
0,275.312563470729,30.3483936452616,8.79684953982513,8.05835974512743,8.64361970174327,3.6925320006675,-2.71732064923472,-14.701311758413,-19.0156262222022,76.466422808775,-0.0025674567186147,2.14812196924063,8.93502964213282,-18.7188586361846,11.7575617568385,-13.1933495746367,10.2854174902511,0.529936889210532,12.8405030526799,-0.677226691492453,-0.286284817909836,5.56013718849905,-1.18095935077647,-11.2219151079424,-7.89007104523598,4.45847271408715,-3.20678813461435,8.41496824087777,19.9336523905464,33.0806165779612,69.8352892863148,56.5127442867229,30.4848442108453,22.3421761703793,-3.33463210138937,9.09007106525279,-22.5451471800919,61.4140844834521,16.0753693755083,29.3056281338964,0.665946367863109,17.6699651653242,23.091576411966,-19.2892906095789,-41.5296429999466,-17.9052791391396,-15.2038138405666,-7.12353324332631,-7.25718217189987,0.20922819717713512,0.00094754374663381,-0.027513418509168684,-0.09090263471953608,0.059781580819000764,0.1826798312684033,-0.04191534489640258,0.06434409788335016,0.11728503356176755,-0.32233605604146015,0.10537992283937937,-0.17120941251366378,0.02424094451753706,0.00025933530430723915,-0.19917066475956952,0.15563871349536942,-0.08961379672724588,0.021461030926892624,0.012285149340912177,0.0852049452242022,0.030850222227791272,-0.08953008576895922,-0.06489812578207271,0.06109073966389453,0.01982295458747115,-0.07519245325181188,0.043090729092884285,0.08545148532269875,0.1701994793218483,0.038911385833389905,-0.10788185109375437,0.04880863431174429,-0.023624410493143646,-0.05532533177109277,0.09521653410699503,-0.05757681454006826,0.003649832492496602,-0.06714187461891295,0.09891118230401766,-0.022693074916720506,-0.005130252901401532,0.019129379714186195,0.05314002329414466,-0.0089207162257474,0.12301830559920655,-0.13322899489615975,-0.0038811267357740627,0.11445123715819965,0.026545831811838793,6.7897849462365585,16.59224407579423
1,30.3483936452616,178.451087216248,14.7441062778149,6.4618244744749,4.78370130587346,-2.69851114969422,-9.75194291940756,-14.2046990016584,-4.34846019581608,13.9222589807025,2.10528868933567,0.513725730067529,1.60140241460265,-10.5237727574941,4.57573350440513,0.175277616842435,1.13074729957095,-2.16437856762056,12.7428307352797,-1.84889307726268,-6.10915249003681,1.05551630489977,-3.28139243369448,1.01589899737052,-13.5624900628301,8.86921996272261,-2.59017993358397,34.7555468870427,4.11577552304583,2.70463097225935,27.1845716012348,27.940436124073,8.11417437034051,-0.200083378848996,10.2391545393078,-16.6505158565508,-5.54235670675582,16.8973743370761,12.3420214423969,10.3562282644205,-16.0405859103729,15.9170448840145,6.03375761905882,-26.2633405681543,-34.8465145566609,-27.4148396418775,-24.5343889430206,-10.8207970085335,-6.77344580100656,0.0009483315182963944,0.28158613878034255,-0.11792854536921978,0.06634520580483402,-0.010266970610308951,0.13867931591852656,-0.030906112364338562,0.09166170928298527,-0.053828771178161545,-0.08159416240616893,-0.02776302580844584,-0.027976150086109427,0.04427038272330006,-0.022206621407728364,-0.02031251687422241,-0.027004758777250445,-0.015612537544066005,-0.006977998800950811,-0.03354311040990155,0.06966071360298635,-0.002730555256350895,-0.041447368163944634,0.04911727334293847,-0.14621828722795885,0.18986966546359235,0.09750557800791096,-0.01642298071268169,-0.7236894032112084,0.05541903396387112,0.042630914925865314,0.09238311230261696,0.007146926197443189,0.07147254297163219,-0.0086547765846575,-0.2454943683835317,0.023051877955953738,0.021445887852710552,-0.040364066350351765,-0.030520343742533276,-0.06058309129582938,0.0838365786325878,-0.043366656730554676,-0.029370261287543244,0.03551228745191605,-0.021726669943375097,-0.018024273634515108,0.03560781027145867,0.2147845527373487,0.01103803209246466,4.520430107526883,13.358184278420792
2,8.79684953982513,14.7441062778149,28.8195250896057,7.86696449743873,2.37561390739382,-2.55461604259805,-7.29644356818164,4.89422976663794,3.83580637654852,-2.38690287251053,3.8409602310691,2.90431276839114,1.44719703300286,-3.92614267238956,4.55541476344856,1.70786393250264,2.85727666907166,6.03658508713094,-9.6634100914308,-0.289610477795381,3.18191038598023,1.53647147252248,-0.536309276778929,-7.12142587356445,-4.22268033336674,-5.53626116735078,-2.16445762666076,1.73747624521124,2.31960368248884,0.813773723518384,9.54168627881503,12.9352279249053,-1.67012767800551,-5.15360693177511,-3.07718653387637,-6.13389481604518,-10.6967744301041,25.6489141921271,4.0875387072408,8.25435186149784,-1.64479356112581,-1.32833617047316,1.68968645913759,-9.10216042933998,-11.1808270343786,-7.97501894731108,-5.80908902329627,6.05130062484186,-0.701944614309538,-0.027729223508171762,-0.11692996293762781,1.0676182187753387,-0.3295310617903506,0.14754170919756154,-0.037843208609401706,0.21355337244190398,-0.23254711036685963,0.2223470156303138,0.1570671289385968,-0.27910840078823146,0.09208093667659983,-0.07837439609050845,0.16186514466510166,-0.1448132791247097,-0.0556725586656361,-0.18202184980987304,-0.13944473741754587,0.23366140648767067,-0.27351271632239466,0.3254784918292695,-0.30898032695544325,-0.14311325605594516,0.06796601573682166,0.1286926953475559,0.19003541533711876,-0.26746412185154306,0.0730343497646258,-0.12652050374417534,0.15046993975204428,0.10466453897675575,0.21358298596228437,0.3834719744061471,-0.05654153068986536,0.3783131819006449,-0.14758706209748038,-0.1114263835137586,-0.3080053809503726,-0.11671377654969957,-0.33228140318562005,-0.14245795659368574,-0.1002903723267627,0.061976123966551236,0.22828070622814092,0.03125015039448339,0.06972152469733293,0.1457072216301595,-0.5556849665882715,-0.1165310277145219,3.0016129032258063,5.367450520461807
3,8.05835974512743,6.4618244744749,7.86696449743873,35.9784617682198,-3.2227284604922,-11.156265766776,-4.48663461505672,-3.96015938952721,7.60610949541483,-7.2425482549929,1.34930375906909,3.89562151722928,1.50997974385725,8.67688965091563,2.02562775856531,5.17299024063297,1.20375350078725,4.34410005032828,1.1271054727772,-1.28971135758032,0.242281078553284,1.2064736221489,-4.64335653212436,-6.80629331479427,0.555590165665428,-0.649560344013616,0.528116139500819,0.530538616918028,6.78211673947328,11.160963681481,9.86175654791564,7.00663504043419,3.66974505256227,4.55871126200461,5.32764737387241,-1.17466558503874,-22.0078076280897,12.5429982239632,10.4000273275478,-2.78013348108105,10.2208108373429,-6.87938954916408,3.88804938402614,0.543359771128188,-6.48947047050411,-12.5275868272818,-21.8823370251738,-6.68807704680503,-3.39940887136844,-0.08942655446581198,0.07020630933314395,-0.32463146296049505,0.926546703798797,-0.3440836387204462,0.30569594250802284,0.30455005585601524,-0.08991706669910611,-0.3594352572433333,0.10901782375560921,0.025180418376293645,0.29082877372894167,0.2189809574522921,-0.14721875814862695,0.18679072609594796,-0.36109728385313306,-0.029266939736078953,-0.06947629401148953,0.03334837286095279,0.11111665035829622,0.21150555673588828,-0.010411048065971311,0.07587999795580443,0.06956902746484316,-0.15095047749839116,-0.09724297862390355,-0.025604318868814133,-0.0062416738972583975,-0.06156564281438058,-0.38508333551917207,0.005370873478973024,0.191291758842059,-0.14655032149492142,0.20363548288069777,-0.21965990796027507,0.0987930018731376,-0.021230252127672513,0.010384214174255686,-0.31337979509037817,0.290269301579564,-0.050445457597820285,-0.04034623695519003,-0.1987811061902523,-0.09108275189888218,0.03640789343324902,0.04272070587100532,0.11637711823802285,0.6258943000608571,-0.06007212702954879,2.417741935483871,5.997371238152581
4,8.64361970174327,4.78370130587346,2.37561390739382,-3.2227284604922,27.4366177096287,9.73557325918153,7.63748152855763,9.62879151430374,12.4072964041226,22.5188965490036,1.02399853475062,1.65868324575234,-0.180034160301143,-2.70339455064334,1.3041627327166,-0.40362079108758,1.60816946775027,4.0219462847089,-6.78724759778474,-1.53642283130443,10.5943598378699,-1.79512532174538,-4.62097724339055,-6.00973431837282,-3.47426262169703,0.561653338316437,1.59370861671075,-2.29565542146567,-1.98789441050974,-4.52457233523946,1.19926826711868,8.10164395196537,-6.27892593741735,-17.3933042330711,-2.85105412955924,3.94507786881724,12.3792727947093,8.47188363839385,-3.94191041224498,13.3073558165701,-26.2889339536047,-7.65888875640585,-1.56206792929327,-9.96485172498233,-11.4641234322494,-19.1606915073588,-10.7617799592726,3.18321225790616,5.97286191423303,0.05887196217985335,-0.008956005523593453,0.15351451437535563,-0.3485222491847616,1.5160587380046822,-0.17658796304496674,-0.11394265873568281,0.14886328518755734,-0.4607819843323419,-0.2174324188393093,0.17075733845423194,-0.013604414210264877,0.21778324659769427,0.3911658285977112,-0.16541066525876547,0.024631097190289192,0.21384207870032426,0.006780307121455899,0.05264521263759682,0.3532121667211493,-0.15063333044759636,0.01423408511781629,-0.0012566537557171485,-0.1740086423706417,0.0315269305228054,0.03175156088300157,-0.03931997128448355,0.33041443647615,0.1008096844975737,0.043216612928836495,0.10788518678894869,0.28555032963756016,-0.1189420451330704,-0.053530803363576074,-0.10470181500445278,-0.22569124516225234,0.03321649933228063,-0.18553454903208316,0.7952340916447707,-0.548437667561105,0.3280652022731835,-0.281301459214251,-0.23991504986602352,0.2872415578477115,0.0028882983122581855,0.3795996864268225,-0.0034470648976770825,-0.151193968410745,0.008383870664969314,1.5923195084485406,5.2370428401559455
5,3.6925320006675,-2.69851114969422,-2.55461604259805,-11.156265766776,9.73557325918153,21.213616670324,9.88248547070577,12.8439973880725,4.0169667281816,24.8020563283219,2.39525457956924,-2.71139546071945,-0.639338480108056,-3.19654424163145,0.44711921240287,-1.00739122874366,-0.789103351661832,-0.220095785812366,-0.824311329087686,-0.733550970492262,11.0946679363753,2.50843442411982,2.81424630692379,-7.49638270865783,-8.41788047683569,-1.23705002175832,1.90949204200034,0.0218361269979048,1.79022483736486,2.2851362665929,7.49364532571559,7.40928569312759,2.25332139628417,-4.05510098558962,5.10840466540914,-2.15668513931776,33.619322928184,8.39572678550291,-0.631501298860326,8.06397709059696,-3.70380467314957,-6.30869468283727,4.66308784657341,-0.783480423993759,-5.87662468704438,-5.68458681702449,-5.29384661526147,1.8589960340594,7.19794645840257,0.18085270006677234,0.14182596987216642,-0.03845470412884123,0.3025075235727306,-0.17290641534445458,1.8702530327020075,0.034614947857407374,-0.2760090120772736,0.27905745348574074,-0.44193282404528655,-0.5003075315945835,0.0330282045238907,0.2833817643842209,-0.014844940304918623,-0.010240599474868502,0.07156304021524693,0.010830539774566125,0.5675378395798887,0.17803090719373527,0.04916519302460762,0.35771874385447666,-0.12135530489618508,0.003112178905495605,0.16756487575755952,0.5715903546209156,-0.04520071144084184,-0.5643921915820198,-0.26784095404284014,0.008541691792469367,-0.12894038157258475,-0.28479339622367783,0.12377522692896314,-0.32880161933876717,0.19212801422950185,-0.22995873179739645,-0.13911134271208497,-0.11948483675711083,-0.02306390611371661,0.42025129537395656,0.007527156467461841,0.0118337483534467,0.2611071958930602,-0.1823701316221431,-0.07301688744570975,0.3564374382796687,-0.2557966491319756,0.10347265089441747,0.12047565651541815,-0.29846354057661223,1.0375576036866359,4.604738501839604
6,-2.71732064923472,-9.75194291940756,-7.29644356818164,-4.48663461505672,7.63748152855763,9.88248547070577,49.614923137176,20.9325437651107,12.6355747508756,15.9332803144849,2.20259709054705,-2.94791617319016,-1.99325617550982,0.128883556823043,-0.651989300935486,1.65428338933282,3.3436579792934,2.27192455996963,3.25015429410113,3.74780454766278,3.12496729319283,8.89090372024766,-7.80653230397233,-8.56353493949755,3.26628151376424,-3.35269772905665,2.46542199691482,-3.70465586585047,6.53889641302776,6.17399560706469,-3.04782054504092,3.83024900736988,0.0760965953104947,-1.45600076716513,5.92818143721898,21.9404790299601,-7.15250421207477,0.548285293073779,3.51335670322018,-4.69519341514063,5.23324092482201,-8.96228920936076,-1.83127612114575,-16.6424992873928,-6.01072033111516,-5.76398281086216,-14.3281240073975,-3.8084731769116,5.24262557558268,-0.04188064477112693,-0.029707049073494522,0.2161967148820529,0.30528695493625807,-0.11268234831210092,0.035885073786426296,0.9110845841180635,-0.37635696736119895,-0.4035523546174106,0.13664178815286432,0.014272177740485227,0.3207988094126472,0.21579452484269576,-0.11084270316168075,-0.052905335612331274,-0.12381701473788345,0.01555341841865158,-0.10898648854802938,-0.09005667266655396,-0.14780213295267247,0.17206581439396032,-0.6986410500912321,-0.05851306007988418,0.1490726479163234,-0.01025643801304341,0.13026604479711848,0.16366331267014805,0.270702832186771,-0.3333548057577334,0.023936949340611177,0.15442606687616767,-0.03233918088637743,0.13945401945301658,-0.057293608723228875,0.02887904762525846,-0.33672842548656123,-0.021638923501938745,0.12732456333852718,-0.15943975264865456,-0.10175353061026826,-0.07109581731454753,0.009073258308537573,-0.15243616027808252,0.1663582033994936,0.2968758912986784,-0.09030773026249309,-0.0064613940685845465,0.43664399018398675,-0.03988417285057079,2.4237711213517663,7.043076255243586
7,-14.701311758413,-14.2046990016584,4.89422976663794,-3.96015938952721,9.62879151430374,12.8439973880725,20.9325437651107,65.3046157925536,22.9859730898475,40.2496986015817,7.84870858978471,4.08651467338831,-0.943804470178012,11.8057007619443,-2.32282996227856,4.67871460971914,3.40378094350386,5.90419298355506,2.53227372375378,2.12067501177256,10.9308172016951,2.05454642774295,6.35236068506858,1.23661498816642,-0.99893402734193,-7.84206026384163,2.99082704916972,-6.5413460228289,-9.29968785472204,-15.6683785180773,-29.6771690650547,-11.9146009584469,-14.5181763831779,-22.1356242892324,-11.6811664428059,-19.6240266847259,-13.4365573248288,-12.7410447820509,-9.02570297093572,-10.3381466954397,-24.5252574440965,-20.493617048358,-12.1835943107759,1.29299057375805,3.89866975406216,-15.5457520504301,-29.9851401276454,6.78064517874135,10.6068355409804,0.06358799888904897,0.09327119675108403,-0.23461520506095992,-0.09031152610135734,0.15152536863725288,-0.2759353427257385,-0.375119248467397,1.1200146019232906,0.15420353632203787,-0.4152772876258757,0.014702229063854074,-0.02269830450113385,0.44763208987333447,-0.0074256698114313685,-0.285661577176167,-0.1396917231034094,-0.06495552941650323,-0.07043719306330257,-0.1813479146702563,0.08812449538177823,-0.13960913244321702,-0.02306473090233348,-0.1185174080147025,-0.02418433659062505,-0.3142477471305541,0.08365193221037304,0.13323941396347352,-0.19907555456429119,0.44107007206274657,0.15891778719858227,0.5687844998929749,-0.37916759925252447,-0.13821968601180404,0.04820108727155955,0.008679457389573436,0.35013034553379535,0.1445952981562407,-0.2790262274396902,0.00811328451473368,0.2393148626081622,0.034134329698926255,0.009734008289957888,-0.024315746719012116,-0.037494303029811216,-0.2477023275166905,0.056504243516347696,0.11157948269287614,-0.020399270546202216,-0.5761455105229574,2.2579109062980036,8.080508387010903
8,-19.0156262222022,-4.34846019581608,3.83580637654852,7.60610949541483,12.4072964041226,4.0169667281816,12.6355747508756,22.9859730898475,41.5850860245532,25.3060677806211,5.86854820238171,5.21705816910033,-0.0489172725722961,2.66927279069833,-1.66675266231255,6.29877509585222,4.52087758702494,2.79720140428397,-2.82574105283519,1.56594465726355,9.3970694684632,5.9846194000875,-6.80963261723616,-6.82893279422056,-1.69165224296563,3.82243028468284,0.964480260824881,-3.03831370878113,-4.32752843414114,-14.7846497702497,-11.4130992716081,-6.77680113887626,-13.3341156679212,-19.1300900819252,-5.14961490909472,-10.0474513172939,45.1242750406955,-7.76867062366909,0.688516008241009,-8.31324379922745,-21.2219391766097,-17.1548890380365,-9.84799237747873,-1.83712534180673,11.1898006362322,-3.7573568951131,-11.9140277927965,10.7204467658007,8.37881161656979,0.11632806270132352,-0.05533208646253421,0.22074317743333188,-0.365107256826771,-0.455253269914945,0.2744507729119425,-0.4017900823316378,0.15482566707769202,1.3545108578703573,-0.2576237410423897,-0.2693325513115124,-0.4680690032231942,-0.38436999904958113,0.012395529139300122,0.20721983261954677,0.0062391838766055596,-0.02742269243264911,0.12821164524826395,0.18307830677757062,-0.023985816072571085,0.08848177051038568,-0.4798566107955822,0.20708468766542001,0.08586106428990839,-0.04845896238043303,-0.12414507747888334,-0.31645913442165885,0.11726565827201758,0.08364697918929112,0.4330476917504666,-0.012018972873457346,-0.1714915735708995,-0.011340861997256979,0.045274951061100965,0.01276584671337657,0.3140358769664747,-0.06186051159582943,-0.31565282727033395,-0.16479773794586147,0.1922105610017628,-0.05171682546257881,0.15390175378164342,0.30276284891781335,-0.14571957541471425,-0.1958782060413599,-0.2414905598265263,0.1519731413230909,-0.5545355883852164,-0.07100963773048197,1.366628264208909,6.447874535422754
9,76.466422808775,13.9222589807025,-2.38690287251053,-7.2425482549929,22.5188965490036,24.8020563283219,15.9332803144849,40.2496986015817,25.3060677806211,95.2808531593641,8.99544945434056,2.0722214003359,3.888652419944,-0.500452491038101,-4.25994389541442,1.7142352993528,8.77456780346619,2.99206220505754,12.4198782778601,4.9905151496736,19.0038669728471,1.76703226817327,-2.3802486960645,-4.82779673217184,-9.9426768429006,4.74060024717387,1.50547765679093,-1.16482218537484,-2.56750432999094,-11.1762507363321,-9.62359453839918,-7.78193257641447,-14.2980402880217,-24.2871159946816,-7.60665446999881,-13.9209621409735,66.3049998925519,-18.9671838735851,-3.71883706169112,-1.40270201308164,-38.4099700641732,-22.9797905187951,-5.39512118777409,-11.1271152699936,-7.62636627775876,-23.151511369389,-31.3618568808055,6.82876978404343,12.078156373342,-0.32236966857058036,-0.08210591429980503,0.16392226085815712,0.11856076255335289,-0.2236889135432772,-0.4357902183050213,0.1405220478346807,-0.4208503697695096,-0.2578571107728665,1.016295032921456,-0.25339493710737077,0.2943373573899836,-0.48467150825672684,0.04983545932875128,0.5263399689178451,-0.0010863832959639805,-0.19778057323092985,-0.015502403320616852,-0.05952576048858925,-0.17054269678314865,0.015303579223025643,0.2087142332634966,0.048120714585247845,-0.13601243985011488,0.013757113145388886,0.2618393556984018,0.13569068765185482,-0.02250672915018265,-0.4374496410380291,-0.12719244889564787,-0.04801394109755156,0.004938253867034767,-0.018891401065111765,0.06275460196998456,-0.08806679154028142,-0.003586057071339321,-0.08449904694140432,0.26242268747902187,-0.1058929321019617,0.033949794155729726,0.028126733228663766,0.06433770483229924,-0.12772705426940906,0.025644562213442308,-0.220646195446389,0.33686534170630966,0.0017474269246511344,-0.32464621869253846,-0.061536334511439424,0.7910138248847927,9.760678929222296
33,-0.0025674567186147,2.10528868933567,3.8409602310691,1.34930375906909,1.02399853475062,2.39525457956924,2.20259709054705,7.84870858978471,5.86854820238171,8.99544945434056,5.97962287872138,1.73441296595978,0.662892031707845,2.53059565520132,-1.23951603073215,3.45580402473889,3.05233174211944,3.67050257014162,1.45417446969805,-0.124947325548922,4.00680244610026,0.5785782557199,-1.24206039271981,0.202108594920657,-2.74733390567657,2.74399361156754,-2.62659940335956,-0.161389315578287,0.616640988897679,-1.25207893872039,-3.87563649068666,-2.63908106732424,-2.89344611014554,-3.939225454514,-1.5813785428483,-3.64384840711865,1.72113967136632,0.999256267798665,-0.60641503644288,-1.91408886705925,-2.28473034161137,-4.73918197006461,-0.597118273386827,-1.12778826369061,-4.8197825083237,-2.03282123773387,-5.23253564481932,3.67920477261266,1.32994882291874,0.1062095877465389,-0.027306733028222764,-0.28282158881110875,0.03181788057592614,0.1716424319025525,-0.49977281434395204,0.01549696710829215,0.015485948269109507,-0.26258029363702795,-0.2586195871541652,3.253259534841083,-0.31285722111483383,0.1444755737255538,-0.34107323203018103,0.38280803925272405,-0.049272309954682875,-0.6607316612869534,-0.47806133164765335,0.09614893904116849,0.100606436187355,-0.010848392524820599,-0.0236076531209129,0.08090938536033916,-0.30419326698958654,0.20222768233867394,-0.5834510763417912,0.06032744243919932,-0.03769253127915716,-0.5389098015992275,-0.013264910930737091,0.0006325581088829174,0.03545769578977745,0.18075916900103653,-0.025247046518780583,0.19398881254276712,0.0615753279960947,0.07616608586905599,-0.17217540219223082,0.4384771844835002,0.3971438856454231,-0.16619733186858165,0.010469699866343754,-0.2600262153379204,-0.02957592443922879,0.39776695755692876,-0.2074353565404266,0.011119346922630578,-0.2828153915418406,0.17831931662952516,-0.8813748079877113,2.443281170623099
34,2.14812196924063,0.513725730067529,2.90431276839114,3.89562151722928,1.65868324575234,-2.71139546071945,-2.94791617319016,4.08651467338831,5.21705816910033,2.0722214003359,1.73441296595978,4.46041517323775,1.16138974492071,3.48975778508267,0.725051487728472,1.97541542550284,2.09533763369922,1.19624741896902,1.01577935560715,0.624309170305476,-2.60436285633177,-1.46396376154966,-0.878705787977253,-1.05565357756139,-0.482977304436875,1.98544962503463,-0.678236261844999,-1.76711263734174,-3.28528643413904,-4.74417470474905,-5.5105359682796,-3.48412932977827,-5.81621030110734,-6.44007716032058,-0.711699127417391,-2.83524621199378,-9.46181668540888,-3.29077610933443,-1.59256879250807,-1.76938110508478,-5.60882423607884,-2.56276585033509,-1.21861701868378,1.03491708068775,0.557550861632143,-3.78400484066225,-4.35902803716843,2.46741541468161,-0.426774141379519,-0.1708483359435593,-0.023486995410292102,0.0901570843822798,0.29591313217172877,-0.01285103498865542,0.037942005009243836,0.3151810825706949,-0.02297945920949695,-0.4733612298595508,0.2948959202189815,-0.31430973525708744,2.6218891272171128,-0.03021001170533409,-0.2524503332245935,-0.9129919365839467,-0.08011229477777307,-0.2956708176240759,0.2255747672648962,0.13964419151807694,-0.6151507583605427,-0.13700320869637841,0.027593218731947828,0.3424329042597296,0.07730203740526109,-0.3913598290504944,-0.23808046450203446,-0.007466010446459338,0.0937843498077808,-0.030098195417900864,-0.009850403740356192,0.17421880027281078,0.09715174440787624,0.28099283309977713,-0.09900061368551562,-0.3280468480287132,0.20383483240138142,0.08831564696596154,-0.11264975971901804,0.2365187395695518,0.10925574840703675,0.047736212010035986,-0.029119945352669936,-0.3762758856190899,-0.1051363183445224,-0.012196101881256161,0.14832527463980266,0.21322332594548432,-0.11852611839233845,-0.07531567190014639,-0.2634408602150538,2.10960071417265
35,8.93502964213282,1.60140241460265,1.44719703300286,1.50997974385725,-0.180034160301143,-0.639338480108056,-1.99325617550982,-0.943804470178012,-0.0489172725722961,3.888652419944,0.662892031707845,1.16138974492071,4.7469605734767,1.62206488289043,-1.1920680954513,0.0478572749386687,3.0642272449655,-0.581358547732046,6.01127655501765,2.09752424149324,-0.885009562623667,-1.47642934113117,0.565486357112748,-1.24886714047504,-0.0572098929866693,4.79286324055972,3.31075883470556,-0.508649388619809,-2.2273014086435,1.67356308199707,-1.6393731851909,3.33155614825934,-1.55362408521489,-3.61037548875307,2.45865065771983,6.79674614302594,-5.03128704629019,3.45292516171884,1.00058036498799,0.903835658754032,0.396209554382383,1.73093470332378,-0.830314389197837,-0.97662774929976,-2.69209341791862,-4.32872678788578,-0.909215856596909,-0.184703684364223,-0.558917828823793,0.01973131156716943,0.04229319314038622,-0.08383058250522811,0.21188069965630746,0.2239807200033969,0.269739189208985,0.21733683257965242,0.45175576196162076,-0.39013443941779635,-0.48556836044321183,0.1408759930631041,-0.03113532620397399,2.969115112774803,-0.41695738041579894,0.2938511783830453,-0.2593719545257219,0.006437498919883896,0.3552300534091745,-0.21024660727986666,-0.7033097149371961,-0.0026041233078334183,0.06447855234047459,-0.09546655593538965,-0.02043097350012871,0.09863526508569859,0.2915473997057471,-0.3339371143541713,0.19416158672038028,0.4977619885750682,-0.11413731149523036,0.40008381742062277,-0.07738884901322766,-0.19439411227568162,0.2239158886731633,0.00010685013746889695,-0.039128514071658994,0.07371376596356471,-0.20753164013467384,-0.522327054791785,-0.14040001962178608,-0.22841931974463203,-0.15620620205454028,-0.0008476933866042513,-0.032903540134693925,0.4429427721133017,0.1358582765889866,-0.16513478792509304,-0.16321381988005124,-0.018189281699635164,0.5247311827956987,2.1764559663537195
36,-18.7188586361846,-10.5237727574941,-3.92614267238956,8.67688965091563,-2.70339455064334,-3.19654424163145,0.128883556823043,11.8057007619443,2.66927279069833,-0.500452491038101,2.53059565520132,3.48975778508267,1.62206488289043,37.4089858124253,-0.598956460389942,8.99127706415949,1.74329108748098,4.06704365561008,-3.19067042387756,-2.75789829414829,4.57269121423461,-3.32008904806096,-0.403928280789212,-3.17307698281251,-2.95300516608856,0.235171553201852,-1.6053856882836,-4.6042125274866,-4.76458747791417,-3.98548482683856,-8.21880534377907,-4.58161418487965,-7.73554248934578,-16.9007344206466,-6.83151147897845,1.39141970383471,-12.5133646431648,-5.00543791555259,-4.05016528091782,-1.85363013609382,-12.0731100656376,-11.6692259051369,-2.7551629589761,0.208601881332013,13.4599891497217,-12.3884437850783,-5.47995138983866,-3.69455985363915,2.10432591267813,0.0002449285259166784,-0.021648002308880598,0.16539054753044297,-0.1504100009684075,0.38704102034339616,-0.013555115722830215,-0.11256547259616423,-0.0074512651197532805,0.013177786865967699,0.04692438159548624,-0.34085239142443247,-0.253598197306177,-0.41630637249026925,0.8759090865395586,0.1073804891808597,-0.5847648403548016,-0.05837994220625281,-0.09560273983594256,0.29693555214933015,0.13025350916973868,-0.042934744149243816,0.050461652334732494,-0.16571944090809163,-0.04232931063542046,0.2385308331240379,-0.14985598312487128,-0.013897276764613005,0.14521150436095095,0.13497559496916678,0.010530884694622716,-0.06289037172898909,-0.019678705400394538,-0.2069206414879128,0.07417663909197315,0.2621197626700119,-0.07541902378240145,0.028808348628293356,0.11268869969738221,0.39406357259644864,-0.26723545583622055,-0.04715486516720389,-0.009403365828994918,-0.11264369610348184,0.1341728399531932,-0.42627931629637117,0.263695246472667,0.08306381090586032,0.37021183670754176,-0.18453575794246496,2.3077956989247315,6.115471021305336
37,11.7575617568385,4.57573350440513,4.55541476344856,2.02562775856531,1.3041627327166,0.44711921240287,-0.651989300935486,-2.32282996227856,-1.66675266231255,-4.25994389541442,-1.23951603073215,0.725051487728472,-1.1920680954513,-0.598956460389942,8.33898924731183,2.25485375071459,-0.727636921829097,0.634406373081762,-2.47331460890532,-2.81256260841283,0.738165758377278,2.62974107288475,5.76431616536019,1.12168311216706,3.4481542068564,1.72010197158245,1.50935536305547,4.16876851703093,7.97109868739552,11.4770042854095,25.7419846063307,27.8426897835303,18.2789990616435,20.1760112902416,7.42279482487615,4.75090415487122,3.84895868431817,26.9612277571922,8.35266487817098,11.4803857505488,10.0547519434327,7.97080891211216,7.59156442447651,-4.40214110318237,-2.95486927095871,-4.58570131035847,-4.53069248954479,2.08452349731605,-1.02318175380768,-0.20405698838848527,-0.025859281160195546,-0.14748871034467792,0.19618194610509124,-0.16298450301750048,-0.017599065511580407,-0.049886596671487475,-0.28212337243492086,0.2040377641428278,0.5218130625883318,0.3608944156029987,-0.9177528449442581,0.3040343425740826,0.1122841373145459,3.126213399891335,-0.7508837459877686,0.0080105119812688,0.5529040158237358,0.003910996276823108,-0.05793003454359837,0.06534813353610527,-0.15962813410057042,-0.12153917834167474,0.15230726158023472,-0.035461854789202114,0.13427754268668615,0.19681081421656413,0.042828144389846404,0.0043018693061824586,-0.0462425351516087,-0.25631315310231495,0.08464902632631335,-0.057833278498617885,-0.34802764270297537,-0.3154511384377923,0.04027883571842544,-0.05858511316553321,-0.1584681820814128,0.0023487557764770074,7.680113995047925e-05,0.36318702545073916,0.2560412999154962,-0.1426549655104457,0.08858305531987125,-0.18091856863543354,0.2568120463832048,0.030320849469568673,-0.28523778748279377,0.03718038455465646,0.20322580645161287,2.8859988300953674
38,-13.1933495746367,0.175277616842435,1.70786393250264,5.17299024063297,-0.40362079108758,-1.00739122874366,1.65428338933282,4.67871460971914,6.29877509585222,1.7142352993528,3.45580402473889,1.97541542550284,0.0478572749386687,8.99127706415949,2.25485375071459,12.408031660693,2.99618271922758,2.66685799398991,1.95321246972068,-1.23100757350806,6.74747441468286,-1.32030327077058,1.58448056461963,3.40161826194766,0.829943697148266,5.93090820630429,-3.11411301717926,-0.0359350675309106,-0.705887882383973,-2.90127164572689,-7.94340148429347,-2.66951137753965,0.269086809447861,2.4937912225775,2.47362652357682,-1.93132734117923,37.711954639551,-6.31605011252452,-0.519252093995892,-3.60042366118588,-1.88444914469155,-7.84208842259848,-8.00391403938712,-2.75629066030513,-4.84232114701643,-5.63246101276308,-9.67101540243582,3.11681117380999,-0.154576365079017,0.163379173235394,-0.027798606100552434,-0.05545959801864845,-0.36706712682911785,0.033183603491905106,0.08590544657706133,-0.13929947645822124,-0.13174360474440952,0.003958414926626463,0.0012598558613112893,-0.05024171949555787,-0.08015937545702066,-0.25247025588001193,-0.5793164530482661,-0.7586056766178516,2.3411602503149216,-0.39056371915260074,-0.0881955227817331,-0.23353632499127855,0.09361448379119082,0.28149831536556963,-0.00999467502730347,-0.003661914649697241,-0.0748855999637918,0.19495552316849293,0.283486265011155,0.5803471420176376,0.03579642424755922,0.06596177587675152,-0.34029412050169305,0.1693605142265439,0.11186228919010811,-0.4725174390393731,-0.1087540397839867,-0.14261666438161613,-0.18634465027687824,-0.21010231549976055,0.0404233807357979,-0.03431849872570396,0.1378616445500774,0.36271246126724005,0.11477877932001138,0.13054186576481608,-0.1004920431268526,0.36235906361736586,-0.004910228934384253,-0.1491537248739091,-0.6595296087260981,0.36279639287467735,-0.37956989247311823,3.521083875838937
39,10.2854174902511,1.13074729957095,2.85727666907166,1.20375350078725,1.60816946775027,-0.789103351661832,3.3436579792934,3.40378094350386,4.52087758702494,8.77456780346619,3.05233174211944,2.09533763369922,3.0642272449655,1.74329108748098,-0.727636921829097,2.99618271922758,9.64123536439666,4.67962285201031,12.5734059688569,3.36518267977471,4.19133356794095,-1.6475832616337,-1.76863580747975,-2.014373983435,2.86442003402923,13.813431660944,6.87260202090034,-0.740858837143289,-2.16608742169041,2.50690112528809,-1.56986694253244,10.0027320699114,-4.43593520969169,-6.96232863285864,3.51200266566305,18.9231183015007,12.4340075341158,3.7087272358832,2.87406165526407,-0.457707755178878,-10.2628247146729,-0.867274935440318,-6.3006395854343,-7.10174262916943,-0.884330222892309,-5.94770195366783,-8.59221317401381,2.46791794669198,0.696253762501882,-0.0912190758505625,-0.0193170348336403,-0.18251688752603665,-0.017174893747166173,0.20586053356870201,0.011107091632399146,0.013814982561396258,-0.06271866978253371,-0.027635499192162183,-0.20028269880353958,-0.6586937163012602,-0.3017664000243337,0.008539508702557467,-0.055627832633482074,0.009125033788570954,-0.3920048401169537,3.3501339243394357,-0.45474841102209534,-0.36184645403567006,-0.23355268696661857,0.21622345094058104,0.21138032525628542,0.20927028084243662,0.27151012650433537,-0.46859951009857204,-0.32241528752816395,-0.20404502492931717,0.020228119508466046,-0.25349699435602613,-0.39146341253483785,0.24326703405274228,-0.2300660829427797,0.3453901272167357,0.03537186675721911,-0.2380278455935055,-0.05261930702929667,-0.024801256670886774,-0.17876459338276265,0.3120319872515058,-0.048698041233797944,0.2430058674710633,0.07868272100025187,0.29645763409167664,0.20134842899564745,0.001414139204605523,-0.2980076311189072,-0.22468901946328146,-0.045410740567685945,0.21323989427975013,2.403763440860215,3.1034231687600475
40,0.529936889210532,-2.16437856762056,6.03658508713094,4.34410005032828,4.0219462847089,-0.220095785812366,2.27192455996963,5.90419298355506,2.79720140428397,2.99206220505754,3.67050257014162,1.19624741896902,-0.581358547732046,4.06704365561008,0.634406373081762,2.66685799398991,4.67962285201031,14.5257855436081,-0.61410106797933,-1.8667977955092,7.60520783806375,-1.38016842048402,-2.56777861092366,-9.60927317616493,-3.21508530003173,0.579321949332635,0.920829616820409,-2.12641019906354,0.748987582076558,5.60885113815882,9.21302920825408,14.1869045618089,-1.20817609518007,-6.29119079754038,3.16442763011606,3.5657444661955,-18.1681914087824,9.75665066022097,3.11400314148047,6.54307063790625,-8.84447227498786,-6.49190485622608,-2.38432195473657,-8.22450280070406,-10.1450847827986,-10.7095762134667,-20.1626110043896,3.91313330064563,0.635668734179506,0.021727161091769545,-0.0075994450538319856,-0.13890147581347462,-0.07293764159359671,0.005938598553615966,0.5683205732878074,-0.09937663492767139,-0.06405703540915665,0.13307970781767295,-0.01828195606256491,-0.483904383730551,0.22349627493903293,0.35685175696800303,-0.09779271407691986,0.559819224390346,-0.08631627004084853,-0.46058846831095224,1.9431335784058443,0.042010732063868926,0.48059822792056206,-0.6052502325845531,0.05580808824131488,0.021516149718172107,0.24312589308246554,0.024457585034699185,0.11950800378415935,-0.049383539563361556,0.16447917062777268,0.1206231351998231,-0.12253341630110079,-0.0796803528830071,-0.47027933847720244,0.4668509433789758,-0.2718954947655163,-0.17595882828460307,0.023453432207218076,0.1085870559802274,0.41222987091020724,0.12572155278058963,-0.37095152983423396,0.10205385420154478,0.10316562970793386,-0.19583407852608872,-0.021537239421428597,0.13837240083035227,-0.28880230945854496,0.15068977492883479,-0.507267865409404,0.07535191200786248,-0.7365591397849465,3.8099587325334805
41,12.8405030526799,12.7428307352797,-9.6634100914308,1.1271054727772,-6.78724759778474,-0.824311329087686,3.25015429410113,2.53227372375378,-2.82574105283519,12.4198782778601,1.45417446969805,1.01577935560715,6.01127655501765,-3.19067042387756,-2.47331460890532,1.95321246972068,12.5734059688569,-0.61410106797933,54.2371804062127,7.35992070434034,-4.54514038830852,-3.60239559488512,-0.853055984809493,9.81474335572794,8.6543169149664,36.6165837901527,20.1388912680757,4.76440557659893,-3.01316855758554,10.4314670468726,0.918861324793937,22.7685929455378,6.1440378431046,18.8191127049289,9.39247120873396,34.1853272291168,38.1387075769044,0.276497401108698,12.3378825296335,0.560706410728697,0.0492223637913497,17.9411404319521,7.61426148558894,10.4780027743125,7.63789413458113,-4.01487521258809,-17.0512948057804,-2.53269409841323,0.955174076591707,0.010280830507714625,-0.036355555270347985,0.23360815665409715,0.028773311795517786,0.050587746269172416,0.1721008156376762,-0.08720382938477066,-0.1863924951450933,0.18311868005243512,-0.06078357725283658,0.09678919016984361,0.14223663627321315,-0.21214912130817115,0.2953970556127425,0.004206553876077472,-0.23416031381934468,-0.361475835273302,0.0446625528832026,1.0160498713953159,-0.2099745045931146,0.11255387375610039,-0.038318743469556396,0.045843040117094815,0.0805341964588626,0.5736242409464927,-0.6513915406152946,-0.31311931585704306,0.041900536334496946,0.12534812525381453,-0.29827211106858537,0.23074163974388287,0.0795684919581815,0.00949268634063297,-0.13650552749624373,0.2540606773284837,0.05276252937348067,-0.019012924626877484,-0.021834204484118356,-0.10136115224327605,-0.12615435798354788,-0.05208894418936458,-0.10825291159119238,-0.13264266443928385,-0.03693040503253355,-0.2535307140232393,0.06433638011121494,0.25008697059161555,0.0595163531508969,0.4634338936183995,3.602150537634409,7.363910673427039
42,-0.677226691492453,-1.84889307726268,-0.289610477795381,-1.28971135758032,-1.53642283130443,-0.733550970492262,3.74780454766278,2.12067501177256,1.56594465726355,4.9905151496736,-0.124947325548922,0.624309170305476,2.09752424149324,-2.75789829414829,-2.81256260841283,-1.23100757350806,3.36518267977471,-1.8667977955092,7.35992070434034,7.72239665471924,0.289889172621149,0.844380145398385,-0.701757052203303,-0.09745059519945,1.23768611474682,3.60446345889123,3.62232675325842,-1.52381100463602,-2.84996092525718,-2.45550800609271,-8.147302555817,-6.73451143435643,-9.49846206960857,-11.5008716101497,-3.48553922909483,5.16091478561557,6.10136654599767,-11.9487811705657,-0.0593047757601056,-8.19191511807351,-13.4211903543084,4.62358013185526,-2.92571530973266,-1.88452327473859,3.26488137524865,2.85934652207659,0.201941330856747,-0.755303085632029,1.85030973847594,0.08424692180214212,0.07344758472283663,-0.2729913952767138,0.11219515372644771,0.3550405948450606,0.05037041990911802,-0.14675161052127494,0.08749578351380805,-0.024185801530545645,-0.16746748260543493,0.10368226216666217,-0.6151018178501855,-0.7016116747513622,0.12924865314707734,-0.058711459994392826,0.09273468140585749,-0.2344994114093048,0.47910090445514797,-0.2120391174095897,3.0399240824909697,-0.02502846525225648,-0.014346178499415356,-0.12774510510653947,0.07697471269772665,-0.29496375972859373,0.22869719703234614,-0.24253046835168468,0.37099795477051517,-0.5144880026619292,-0.4450529184523192,0.1512329586736771,0.19578885962060344,0.3371308281454254,0.15456563594478787,-0.17642423016570366,0.1243229820406798,-0.03983640016035555,0.13411812643713958,-0.22170454098548462,0.0012675691910833875,0.2757683702439223,-0.6579216981119198,-0.07799664724537067,0.33499533754098587,0.02917876237969089,-0.15855008243351157,0.13724288386098527,0.12278413060842792,-0.29248104523674245,0.06989247311827948,2.777120208906924
