,Cov_0,Cov_1,Cov_2,Cov_3,Cov_4,Cov_5,Cov_6,Cov_7,Cov_8,Cov_9,Cov_10,Cov_11,Cov_12,Cov_13,Cov_14,Cov_15,Cov_16,Cov_20,Cov_22,Cov_43,Cov_44,Cov_46,Cov_47,Cov_49,Cov_50,Cov_51,Cov_52,Cov_53,Cov_54,Cov_55,Cov_56,Cov_58,Cov_60,Cov_61,Cov_62,Cov_63,Cov_64,Cov_65,Cov_66,Cov_68,Cov_69,Cov_70,Cov_71,C_0,C_1,C_2,C_3,C_4,C_5,C_6,C_7,C_8,C_9,C_10,C_11,C_12,C_13,C_14,C_15,C_16,C_20,C_22,C_43,C_44,C_46,C_47,C_49,C_50,C_51,C_52,C_53,C_54,C_55,C_56,C_58,C_60,C_61,C_62,C_63,C_64,C_65,C_66,C_68,C_69,C_70,C_71,Mean,Std
0,132.431300557902,116.554613858105,100.709917390676,76.7669730987416,47.3631853932973,42.4526494440333,28.4427809628614,18.804050741686,10.3837788647467,17.9892763168612,24.9057661741514,22.1839049232211,8.08871136363751,9.52264927911174,13.2253639157319,33.0353294220251,24.5707351139302,18.2256330958843,16.5995043470546,15.7328462963981,17.6818041244936,18.505907714961,11.8635892282945,19.3868188333039,11.4719421350755,22.9297285255448,57.1808269819896,18.5973498507374,3.32305709704719,-9.87260288933462,-12.6824242703239,-10.591075428425,-5.76959427899247,5.29274551156562,6.25838707240465,4.46105294490819,5.72340451342883,5.29100465370374,1.66154065202292,-4.36497941048689,-10.3681599187864,-8.17466764514485,-7.12405496533824,0.8983071971754499,-0.7859390812575189,0.2837867783146363,-0.35968000376260667,0.10325859740238065,-0.20951333530638053,0.06862741255577416,-0.1700224191980582,0.048591456351630063,-0.027548765266249275,-0.01130488053108037,-0.13475490025960188,0.1936603975745205,0.0389906298347485,0.02706308017636613,-0.23073521109310483,0.26582678501542656,0.11511709111489761,-0.04198367071958752,-0.007899037254778698,-0.16026638172186725,-0.01544742738335775,0.009385683336601149,0.08654354385940513,-0.175135079215784,0.0341965813381999,-0.17722987706947343,-0.023055777109196138,0.13486154332875086,-0.15335427888200326,-0.04242243946412802,-0.017863174531329976,0.2037044601997308,-0.21572173761410166,0.046495264839641726,0.011171190903748178,0.07963371488617824,-0.3332274900926382,-0.023563032652135035,0.2578403324938341,0.1613586461692914,-0.18598743236625703,-0.021530351777872346,4.381662826420891,11.507445440144496
1,116.554613858105,111.055217848609,102.319069108229,76.3626853613418,44.2249311760511,38.922469125202,26.2015187717618,16.3886903788758,9.66842829119165,16.556645666689,23.5679823348968,21.9638145883909,14.3882845323254,14.1707160416121,18.9168737292029,34.0400338182098,27.6024544662178,20.8701015538324,18.1471537054563,15.735751402135,14.4905151453161,14.690842495598,11.6377401130174,17.2899077781539,10.1579965687557,21.3871078267124,44.2781307196559,13.2143119027874,2.1600690322067,-10.5857296252814,-12.4603057003968,-10.063848785334,-4.86176507054302,4.50394290736322,7.09999506263986,3.83611354756135,3.76736972407351,3.03886086600165,0.464387229908667,-3.95345012217365,-8.90034981062126,-7.03505740978856,-6.2101846121485,-0.7829793807783318,1.9616513127624353,-1.040358090598079,-0.11156232639102441,0.14616447870061136,-0.12294663531902546,-0.07498273910476223,0.08673848013482399,-0.25971478506717643,-0.05388530246121137,0.17191150508880174,-0.18615808770233286,0.08021330686444007,0.046415832682465526,0.10657039133853403,0.39820001437183145,-0.6610181029580602,-0.11250402289403864,0.18286442479008444,0.1286935388608312,-0.019824925805865885,-0.011273058011172775,0.3006383017595784,-0.13516034850324685,-0.1740884621847947,-0.2253942821777744,0.0020588288473366574,0.09432372408734331,-0.008735987614886464,-0.08054226527084872,0.03799429703602282,-0.03148484990368743,0.03328792756268096,-0.01863197014728948,-0.04213805411701829,0.11048154967298192,0.026061257075436765,-0.033914431197909774,0.005495831959492672,-0.12819070045132114,0.06822835923913265,0.1401835044555072,0.01251779595226989,3.77115975422427,10.537799478477895
2,100.709917390676,102.319069108229,103.260332410608,77.4113137259905,44.9649135332552,32.8482769448644,21.1428814021072,12.0291519045143,7.80005927112713,13.9101207065993,21.2466056659779,21.7191888754495,20.9132614032869,19.6995078409679,22.5468560572524,30.8700209753147,24.1540648066149,18.7287903168262,16.6214038581315,14.4245195109061,11.9527410834299,13.1752888451364,11.7712692807165,15.2321371113653,10.7799569590923,14.050915040462,33.6273251226806,9.51615682918542,2.41466633045375,-10.1564404073975,-10.6668320368756,-7.95116698200764,-2.14626157189197,6.05861658832896,7.6542957834751,3.80306028595486,2.91681803852267,2.24482574338747,0.9174988782145,-1.83798760459497,-5.59548639067437,-5.25529095918624,-5.87728140674925,0.2803545013163125,-1.0405379804157375,1.3090802447997938,-0.7677701080165759,0.1234667678022257,-0.06681581954816176,0.24512853727604356,-0.038169265547257296,0.23944351907029437,-0.01464862357757223,-0.3206367870142909,0.3168217282320989,-0.04070618944342606,-0.12611048527823976,-0.08007187619277158,0.09276130878910462,0.19550271515457285,-0.025162422918530568,-0.06323233345495884,0.00980853590670517,-0.06805033502232213,0.06045442208474706,-0.35676829294966117,-0.03697588244573052,0.1207419906004132,0.0650168608579462,0.053423511836220516,-0.0660502047748597,0.06773271536356162,0.08750282014377384,0.039805245876642296,0.04418062123066259,-0.10416400530268587,0.055171240730444396,-0.13060992699797913,-0.013642614651044537,-0.00010844934973229645,0.17531492905316431,-0.007028635166955972,-0.08547975985003636,-0.09217490341823613,0.04695821300803287,-0.011954116176146206,2.7326996927803386,10.161217073294301
3,76.7669730987416,76.3626853613418,77.4113137259905,66.4000462749616,48.573703393264,27.2305172744065,22.9867036116408,10.6838427792782,6.3751535009135,8.11717142035748,12.6132511263544,15.8501913562126,21.6186069789509,18.6624055546053,17.3602904817243,26.9268933883194,19.9455664618579,15.4869854967517,14.1960252518454,12.0436562685213,8.60158132608193,13.7733817911947,9.641014329084,9.51477328572286,11.1879733983038,13.0610467480478,30.0803188628756,8.69995082122083,3.44200795408855,-7.36851622750554,-8.52037297183642,-8.33316009107321,-4.21815332553184,1.67986170469497,6.56793822260316,5.3644043368731,3.83932463118804,3.18869225379039,2.9240682900973,1.24932105540749,-1.60791783364084,-2.33041520235565,-3.88012049486346,-0.35793636371125237,-0.11126708599057168,-0.7680346276406992,2.0630136180659857,-0.7937357676687,0.3592692079122606,-0.1326169156665564,0.1228890796498555,-0.028221129260508803,0.24804977011509527,0.25385388660993113,-0.2131863968953423,-0.18221721794442783,0.024449276299341318,-0.1440471083721453,-0.43773625867732674,0.3178975827958304,0.05341205604308997,-0.08882098413650295,-0.09341230723794171,0.024009291878421678,0.04210307760512117,-0.128406819412859,0.1023108776554199,0.08278928826362268,0.03480665487030566,0.0984736619387974,0.1576701796697962,-0.37185393726463006,0.2635059914975312,0.13108376299300442,-0.08281395435415204,-0.11353763629993598,0.2743745302859037,0.1599096738437221,-0.141522847956394,-0.017654198169471093,0.21972277158169182,-0.000863736766635975,-0.05378135058224409,-0.026919117649208783,-0.14130166962030555,0.0322391675865117,1.017357910906298,8.148008730663069
4,47.3631853932973,44.2249311760511,44.9649135332552,48.573703393264,52.0921365367384,25.3199140315475,27.4899601708357,9.44616411749664,5.46852254326249,3.95405453857793,6.42080026968812,8.11689024774676,16.7949751087453,11.3039364651589,6.81090622720019,17.8174513791075,10.9209539476006,8.11925539132542,8.29385792159391,6.85383736639709,2.82439441865025,13.8150103960778,9.00752649424372,5.3226682601349,10.6902298905667,9.14305860837821,25.5240475223903,7.73048370000342,5.06879885624834,-3.4109549811686,-5.1728109788651,-6.88208312571567,-4.2195760217557,-0.666854701195262,3.84419745248955,5.27135214085872,3.46704878985379,3.3840984959886,4.86848993357546,5.21294302154899,3.97521360721138,0.356285801808277,-4.04884096769608,0.10359282523206832,0.14722662906833597,0.12330857833665129,-0.7944258412966365,0.8733025933221658,-0.07892719712178069,-0.23295194061838073,-0.07133224290061237,-0.1660772548342622,0.10660398220877801,-0.022054864905739692,-0.036464302438795726,0.05969319213718051,0.08347979953321648,0.013548737117643185,0.02482867037792903,-0.03255619540868567,0.09946800114081142,0.0003856190002601928,-0.0935829919844654,0.35341263465282485,-0.260981653674636,-0.034970207700532725,-0.12812459709873217,-0.3992230201263601,0.032244103009141496,-0.07260081513867832,-0.01408444569447399,-0.0987154407873885,-0.09749095354956079,-0.3444487306701296,0.26388192141826605,0.12704430423122798,-0.13521073464580022,-0.08819506237236836,-0.008847434617900411,-0.04900973898734616,0.017838661959423248,-0.08290821585589979,-0.016724192091432957,0.03776086896009636,0.1548501511011065,-0.002067303052037353,-0.23024193548387095,7.21679544789364
5,42.4526494440333,38.922469125202,32.8482769448644,27.2305172744065,25.3199140315475,63.6671684587814,43.2427370459641,12.3669947104109,7.97957059052362,13.5358802104157,18.5009372718214,16.0955479405461,25.1722233280334,23.4477490756423,32.976318003592,38.1835690559903,30.5787560904727,21.6302951383401,14.836209887516,7.87800114222537,1.96658655863749,12.0977791501089,8.31806389481704,1.8031235489491,-1.50227004459415,2.05321819818719,22.1691502713885,3.80709383622545,-4.34019793530573,-13.3346565720944,-8.30836610767276,0.344416113208011,11.0261334845818,12.2097393744879,7.10432488205612,5.57560547935205,0.350984649926242,-4.27180077457068,-5.69730778450619,-6.96571673607063,-10.558641438518,-13.2494967830287,-17.1548283872066,-0.20908236106770556,-0.12455133396261985,-0.06736941112685237,0.3597637157254131,-0.07934434001672105,0.5954632842459152,-0.3445939458459181,0.03604791554163664,0.08672432560171003,-0.0091475873257182,-0.0785661563585918,0.22224489902483463,-0.22206752954643627,0.013826240918868478,0.002427521594553306,-0.08635395595238803,-0.02052090267200196,-0.016613909304531434,-0.09486513201996433,-0.005481333077410063,0.26739918508474636,-0.17268795613756469,0.08286023379867673,0.028570080578585615,0.29228812285701117,0.15320380937073655,0.011947423830968265,-0.01761422600409055,-0.04918498357423271,0.11526714006343793,-0.16176214593517846,0.06556783897931957,-0.20397692691262484,0.050534202150928235,0.19488523892483556,0.02889435426339119,-0.19868295764164726,0.16879939724052123,-0.007592408763156226,0.011609529830969533,-0.09988693939198197,-0.06436626536369762,0.0602149595010293,4.24731182795699,7.978544256866747
6,28.4427809628614,26.2015187717618,21.1428814021072,22.9867036116408,27.4899601708357,43.2427370459641,53.8886768219833,22.0565339642594,13.9052429217416,11.3820162435762,11.4269737172704,10.0319751927031,20.8768996582304,17.3425403027144,17.5336177549829,24.3738393995243,19.3724890805718,13.4079517707343,9.62179983799641,5.71457041773094,2.66643517980692,4.66735981177174,10.1811454798237,1.65558440534199,-3.56516380485595,5.90611670121095,18.5278211401026,-0.0359879107992188,-9.94766795097218,-26.5054540409293,-24.450256741439,-13.1280406087094,2.79059815920772,11.5549684661388,14.4293071176088,11.9092527517027,2.73314970049082,-4.08949596958649,-7.7990218031402,-13.8830153949181,-20.3080615252345,-20.761704212331,-23.1330319328888,0.06855993471103464,-0.07726718596199375,0.2463679189216353,-0.13174550161813167,-0.23265309608433143,-0.3449377800388828,0.7541491951081173,-0.13528475643155877,0.03502461959346631,-0.04096218053428077,-0.052719017385663,-0.0005042709315529042,-0.05402829076425465,-0.06555795836388723,0.0940149221371368,0.05132752469334421,-0.020316107433320917,-0.0005164502770355426,0.07785145379870279,0.15309822656388283,-0.2812550244141778,0.31464557243095936,-0.1786606735505603,0.11003355510928012,-0.17337703534191726,-0.2803718406757468,-0.1265419250761652,0.2598132783509436,0.14228767381039886,0.11288550755286697,0.3288793507638178,-0.05633622443741196,-0.2876906690479507,0.007717995211102158,0.025752695013973197,0.005842767291070193,0.2485982092534555,-0.016684570293262393,0.04844867535930866,-0.19742523421020963,0.07399182422819796,0.013930620394648015,-0.017121764282352202,1.5392473118279568,7.34020958978579
7,18.804050741686,16.3886903788758,12.0291519045143,10.6838427792782,9.44616411749664,12.3669947104109,22.0565339642594,35.3029377240143,29.7030145525243,26.8557562067535,24.0031008508041,19.8753749164824,16.3087895216376,16.2084135931718,16.8492543285801,18.8746116900237,16.2992526776425,13.7223388894881,11.9010247869468,10.2805644489987,7.72412472509729,1.62219469036817,4.86391231270916,0.816406231216451,-4.89914687873991,-3.86390493552035,7.23697548520029,0.195687183859959,-5.88141911809451,-19.8637528959518,-21.7679113845518,-18.122615846072,-9.40979750255637,2.6765155644199,6.5410493770392,3.27091720912637,-3.67135269351775,-8.85993653924554,-9.88724523569078,-14.2343242224677,-18.0827720983043,-20.0227465463627,-22.3394860494877,-0.17115901088317576,0.09043937531722049,-0.038211249081313084,0.12260449261335889,-0.07136418934581996,0.03597768026732121,-0.13527499836443682,0.6558103974552898,-0.26219316722275227,0.023250415371060245,-0.04775022661357931,0.057415842998512066,0.11978640961480505,-0.08188716492225297,-0.06247797184284236,0.0645035471886282,0.032895346570066625,-0.0424019695486601,-0.11738519883152544,-0.0801195907912343,-0.11280630152267637,-0.07123619331606273,0.18723412713336265,-0.2029014322561357,0.1800815077307142,0.00932809724851158,0.2012136699386484,-0.2139272777010693,0.03853363926747835,-0.045709979782991565,0.059009320006311365,0.019778407690152062,0.07491742499749539,0.2078863150839109,-0.12678682570614203,-0.3914671816686565,0.1809248226831207,0.10048518921735604,0.04774571428026769,0.005607310181131646,-0.27343776361339384,0.19040977633812767,0.1008677280332525,1.6946236559139785,5.9407859517082695
8,10.3837788647467,9.66842829119165,7.80005927112713,6.3751535009135,5.46852254326249,7.97957059052362,13.9052429217416,29.7030145525243,43.6802042645015,43.7791064478176,38.1327237804674,31.2783957992579,18.6879959642947,11.9187559577944,16.0908226523128,18.2645278104301,15.895582316683,14.2561195620979,13.2155938465737,11.4611444043593,8.12255939792745,1.20914927378719,11.3346979740283,-0.141050932276857,-5.62395683063094,-14.8598031613095,1.91579699290638,-0.0807383483877196,-1.75426207319345,-17.1603600564256,-17.348845845194,-16.2382755647873,-11.989717016715,2.23790438230397,-1.00094675146024,-3.35645786469411,-6.75635040584912,-9.11062765151406,-6.35061643922016,-4.78786967833433,-5.57592813184961,-9.17516954398173,-14.5007334106472,0.049755987616939494,-0.26397942546593983,0.24150570272468738,-0.026207975681221688,-0.16633800317375064,0.0875357445535107,0.0349105016254324,-0.2627142233004976,1.1988768897598916,-0.9636819235425241,0.2990749041012742,0.042895948898215575,0.0695833739086095,-0.04478270439228394,-0.1675641849502188,0.030493507512245735,-0.003774516205547443,0.03292044429850405,0.20078773540221578,-0.09877552792388591,-0.18330938906205443,0.00948605698458826,-0.29187717220969217,0.13100867033591773,0.3392019881447707,0.07206354948590585,-0.006209460187152124,0.21198020225424424,-0.10175920677074289,0.16329865535694574,-0.051823714472073526,0.053541710700453986,0.07994986458140137,0.046626357461812123,0.032196081164044016,-0.043347092708661224,-0.05019498264466481,0.16702681032922875,-0.05332226069616761,0.06900919245280811,-0.0985043472213735,-0.16548634860282663,0.06643920576131628,1.3023041474654373,6.608343534086397
9,17.9892763168612,16.556645666689,13.9101207065993,8.11717142035748,3.95405453857793,13.5358802104157,11.3820162435762,26.8557562067535,43.7791064478176,57.0864574616585,61.8579673732432,53.7346219367994,33.0815747494833,20.6482589492432,25.0353973344436,27.613501502344,24.3243244353813,21.4724176556517,19.3075705320871,15.4446801767042,10.1368319229343,3.68679073184098,11.5320411905868,0.968579169627978,-4.12011348980673,-12.5369196786732,6.91682426795929,4.34389156946276,2.18125696989093,-11.8895623426433,-11.7737501940707,-12.3103444767167,-10.4068539229956,4.74752642861739,0.40290433613511,-1.45237757531982,-3.45324090021083,-5.61052501961586,-2.08628674184306,1.35650081742349,0.34604791195469,-4.64793395489187,-9.35604211083585,-0.02316108283377486,-0.04914760344436419,-0.016926153264280836,0.2396881934715956,0.11527202133489971,-0.011898122691954989,-0.04009225338450553,0.019899287232761208,-0.9678439342558426,2.0969243821891506,-0.9341493327027298,0.03549096993098727,-0.08950748216911053,-0.009367360715784874,-0.038413848878648474,0.06963382140204039,-0.04390313978302695,-0.07582373437510952,-0.21390531437415763,-0.0338325330408927,-0.03312124960906675,0.006065609016317253,-0.3857922929833339,-0.16548190229762658,-0.006750247373576152,0.25504513508516713,-0.11997066399159045,0.06062165764392557,-0.3694440224758447,0.020970704779964395,-0.05561850337218664,-0.015073306229802519,0.17905090680483124,0.01231324039094176,-0.07834684316634925,0.0555162428175422,0.10212194018343533,-0.04798805757883218,0.030514147749167678,-0.3569106119945384,0.497821241965073,-0.1488958332677497,-0.12028018273558269,-0.7459293394777264,7.5548962575047
10,24.9057661741514,23.5679823348968,21.2466056659779,12.6132511263544,6.42080026968812,18.5009372718214,11.4269737172704,24.0031008508041,38.1327237804674,61.8579673732432,81.0991917684637,71.0361450199933,42.2196975386663,22.291708048473,27.4300183245528,30.4494392260795,26.6978990478809,23.4397559655541,20.878291199762,15.6190428119581,8.83776879764164,5.89669972616097,9.30450291361488,-0.847360211156243,-2.91541888993133,-7.16950979079386,6.38928303694513,6.02346060333468,5.9764336072694,-8.6772337689367,-8.07973427741703,-9.29523873299512,-9.29776719998344,5.59051010469989,1.76963724454731,0.889612624949389,-1.29936601832258,-4.61255813887799,-1.72941107114193,2.67658345905665,3.18016653135031,-3.43372302069212,-7.73690084197732,-0.016157524696671977,0.1735247084662677,-0.31888758430658515,0.2582185984245094,-0.026746929122498174,-0.07631061876353647,-0.05144610445399515,-0.04650656957506156,0.3004721494769455,-0.9361095781266228,1.1331959283295607,-0.6618745328438576,0.09930684465725086,0.12648784476205735,0.001778628854497985,-0.2441529879105191,0.11507407373932206,0.06105127961825885,0.1818960654315072,0.06055341729325722,0.02579552989815034,-0.060679600273948954,0.1762213446383997,-0.0002182780248521133,-0.341640067193285,-0.17974965122598194,0.1420158020921386,-0.04885019287659262,0.00366608780696826,0.09552737238833098,-0.043781931291626504,-0.011189092830105846,0.052090346258407486,0.04258044609697987,-0.031102624216580478,0.0006576055129779403,-0.04781465125844881,-0.011108194403529443,0.004802096058653854,0.19252186492046694,-0.33567082550247324,0.21473334045443046,0.047106149378411885,-2.1328725038402454,9.004953734942989
11,22.1839049232211,21.9638145883909,21.7191888754495,15.8501913562126,8.11689024774676,16.0955479405461,10.0319751927031,19.8753749164824,31.2783957992579,53.7346219367994,71.0361450199933,74.6652556872211,58.1504985415882,44.0913754258159,39.4571924383863,35.1167639299603,30.6915464765329,27.3636103358833,24.292592994592,18.4947380017732,10.5405156701993,8.70077294005996,8.51540538770276,-2.79836098541162,-4.03979995621921,-1.68530188785673,11.7861990283316,8.12747775054879,4.59931195516865,-3.55700337358199,-4.14228667808794,-5.13077727163615,-2.76797778511422,12.95239970189,9.93018342827561,7.75767587797689,2.56580744253164,-3.86637816042103,-2.26077985025572,-1.42605267648041,-5.04522546381301,-9.19121005873452,-11.2982424787917,-0.1322252065715098,-0.18948208350290768,0.31482113475523293,-0.2135539649724111,-0.036452538844053244,0.2215599405545698,-0.0013517631501543906,0.05642027396948165,0.04390132819728016,0.03743405898309916,-0.6635188790831111,0.9726451890668483,-0.3345136226947968,-0.06028891196319052,0.05587627954060147,0.19191794667132436,-0.09953090621729971,-0.05634162695791656,-0.13922726702570792,-0.1518564694013998,0.19803912164619827,0.06788329378944413,0.04603132319813259,0.08563403942204498,0.46541587471333357,0.1617897239273632,-0.035970035663607694,-0.10009578371794524,0.08013792455855492,-0.10390100006856048,0.09993711793279529,-0.04466546708083569,-0.17528282838348871,-0.07282910992029291,0.1364537930607352,-0.01766562073196235,-0.13693765199296282,0.17674128422876806,-0.015806747866337203,-0.0811972974278154,0.021176099508750625,0.043185006771435844,-0.08579394129592748,-0.10153609831029178,8.640327290515163
12,8.08871136363751,14.3882845323254,20.9132614032869,21.6186069789509,16.7949751087453,25.1722233280334,20.8768996582304,16.3087895216376,18.6879959642947,33.0815747494833,42.2196975386663,58.1504985415882,87.6491210916864,79.7647092319367,60.0235802725157,46.9265476306728,40.7544979612813,35.3714609286111,30.0094712688771,21.7901979915373,12.2945962487906,13.4751982630685,4.53644427313296,-7.96884358741565,0.220084788144194,6.52783293366037,13.7829585870948,5.21202439045477,-2.65604220910545,-4.08610004948569,-3.44766999463111,-4.74700684931712,0.318219042849456,16.5379127012234,22.9263972504392,19.7328379358322,10.7143411192191,3.28492758749172,3.5569695938536,0.0797609875570598,-8.01312163941703,-11.1792172297965,-12.2159242103509,0.19201135245239173,0.08609144345399775,-0.039970642722489305,-0.1818439180951512,0.059632366840143475,-0.22237579392726853,-0.054240934782245905,0.12087557961028807,0.0688824933850753,-0.08835176406066303,0.10062967239748895,-0.33501547709744145,0.7633802008887326,-0.2443297190791468,-0.20219240435901661,0.03022309470098948,0.19272788179398256,-0.009166088403314359,-0.2700473777160321,0.1338593209045017,-0.2766622739976717,-0.15710032332430962,-0.12230514102770458,-0.08167909019478937,-0.08085284455707448,-0.05226828471412797,0.08659656422402409,0.08376828595607755,-0.10307521290813397,-0.053160538519297695,-0.08095530914495876,0.06464355429191913,0.3755607344942406,0.0478981236817514,-0.2533518800636502,-0.17103596047412992,0.13800334371361914,-0.2056399557198978,0.016710133267300874,0.16338829250376286,-0.06670543052963723,-0.019893968663073632,0.04407958069815421,0.516180235535074,9.361576848570243
13,9.52264927911174,14.1707160416121,19.6995078409679,18.6624055546053,11.3039364651589,23.4477490756423,17.3425403027144,16.2084135931718,11.9187559577944,20.6482589492432,22.291708048473,44.0913754258159,79.7647092319367,98.4291921108348,72.4350921785386,52.8463625929734,43.6548793432713,35.4077184699075,26.8362205453227,19.3205714051876,11.0863516557548,6.50123733698245,0.109198179329689,-3.68420485333076,-1.10699007585846,0.604659962160022,21.6551497337915,6.84683151156057,-7.29172000300393,-2.87421687867457,-0.651347257914664,-0.626366436179387,8.2090082981967,24.2213107310921,26.2407727211554,19.028689359618,7.75324275178316,-1.49286181276976,-3.2249482823744,-11.1974342429264,-24.66368153718,-26.5064777988032,-25.9088732358218,0.03891476326047706,0.04563800459616766,-0.12592281975840502,0.024018749242831705,0.08365117683734027,0.014389610968723933,-0.0652644224315879,-0.0819932063638039,-0.04615859354258378,-0.009159187389576873,0.1258387505968213,-0.06015650994941263,-0.2446576086161224,0.38837652044324245,-0.03753975825169209,-0.06956362959692222,-0.08029323462649844,0.04435897618652318,0.2490433401611621,-0.1740007778248064,0.1356805903344247,-0.0080603848152737,0.11065765604865242,0.025781713830347667,-0.17674974992091008,0.046580925521122696,-0.0340669596722445,-0.13129849224373985,0.06393407796988496,-0.09263151419609023,-0.05476120071423365,0.013404914185543737,0.07403984415787593,-0.14211890949158248,0.12938115462494731,-0.07041005693502392,-0.03257698106601764,0.08724353928699619,-0.03677608814691477,-0.051118051915818453,0.17518511390966734,0.018410284539416694,-0.08273271284655466,2.0373911930363544,9.92064474269867
14,13.2253639157319,18.9168737292029,22.5468560572524,17.3602904817243,6.81090622720019,32.976318003592,17.5336177549829,16.8492543285801,16.0908226523128,25.0353973344436,27.4300183245528,39.4571924383863,60.0235802725157,72.4350921785386,99.4888376246556,76.1301609687328,63.610527102945,48.585888753504,33.3351983510795,19.5537592708679,5.99764063791615,-7.00420421687106,4.15256265664342,3.48936008293514,-5.05507537255452,-5.60298815497897,25.1463249784374,6.89820577676007,-11.5482962269978,-8.07262710061748,-0.149002964635969,4.99211428580694,18.1918922932073,33.2581983700948,27.0912779286206,14.9685977768998,7.23352133231202,1.04232073744117,0.228082023951905,-5.78957964691976,-16.9955322341505,-27.731985443238,-36.7356313683851,0.02657927019273556,0.10524853922597725,-0.08098954849646735,-0.14399230110598418,0.013565109761924606,0.0023167587220847487,0.09370023594760063,-0.0623751079177746,-0.16688600520376384,-0.03775005889405532,0.0007626874659072535,0.05524657330819766,-0.20136841341378334,-0.037797337914739264,0.5666004704578648,-0.0877245018365593,-0.08148587797579634,-0.19731575124860992,-0.06406698080822223,0.15218783779588793,0.08653533323700666,0.11063366202119994,0.33637400756034846,0.04039555165982997,0.09619833955717837,-0.04180339399874076,-0.11636934626248086,-0.030597070715907174,0.19359496738938783,0.016076276348008355,0.01442090858060108,-0.06641007890968748,-0.3327332733737065,-0.07812788201827527,0.05679337718264421,0.2688116830197261,-3.141152478259268e-05,-0.30939631885938557,0.08848531916985827,0.0900499658785357,-0.12268596253244123,0.05120403559823945,0.07844320229087966,0.09546850998463922,9.973907841195226
15,33.0353294220251,34.0400338182098,30.8700209753147,26.9268933883194,17.8174513791075,38.1835690559903,24.3738393995243,18.8746116900237,18.2645278104301,27.613501502344,30.4494392260795,35.1167639299603,46.9265476306728,52.8463625929734,76.1301609687328,80.4567818791196,67.9992370961684,50.729656654997,35.5873470629538,21.3828400629508,6.88447955409207,-1.51391152415863,7.30053485275109,6.62688834377389,0.650611932880335,2.97674987221172,33.4140988163965,8.40272952575281,-9.19928371280151,-8.44658483460356,-4.8970488911246,-2.13276721227562,6.67386823635694,22.8469391223621,24.6417027350206,14.2038869892754,8.13822143765782,3.43327419294892,5.95852824704785,5.35179393559563,-0.0084330499212065,-8.91114797496398,-16.5253407455685,-0.22978716827626497,0.39826327961637514,0.08994601211277782,-0.43721357625362517,0.029612720577102705,-0.08490519933500133,0.049357483672164755,0.06547226251689785,0.029720553934298774,0.07195404817360172,-0.24602943107673494,0.19118626046161838,0.031710860295047216,-0.0707307468228412,-0.08803847068556148,1.3101166756338887,-1.0373078725817202,-0.2840408852078825,0.009872106028897746,0.14177433395880223,-0.15033021222998463,0.037614306121480943,0.05935599864068558,-0.24436372919712093,0.214700544982658,0.16329976435668112,-0.1590687916853627,0.23059273755661316,-0.013465458444026825,0.03904601151602706,-0.13376523051078718,-0.009692217885967991,0.15466355970409817,-0.07373751379861458,0.08552305849117989,-0.2898343420572413,-0.025144470247121145,0.22767611703041776,-0.11208671368894185,0.07251125702228424,-0.10421088054513557,0.017315154603792356,0.04747608087089197,-0.0616615463389654,8.969213002215948
16,24.5707351139302,27.6024544662178,24.1540648066149,19.9455664618579,10.9209539476006,30.5787560904727,19.3724890805718,16.2992526776425,15.895582316683,24.3243244353813,26.6978990478809,30.6915464765329,40.7544979612813,43.6548793432713,63.610527102945,67.9992370961684,60.9056079170019,46.2740572764158,33.1691845874359,20.4686762900311,6.51269680700974,-0.303696628366034,5.59820517710546,2.27712282588265,0.46408434426259,7.27734724225657,27.4609232979826,8.42154704041884,-7.74790825303185,-7.75040820558142,-5.48717434320677,-3.8686518252868,2.84074349341983,15.8454532119177,20.9533040194196,12.1055603373447,7.55343041849771,4.07467497632047,7.10741256940214,7.44384805794692,3.72591155759768,-3.21977245535216,-9.03219996673114,0.2674667012344474,-0.6621484092021324,0.19989020363645624,0.31670807030399833,-0.04067935665274572,-0.025314086352817358,-0.0201311644086665,0.027773025958016062,-0.0010237569972371928,-0.03386057848885886,0.10829221271658562,-0.10191745269655945,0.1961296088289466,-0.08037782305511597,-0.08211934043596192,-1.0373880002564133,2.6275684902971452,-1.7140165872795619,-0.2495950357375642,0.22440750193531123,0.26653160044957735,-0.006425813364619763,-0.1566477791116949,0.1220166822630155,-0.2701789929997656,-0.07955815706412764,0.10987990049252341,-0.10434875690556603,-0.017977103165089877,0.08758208774410015,0.04553585268462705,-0.023096107850407353,0.07119235848147179,0.028669928082932995,-0.12450306261385992,-0.03792997726565369,0.07115165618506217,-0.12614711200202808,0.14020951601310977,-0.056160166640136594,0.022804139010661653,0.031192346897374112,-0.09464045297981863,-0.7435995903737839,7.8035637959205495
20,18.2256330958843,20.8701015538324,18.7287903168262,15.4869854967517,8.11925539132542,21.6302951383401,13.4079517707343,13.7223388894881,14.2561195620979,21.4724176556517,23.4397559655541,27.3636103358833,35.3714609286111,35.4077184699075,48.585888753504,50.729656654997,46.2740572764158,36.4234118480726,27.4642097976911,18.3721825433786,7.32809376621758,2.11214090619727,4.44220168127157,0.297867371868285,0.797734789671865,6.24406855964402,19.8967941379574,6.95908310965294,-4.98466025886181,-4.96075011235094,-3.69854140983409,-3.58370735145026,0.969360405067848,11.136275472192,15.3839834313035,8.56111069299718,5.37490752127496,2.86056793394378,5.87975709035652,6.44466674523561,3.81506546923462,-1.33534917820936,-5.56312892352139,0.11700330387908324,-0.11168101104558135,-0.017927611754552403,0.05334008714143692,0.10448920026805718,-0.018493052007910415,0.0005897922357359859,-0.03760300163591071,0.035312123355344734,-0.06856899452931532,0.06252311820237598,-0.05985513440210005,-0.0042498132961104875,0.0418795491536567,-0.20543674624441452,-0.28246017186471645,-1.713891126399181,4.1658528822261065,-1.4165037124276383,-0.3600699376387299,-0.032146702708702485,-0.009120292801665092,-0.0779035909861959,0.17082964404192202,-0.05236098932682735,-0.13343227023278653,0.08371704523706455,-0.11093799808686702,0.008732949279565402,-0.16719941322785892,0.15299980224867052,0.05243028302568641,-0.05302667037642584,0.07482718687514343,-0.07127568904694502,0.043825240257604405,0.12696107632753473,-0.0013374068611402572,-0.009755957469370712,-0.166139109021587,0.09134988220616576,-0.0024681625922114516,0.008046103466805787,-1.9833333333333336,6.034352645319345
22,16.5995043470546,18.1471537054563,16.6214038581315,14.1960252518454,8.29385792159391,14.836209887516,9.62179983799641,11.9010247869468,13.2155938465737,19.3075705320871,20.878291199762,24.292592994592,30.0094712688771,26.8362205453227,33.3351983510795,35.5873470629538,33.1691845874359,27.4642097976911,22.5704625606515,16.9154939358347,8.57452434830734,5.23420333061393,4.10276964593501,-0.576141615945861,1.92377871795328,5.81786416594863,14.6604222577217,5.74212491286611,-2.47151508238867,-2.91398296678589,-2.70587030872765,-3.96080483550368,-1.47202593371139,6.3611093823899,10.3236463623413,5.34103831234295,3.46575126761162,1.89325414142488,4.91872227378219,5.76624565041018,4.23198251368654,0.938680327280846,-1.63617699138111,-0.03712600336313621,0.183928402737368,-0.06531753090845861,-0.09317527733469112,0.0017530485332664732,-0.10601101575988599,0.08171420388530877,-0.1114699115995709,0.20383535537971198,-0.21274850083146976,0.18971928378332045,-0.15769045815473878,-0.2554717914585876,0.24732696149088235,-0.0705743976829348,0.0032790431333571783,-0.24994670404793312,-1.41130874028028,3.666226371449465,-1.51183189018695,-0.15082684696290927,0.03943141885439452,-0.23332670579606526,0.06874931148363744,0.028618289490662384,-0.07168736380360574,0.03552388757999077,-0.036447935973533054,0.05797884114395396,-0.1898674276068373,0.0364570377310642,0.18291687887970456,-0.048516033694937184,0.1526716297412089,-0.11088638593663536,0.15249384006937694,0.009567372784272622,0.040858807677245326,-0.04320897923468976,-0.13422241221381165,0.12283139883522266,-0.03814297004191572,0.014579809212929437,-3.1101638504864306,4.749785527858232
43,15.7328462963981,15.735751402135,14.4245195109061,12.0436562685213,6.85383736639709,7.87800114222537,5.71457041773094,10.2805644489987,11.4611444043593,15.4446801767042,15.6190428119581,18.4947380017732,21.7901979915373,19.3205714051876,19.5537592708679,21.3828400629508,20.4686762900311,18.3721825433786,16.9154939358347,15.3774296442591,10.3781597069361,7.43113750359746,2.79594567694423,-0.378449325158591,2.98992836452835,4.14676410997092,10.2475560196595,4.42351015838114,-0.962424885473512,-2.1204103078094,-1.71529217292332,-3.20234733394181,-1.55039494951899,4.58387554256903,6.96349164262735,2.50456361864459,1.42352349038631,0.283235390263968,3.08247992472167,3.94534624808159,3.24110325236662,2.19949797319361,1.64876567798136,-0.006119929016408944,0.1203247000228915,0.010251883687601642,-0.08726247927788988,-0.09343114386402133,-0.0030513414911817584,0.1515227153448769,-0.0827993034230572,-0.09994392856981116,-0.03664352017505037,0.05741948394317616,-0.1497983905794874,0.1296682442585442,-0.1722770128091647,0.15246887036533494,0.13845236642885272,0.21914054084837375,-0.36712763795836184,-1.5109129951073061,2.319207412788321,-0.5983049316437742,-0.10380723224011826,0.07432670109183172,-0.11583939230407896,-0.29814866455163236,-0.21981016206291087,0.021730690027242403,0.017528596580860104,0.22457605113696053,0.25171428217860864,-0.02983344871472854,-0.05868946144286178,-0.2375259095487398,-0.011213464125773082,-0.07083999370074644,0.4388405230322461,-0.24776559835520637,0.24036579814119854,-0.05728932232522974,-0.04340961591172785,-0.00047143076110942885,-0.11525304007034362,0.12483176279961719,-4.313607270865336,3.9201313299759666
44,17.6818041244936,14.4905151453161,11.9527410834299,8.60158132608193,2.82439441865025,1.96658655863749,2.66643517980692,7.72412472509729,8.12255939792745,10.1368319229343,8.83776879764164,10.5405156701993,12.2945962487906,11.0863516557548,5.99764063791615,6.88447955409207,6.51269680700974,7.32809376621758,8.57452434830734,10.3781597069361,12.0265542023261,7.35845341208845,1.14530852997589,0.59215358418897,3.21413190371403,3.24185063055924,7.99326002390354,3.52990623719224,0.184710576721792,-2.1087283924101,-1.08626345682001,-1.81075120889829,-0.406168167131862,4.17464176301279,5.19985371106063,3.33377254229954,2.95837113529683,2.20676151123245,2.7999870040599,1.90445815547276,0.0802830252749017,1.76457732818888,3.68648915610357,-0.16188783428487405,-0.019358281865437685,-0.06806722890171865,0.022054859229670393,0.3524117581152581,0.2690255617070905,-0.2829896869657927,-0.11244431853337698,-0.18968458434376925,-0.03094246702025038,0.023158948405822666,0.20185478564223736,-0.27536965132870345,0.13324425555874694,0.09022744185495236,-0.14674391423490388,0.2777337002777567,-0.014715805728113063,-0.1468909102264487,-0.5920849243165923,1.4431849090890971,-0.181394975975502,0.17029297561434906,0.08342472600916821,-0.299607533764119,0.12415878532548798,-0.08732126927676515,-0.0035953936611696057,-0.08602300810454223,0.031045003259943908,-0.3627217180275363,0.24912228784557652,-0.14231820581439764,-0.27083211801240087,0.2184725190011048,0.017912027987948144,-0.25332562173633993,-0.037828364182623336,-0.004717793117422702,0.10941172309611037,0.01898303794489014,0.16594347685485575,-0.18032082434702948,-5.021889400921659,3.466490184945876
46,18.505907714961,14.690842495598,13.1752888451364,13.7733817911947,13.8150103960778,12.0977791501089,4.66735981177174,1.62219469036817,1.20914927378719,3.68679073184098,5.89669972616097,8.70077294005996,13.4751982630685,6.50123733698245,-7.00420421687106,-1.51391152415863,-0.303696628366034,2.11214090619727,5.23420333061393,7.43113750359746,7.35845341208845,23.5946109008119,1.11474905841511,-5.56408987877303,5.08992954990844,7.70075383235296,10.4462032373362,6.44572507270778,5.26000011377849,1.02801721336587,-1.12810875372827,-0.891527558781873,-2.01367494477776,-4.63223923046724,-0.444425519159556,2.74158498483762,2.66964574690927,1.59868375602133,2.72686621789441,4.88451057681602,6.65513028831852,10.0503349300944,13.2413182830641,-0.014518028927674715,-0.01419632712949978,0.06071546309189871,0.04306403527502556,-0.26103535202264816,-0.1731367262724332,0.3148579082522027,-0.07106578861577431,0.010484102619202379,0.0060936597949806555,-0.06007901668936685,0.06690099975766334,-0.1563834558294936,-0.008155307450688213,0.11172160541294517,0.03956854223606258,-0.002979121913704868,-0.007144880556695687,0.04347310118037391,-0.10208374009831155,-0.18211751764101225,0.640301740694709,0.005354674310285477,0.21222654505171196,-0.013678333762471493,-0.08766183917082454,-0.10805855384045095,0.0808668026915659,0.06071228666203251,-0.058652562704249456,0.4657332270559022,-0.3464508633057635,-0.10809574709338803,-0.039725560497850365,0.15654023042273899,0.011971207283309348,0.1085910439835743,-0.011035206996844923,-0.04193727539195745,-0.0009711035138486889,0.07968734978803753,-0.02398605313996001,-0.11744863540359717,-1.8899769585253454,4.85639896433684
47,11.8635892282945,11.6377401130174,11.7712692807165,9.641014329084,9.00752649424372,8.31806389481704,10.1811454798237,4.86391231270916,11.3346979740283,11.5320411905868,9.30450291361488,8.51540538770276,4.53644427313296,0.109198179329689,4.15256265664342,7.30053485275109,5.59820517710546,4.44220168127157,4.10276964593501,2.79594567694423,1.14530852997589,1.11474905841511,11.1669892473118,2.93157910660324,-2.53643729525669,-1.22753004815124,6.7008143353249,0.736221742910369,-1.17934285975488,-3.55640387321602,-3.55096595411835,-0.81124844751042,1.28297294603923,5.06209627685082,1.40381646576004,0.420889172311734,-1.33055502072058,-2.64617993423454,-3.21528260419585,-3.59335040440852,-4.6892662853042,-5.90966285510285,-8.90582503620888,0.006089353360709498,0.30171791150205857,-0.35748143457019876,-0.12783089967253333,-0.035645644945851686,0.08546964114488932,-0.17993354034427825,0.1883705297389136,-0.2921977601007302,-0.3840216623095009,0.17517971929865234,0.04731483695549791,-0.12214708805991606,0.10963062875334809,0.3385147156556964,0.062396102438614036,-0.14742037742260708,-0.07546785900976054,-0.22622150813795755,0.07662404995286078,0.17002259985730853,0.004847255677136379,1.2159762889406525,-0.027804357683401525,0.2215669856921895,-0.0026514834378592585,-0.07395122458840439,-0.25223109324788046,0.4693640979628291,-0.19195607163799783,0.021525028924732747,-0.21109798432335047,-0.10110469552615654,-0.16854924696773063,0.2483261317288627,-0.11704381132744637,0.09404616932288132,-0.34695359933392256,0.10033725780881393,0.27573151772965643,-0.1898935323149447,-0.03641588174010132,0.16238097203106375,-5.096774193548387,3.340207964680018
