,Cov_0,Cov_1,Cov_2,Cov_3,Cov_5,Cov_6,Cov_7,Cov_8,Cov_9,Cov_10,Cov_12,Cov_36,Cov_37,Cov_39,Cov_41,Cov_43,Cov_45,Cov_46,Cov_47,Cov_48,Cov_49,Cov_50,Cov_51,Cov_52,Cov_53,Cov_54,Cov_55,Cov_56,Cov_57,Cov_58,Cov_59,Cov_60,Cov_61,Cov_62,Cov_63,Cov_64,Cov_65,Cov_66,Cov_67,Cov_71,C_0,C_1,C_2,C_3,C_5,C_6,C_7,C_8,C_9,C_10,C_12,C_36,C_37,C_39,C_41,C_43,C_45,C_46,C_47,C_48,C_49,C_50,C_51,C_52,C_53,C_54,C_55,C_56,C_57,C_58,C_59,C_60,C_61,C_62,C_63,C_64,C_65,C_66,C_67,C_71,Mean,Std
0,303.63756869773,360.098137893114,53.2502617706414,19.6223994359648,-15.5106949318159,-2.56341347330478,6.1934604788924,0.187229293749112,-5.906604870662,-2.89633613290968,-0.682954688417466,1.40421256800472,2.05450233856779,-3.3942898417923,-0.201114210953761,2.31388981142733,6.05730239864532,3.73383045218899,-13.5140451224901,-5.98742187657276,-1.00929813903968,4.85104763276877,9.47608062176647,15.2682416254665,-3.13839207741128,-4.49294998362456,-8.62864421349108,-11.7685828894431,-21.8758492080904,-33.0660590222886,-23.0600784310105,-13.3117426171013,-2.63924871927252,7.53398916517339,1.29198347137715,0.050610793898753,-3.32559357001979,-6.82563677400688,-7.04395072325887,-8.4748098568459,0.5337410910598069,-0.40117323503300273,-0.007499848298909834,0.008564559959080177,0.19505893590559442,-0.03877121924155253,-0.013264659365460505,-0.012249904354536758,-0.04166919247943458,0.02568120643414326,0.011243151052000985,-0.026055182197341258,-0.2759290409521975,-0.07840268035980136,0.15367503714689706,-0.04737512454793656,-0.012207173095343922,0.1761719796093624,0.0690634690300885,-0.04485188421217694,0.015957630077001406,-0.009913195609695852,0.06096582858124226,-0.15048779290064276,-0.0173439045133903,-0.05534957803771106,0.08971622561408385,0.0011485090334668502,-0.047110869921732974,0.07765747078377862,-0.029647575983197776,-0.03967522272143772,-0.058586699657678216,0.10109892293576564,0.022146909409456163,0.007417263678368779,-0.022432259252771248,0.011089557720871526,0.008850418087735658,-0.002859647743159083,2.6629032258064513,17.42491230100542
1,360.098137893114,437.270179211469,68.7842105243547,30.389683589162,-9.66704166232197,2.65081495820206,11.1286331262174,4.59105841866709,-9.23434412795761,-5.04427120430205,-1.72410588435828,1.3940394348363,1.79141220581834,-6.64880815530057,-1.8847664671155,2.39537482118364,7.44892716391909,5.93652962620522,-15.1697663106477,-7.20397016026427,-1.79881082084355,4.14970553011034,9.25641040309345,15.6078189090263,0.467710817762015,-8.35518934479086,-10.6513357837955,-12.1566241519798,-12.8764156806286,-15.4930403231069,-8.99161948743284,-2.80740527311715,3.89567975034266,10.129743183065,2.32460600598727,-0.64589993674188,-5.52699928387012,-9.95320186352899,-10.2759745436496,-11.2906629694485,-0.40207506707984364,0.4009778832231189,-0.21192021255691454,0.005184328274338848,-0.09886151518337434,0.0692198546045403,-0.0015972066679768296,0.021721543810946417,0.07867934794817857,-0.005411084753131742,2.5845933179375655e-05,-0.00796696769392242,0.21259353406281087,0.08094320489723014,-0.14065409756252284,0.031928888357677015,-0.028806893100626632,-0.18996747832688451,0.009478159446018992,0.053208662223945574,-0.014010369151433943,-0.010386609817901465,-0.060248579611777514,0.11549559622480549,-0.005263487689203033,0.04459533841050755,-0.059157621203206896,-0.007780697974129945,0.05062930233060816,-0.08767577791228441,0.02877198075655552,0.05562739317406008,0.07189095002880619,-0.07626169436192645,-0.007032192669317155,0.03772246885616614,-0.0413916992473042,0.010801900326841387,-0.008774257713357707,0.008374864599004066,2.4602150537634406,20.91076706415787
2,53.2502617706414,68.7842105243547,19.0241942951016,15.4840707696877,10.9606501445306,15.0361536311326,15.7775241043657,15.1103644060211,-0.42174977198186,0.0655023812958793,0.0297944913217945,-0.0749114069665236,0.706143613183943,-3.87149111686839,-2.44747766334048,-0.762018662052414,0.71918909653116,1.6236241708451,-1.19842338229068,-0.972656258372507,-0.261926741132416,0.566527970199678,1.47587306225471,2.81377104526935,10.8523393462546,-1.84562470001952,-0.881411890470136,-0.0407740680331657,13.5956905011173,26.5045464780363,21.2872298184989,15.9438558847114,10.4214661532365,4.79150549328453,-0.172099650254383,-2.02128158107102,-5.89296926664684,-10.1698534569424,-11.0228701159182,-11.6397246597965,-0.006214218025123053,-0.2128622828874782,2.179925704211168,-1.4138783330154414,0.32510551463498016,-0.2691076844385875,-0.04558102743290011,-0.04740444867950442,-0.0177837185437018,-0.07302847843978334,-0.05190508875556145,0.02725040719523109,0.08955441693961959,-0.017432249110035224,-0.02106011858647422,0.09362362111219694,0.07758288005238873,0.011078514394588415,0.019744616096713963,-0.08644721899468637,0.01635286768024476,0.035194258549603744,0.030597368265697974,-0.06545636341221862,0.16203065755566382,0.14101286311805927,-0.028178538071751278,0.17345285163351246,-0.18311973577125876,0.14213951355994078,0.011740494500078786,-0.067978507903712,-0.22879911169312997,-0.24009608982116837,-0.01671988694538011,-0.059837410968837816,0.2827283412778573,-0.16111811045974714,-0.041177246534341586,0.05718652771572285,-0.7478494623655918,4.360526836874365
3,19.6223994359648,30.389683589162,15.4840707696877,18.2041248506571,19.9253892476001,21.5727383924978,19.4765108156278,19.0631901350899,-1.67342807186188,-1.3505110908354,-0.98525887218791,-0.713516863727883,1.13527863475931,-6.00393580730298,-4.5357227806788,-2.18801012812304,-0.633737286207986,0.724433798074074,-0.210057256526863,-1.02152630126214,-0.552169017416876,-0.274928119971033,0.244613768226493,1.08557453221956,17.2349794286303,-0.471437260626378,0.640644134387706,1.47924919689289,13.1686134493556,24.709923402628,19.8075133252615,14.7518118576413,9.31086453349235,3.83049092947685,0.0629216230844353,-2.1183654436937,-6.56500594022953,-12.001289033852,-12.9691066374244,-13.4431186581316,0.011521187392802498,0.003413710897264903,-1.4110750966626509,2.723929674362953,-0.9668555099905899,-0.25727314794421935,0.006556102545459899,-0.02861102085479104,0.0745666648575183,0.2704920305304784,0.028574784923333017,-0.0840936766111322,0.1766440903541858,-0.02202239270565022,0.017786747002094462,0.028731466743703006,0.2134012451440927,0.11760926861074986,-0.1559520854645824,0.03013404180208797,0.07357008618469038,0.17141371233058628,0.047354171737701616,-0.27668689216070247,0.04703342123112642,0.02858958075251122,-0.1567074019961339,-0.08809230070775308,-0.016478397473546114,0.17895764424747668,-0.02318637195573116,-0.15145402047583928,-0.06602829748110944,0.12430465978740748,-0.04184035325726053,-0.010074455709378326,0.027979206293689263,0.015812284939480652,0.07015730729643302,-0.07203395104760807,-0.9021505376344087,4.265457167837593
5,-15.5106949318159,-9.66704166232197,10.9606501445306,19.9253892476001,29.2499529569892,27.1306366707908,22.6225043870594,22.6221263402181,-2.88054558237123,-2.70327720146677,-1.8854807836459,-1.17686417812511,2.03775504809403,-8.64683662900378,-6.799577347945,-3.5169735727912,-1.57234005818255,0.0028346729683571,0.197542906285291,-0.535028875110733,-0.531035956695148,-1.02747415390056,-1.12493789047686,-1.21483528146391,22.6202634078702,-0.222603313780834,1.28000213015472,2.46898081431047,11.1981738470579,20.3115530173346,16.3315752725836,12.1355668514935,7.33996373458791,2.54260964104182,0.901790023837769,-1.30725637135875,-5.62855169920744,-11.5562291699881,-13.5494214019155,-14.7651933759715,0.19426353544978894,-0.09847421410680197,0.32322648565762885,-0.9673860243709637,1.0715540297414154,-0.30699371601490405,0.12006198919479248,-0.12798299144120065,0.16654204411509116,0.1757358110188074,-0.023785932773325465,-0.31174142721554,-0.3207803360561748,0.02807146304026944,0.03019827544535106,-0.04860489348529529,-0.04224278803097017,0.06141546081189264,0.28738549996383,0.0022870800155471295,-0.06799589528330942,-0.03225384272241356,-0.006916194483784114,0.031201664679296526,0.014928562798063085,0.15455562924216143,-0.004932220914864742,-0.031100972669651256,0.10619361690118491,-0.03598759290004087,-0.025318971955129027,-0.031765514836964145,-0.015736453349282916,-0.01690111849851651,-0.029347299327035167,0.09114241877444702,-0.14582580594757133,0.045794784223132635,0.0377227305490373,-0.0011732255466564436,-0.8870967741935484,5.407397983965047
6,-2.56341347330478,2.65081495820206,15.0361536311326,21.5727383924978,27.1306366707908,38.5351792114695,37.2121193207956,35.8258305946131,1.60403250026317,0.953368790539298,-0.683926569162821,-2.27249331828276,1.8426811407083,-9.42384889598422,-7.08323402829671,-3.99655709003812,-1.48564019149822,0.944972753892858,3.20576076295485,-1.43838450459722,-0.538819573223595,-0.147440779857991,0.0114711091297141,0.147581869184575,33.2767257532654,1.71605893107287,1.97190468877259,2.60215141370307,2.10013003462735,1.48048692632109,2.18240504656666,2.69503046611636,3.20855806447368,3.88523071490723,-0.796428094821216,-1.74190357298492,-4.8076808714552,-10.8066818026274,-14.5297169135508,-18.2860227844127,-0.03770834179340977,0.06855787749133209,-0.2677814216541631,-0.25691026964661856,-0.30764659904256564,1.062683077728437,-0.5219336124579118,0.21570093401028664,-0.017232063057455716,-0.36875925445703484,0.0035565370314893313,0.3531759196083957,-0.009329764315749728,-0.030596430745720583,0.052764433893717794,-0.04348485197945499,-0.08303928847596871,-0.13006516957090272,-0.103783261331654,0.027713381840233905,0.022421470170369124,-0.060566884896331684,-0.01911366851425236,0.1258801610838141,-0.20200247024581391,-0.31651725285763366,0.1428123709608826,-0.06248808658527373,-0.07181027349231728,-0.0035930562369221944,-0.015511572932334471,0.07817983964423968,0.13919363631390322,0.12954522158453521,0.1262549397115767,-0.03654412181895767,-0.02179919941506912,-0.010321841471377307,0.0065100126269276425,0.009403237087246464,-1.8602150537634408,6.206865490041615
7,6.1934604788924,11.1286331262174,15.7775241043657,19.4765108156278,22.6225043870594,37.2121193207956,45.8449761051374,48.2122149138602,6.28672842545635,4.41167211738659,1.44227675159689,-1.34536481148024,-0.199288528167559,-4.40921526278756,-3.29448734632564,-3.24773649922152,-2.05991552310335,0.0996048589799764,2.61689512444933,-1.01752461273763,-0.185791785530205,0.674575581369126,0.640131084416156,1.29183950492502,33.3253966491074,-3.20232879418173,-1.4525336402647,0.281068440685196,-14.2327151960383,-29.5446896599855,-21.6969030829631,-13.9843173447324,-5.53677923899533,3.13451439708697,-0.887087785165246,-1.21444462288328,-2.26462518336542,-5.77604286393446,-8.14119216297564,-11.515569579423,-0.014529080857739322,-0.0007459737784898987,-0.0442471940184387,0.006553827952998355,0.12194048317488564,-0.5227838041024423,1.0868208351011928,-0.5451733418312132,-0.21028510079786808,-0.02361099035406018,0.012041589307867242,0.04161694209634393,-0.21455167468986558,-0.039712352834296985,0.11907267108555414,-0.0909497067650374,-0.020929346327504185,0.04881871756808407,-0.04507751529322255,0.0013700544875997528,0.0029194713227064933,-0.002430245711291907,0.04065947614375775,0.04541134775136282,-0.009495575808017857,0.09541455618929066,0.02933033742931494,0.09754082376365816,0.015985191123367732,-0.1321315539457842,-0.01171956724185144,0.05780127192583122,0.2484591389484942,-0.0978077128878659,-0.05839537436386337,-0.05401426302386868,-0.1944878659698637,0.18926961087045063,0.04449231321183907,-0.06463805129497376,-2.0537634408602155,6.770153329514583
8,0.187229293749112,4.59105841866709,15.1103644060211,19.0631901350899,22.6221263402181,35.8258305946131,48.2122149138602,56.9236559139785,8.17192739765161,5.91909290001981,2.59018547870352,-0.529944900813725,-1.77440227044022,2.68501684324214,1.50579218628437,-1.73373896082591,-3.07116538013236,-0.550034014521327,2.49804281137293,0.0525507154986854,0.728621049530933,1.52512222339572,1.36091475543533,1.50895905181574,34.6415964884882,-4.657748014008,-1.36608025992808,1.36589212324288,-25.4455100161682,-52.8077879021856,-39.1915280449751,-25.5976650443362,-11.0733565158434,3.09962703512369,-1.82036367043793,-3.16206011559252,-2.21846969945977,-2.49824689462689,-2.9133887780154,-4.57583697452341,-0.01214951539120498,0.0213564792971521,-0.04708078190255563,-0.02882319599350855,-0.12901828988086553,0.2161228862238658,-0.5457742215238861,0.5627254151162557,-0.026705844415095045,0.003345867659818941,-0.016509376788764647,-0.036796713822237544,0.22459597971955902,0.03287541623542188,-0.10927990373055921,0.062288432727292335,-0.03718842913289944,0.007310459832894186,-0.009981989609982955,-0.020573482481009722,0.0009187362785803443,-0.02243700603937946,-0.08075649852790467,0.02490214877790552,-0.0711554389654439,-0.03205274083019127,0.0032281286978729697,-0.02923841562376524,0.0023383041058309515,0.025667471539216113,0.03524643946034956,0.0001819448125429294,-0.16545251758363544,0.06798938311112518,0.04984635265395244,0.04143485042067285,0.13261065118324963,-0.12866236753589194,-0.05770551775147181,0.0650582849931427,-2.6634408602150534,7.544113991316573
9,-5.906604870662,-9.23434412795761,-0.42174977198186,-1.67342807186188,-2.88054558237123,1.60403250026317,6.28672842545635,8.17192739765161,7.81554360812425,6.55704664725295,4.39051830319294,2.43109368339871,-1.18053036533988,-2.33374871015139,-1.14090145126094,-1.44820867970183,-0.418624134177903,0.362477839879545,1.06874257499715,1.29432840120119,1.62341502919324,2.14622656913062,2.12113995940293,2.48153455542704,-1.98529289018755,-0.786429261215374,0.966261483424771,1.86991364863439,-5.0804314363927,-12.2651767513394,-9.37932238276853,-6.41342486912969,-2.84354570090228,0.510483112910998,-1.97769016348593,-0.899238537803914,1.403676350151,2.84059834819098,3.81463621601979,3.9765245680776,-0.04237570330570882,0.0803689601177714,-0.018344023596338407,0.07457003812605444,0.16417713543120405,-0.017718706078918706,-0.20757681999550134,-0.027446732156617224,1.974066407345835,-1.1859119248424037,-0.33504216479847365,-0.017977904227668758,0.053394718350572655,0.21185559840802026,-0.3122661332495906,0.05453341385202634,-0.08273956023433518,0.2282649123330104,0.0021344560178340696,0.11041899707494217,-0.012998429401273548,-0.003246128837044473,-0.03916552128904518,-0.18688154012441058,0.07149723175451009,0.25653502155544855,-0.12471548027414613,-0.0631433571935656,-0.1391064582275601,0.09954312791673449,0.022327957583795573,-0.0218604071699586,-0.13717174516869182,-0.08472918958395616,0.03327873688240883,0.1833136206176309,-0.3262839388052433,0.12365416935949528,0.013436514222361322,0.022086815345418297,-3.931720430107527,2.7938402975338894
10,-2.89633613290968,-5.04427120430205,0.0655023812958793,-1.3505110908354,-2.70327720146677,0.953368790539298,4.41167211738659,5.91909290001981,6.55704664725295,5.99628434886499,4.30967437786324,2.81256953976903,-0.876778493648633,-2.89993800933304,-1.565811418689,-1.40319920379157,-0.171641470102794,0.75580567446038,1.03380121532261,1.65743542962966,1.8609889821444,2.21466600267754,2.09566111708206,2.32838660371573,-2.5165253175202,-0.351347641155395,1.0168620266291,1.68959626036797,4.4849159849999,7.08924714129571,5.1300755286368,3.23826930217187,1.86159653665981,0.270109112301702,-2.34523690395701,-1.90230222388049,0.428105065875776,2.18778090987891,4.08496654458233,5.29282526058994,0.02415584908652953,-0.004448842450277498,-0.08099289008794312,0.2632408108023515,0.17820284252545246,-0.3696106072987397,-0.019051308829745005,0.002048198161680329,-1.1891013077379784,3.0367721231577685,-1.5508740526348075,0.11614566764137291,0.1756051857191353,-0.0033601624137818767,-0.0014292273247033342,0.07431552837902955,0.03545404205722898,-0.12443155700194428,0.20519626698692534,-0.016689321755220005,-0.0480700233647001,-0.01699498702528179,0.03652989798411159,-0.0682972438013805,0.12258820881494167,0.1125535195844937,-0.11219738633002554,-0.017415984232109567,0.15020032498974464,0.003316539290486676,0.008241590749269872,-0.0016908120502502658,-0.052584371503522576,-0.23323923480386172,-0.029236157400755206,0.2508794603192977,0.1268284774834215,-0.18763018478510146,-0.03904585386269924,0.07200026228829552,-3.4849462365591397,2.4466884454022733
12,-0.682954688417466,-1.72410588435828,0.0297944913217945,-0.98525887218791,-1.8854807836459,-0.683926569162821,1.44227675159689,2.59018547870352,4.39051830319294,4.30967437786324,3.81166069295102,3.36953825818113,-0.507525650963856,-3.70891499945062,-2.23055462561016,-1.53178224266757,-0.0718278927205659,0.912850325020013,0.76067083134041,1.69290564836243,1.84543135975094,2.09440680390336,1.90853162869164,2.3665793800828,-3.45394262674708,-0.210928355925308,0.722990307598314,1.08349828225325,12.5813884458496,23.9565991906168,17.604349882137,11.2963086830822,5.43613895020155,-0.605543094073182,-2.34679617036682,-1.57709858189222,0.224943519890369,1.80934993039733,4.15635396500946,5.90249361820339,0.010743231995897924,0.0008803448145235102,-0.04987863193141326,0.02804624352992778,-0.02260284159736125,0.002413942093049585,0.016727760146855224,-0.018304192199609774,-0.34146646994736923,-1.550560902372708,4.261498542234494,-1.667006189951343,0.017143883765163393,-0.03535324710668168,0.01293853803593786,0.11271736124525626,0.03572679150798343,-0.24085699154831228,0.06070088084126216,-0.11477991571053256,-0.027725538315750566,-0.04754276227076771,0.08557513700915842,-0.21529670521476976,0.04340745023861239,-0.013973004766196588,0.013211852672682692,-0.02799278540461441,0.02264874851505548,-0.10217642425714178,-0.010660348486904279,0.07340150522808307,0.012834413054563468,-0.007709578645436445,0.02697678164580817,0.014322538401661745,0.05340108697127018,-0.008228160504520032,-0.07987073391197416,0.022579044530465515,-2.876881720430107,1.9497847811876612
36,1.40421256800472,1.3940394348363,-0.0749114069665236,-0.713516863727883,-1.17686417812511,-2.27249331828276,-1.34536481148024,-0.529944900813725,2.43109368339871,2.81256953976903,3.36953825818113,4.0410633213859,-0.219330836152863,-4.67044041176662,-2.99015125435521,-1.73953547891535,0.0038162532420846,1.06031114369203,0.531082719238571,1.76132790051455,1.82494784264995,1.93626861982424,1.62638835149297,2.31426309330371,-4.55926550673929,-0.109141477088555,0.419557862659524,0.573274015756651,20.5316302716105,40.427309689287,29.7440164705111,19.0742767939514,8.79905441545825,-1.62771089692565,-2.53296607592214,-1.35238284505185,-0.023061089037197,1.37130261613561,4.12741372489882,6.35083560451166,-0.027861294369377943,-0.007225111846840816,0.028844161719835348,-0.08745622190661415,-0.30851893445974604,0.3523058339792502,0.04203265898184954,-0.037371340053434725,-0.019714573797216837,0.11254936476837073,-1.6667099409883634,2.2450200779426397,-0.03295156998575567,-0.11125607834084807,0.11925441221566499,0.09481257334301096,0.04860611057566826,-0.41070752804466504,-0.05651732669884533,-0.11716294277775001,-0.024055783360437927,-0.13503329280275453,0.3130505432513829,-0.22270113859953783,-0.03892887855038159,-0.23988444023723526,0.1634542134826756,-0.054617181144309246,0.013450841107933802,-0.12972533843048492,-0.014908140959963819,0.1591518721654889,0.08649804521159724,0.17866252768223942,0.11639927687769068,-0.1990182479439221,-0.00614769267861574,0.15350935460167073,-0.09811051843652197,-0.02899432740303096,-2.2365591397849465,2.007750811576452
37,2.05450233856779,1.79141220581834,0.706143613183943,1.13527863475931,2.03775504809403,1.8426811407083,-0.199288528167559,-1.77440227044022,-1.18053036533988,-0.876778493648633,-0.507525650963856,-0.219330836152863,2.71364396654719,-0.603823213790887,-0.134089321281556,0.521344003512344,1.08489141252867,1.16749318055407,0.205983179711615,-0.201755521263773,0.186641649331949,0.655830958763065,1.0969447631361,0.746648473471459,2.57334989193674,2.30776887488054,1.50183557745182,0.193976118311794,15.6696085454508,31.4220912011235,23.9621601752441,16.5774247589799,9.24955698667871,1.74869175448476,0.768758552240521,0.430204940469135,-0.624241563553805,-2.31733281961426,-3.88274930457804,-5.51676832507348,-0.27757652758702117,0.21362216407939388,0.09039872317885518,0.17708722881229202,-0.3207946556564862,-0.01041959309445438,-0.21497490421341822,0.22439271973998598,0.053330570588068095,0.17380623453184788,0.017321026098499923,-0.032586198474826265,1.5214732154890693,0.05057451903277938,-0.2605468855947912,0.2948439977720007,-0.12104187733892788,-0.5711664411006266,0.16025254939329928,-0.011766041192928567,0.15524657510430848,-0.16282523483104602,-0.2509447895222851,0.15486835028362433,0.015630871111831493,-0.031542881421599916,-0.1178464120001454,0.09784078695088834,-0.001039418161101015,-0.028173652519443433,0.019089901593717363,0.1182984877762776,-0.23453026999697216,-0.09730928541641105,-0.008881315364381859,0.13728239831601655,-0.047194133629396146,-0.015465583579050809,-0.13502627140492088,0.13149217965412166,-3.456989247311828,1.644276122355121
39,-3.3942898417923,-6.64880815530057,-3.87149111686839,-6.00393580730298,-8.64683662900378,-9.42384889598422,-4.40921526278756,2.68501684324214,-2.33374871015139,-2.89993800933304,-3.70891499945062,-4.67044041176662,-0.603823213790887,168.991955645161,111.850259396067,55.0042519360043,-1.7935544086195,-5.88673878919655,-7.27615158597138,-3.69868434269783,-2.3514996638399,-1.03078364377161,-0.244319664846737,-2.62587385529311,-8.99583699536167,-11.1538102312749,-6.09911719032671,-0.623806584654765,0.322659811136268,1.39523063007905,-0.338400760745612,-2.18604469368186,-3.66288265964299,-5.39532936444673,-7.24931957861578,-10.382269840828,-6.01155326549735,-0.822614494347421,2.4390330028679,5.22517220508037,-0.07972698734512568,0.0814316447799323,-0.017564428491294613,-0.022384780697482037,0.028068259877507884,-0.031642785466949416,-0.03931189444817702,0.03279809479380583,0.21208319479403293,-0.0024383491557290393,-0.03518065514237724,-0.11186682761430047,0.05077935843991633,0.9930829048218712,-1.00552339934803,-0.7641935850786653,0.5994654302910344,0.08937264249027271,-0.01962303395309279,0.002005121339048704,0.11925025148829549,-0.12707300476621278,-0.022115708708220758,-0.006910303113184768,0.013404201655309894,0.0866188208261096,0.022673451147870383,-0.05351822016758885,-0.03234424950461734,-0.0383679252441218,0.011444518174378256,0.09670362815900255,0.019021701567335913,-0.1161639723935522,0.016965724512635956,0.09961581775783568,-0.061933870156980944,0.02920473634771265,-0.04900068926011595,0.03772902636775292,-0.42338709677419356,12.999305967826176
41,-0.201114210953761,-1.8847664671155,-2.44747766334048,-4.5357227806788,-6.799577347945,-7.08323402829671,-3.29448734632564,1.50579218628437,-1.14090145126094,-1.565811418689,-2.23055462561016,-2.99015125435521,-0.134089321281556,111.850259396067,74.8205286738351,37.0613838194995,-0.103666828989325,-3.6084584829433,-4.92955062189061,-2.46355880654494,-1.61261313978483,-0.738403187603397,-0.1325163311758,-1.4890160226056,-6.34908599280876,-7.25842649945803,-3.81371723512573,-0.634168455477073,11.3024621452976,23.3783441742942,16.6459526897374,9.91987027148583,3.4588028444221,-3.23851589031849,-4.56787616740189,-6.53728707884074,-3.69009612988495,-0.192852525511534,1.55040087227322,2.95507343178034,0.15372729618840333,-0.14027384723906444,-0.02068369461568962,0.01975031053856964,0.029726529934488374,0.053164701686530515,0.1196771697818038,-0.10897246863385783,-0.3152145949586574,-0.005493726454024726,0.012806664168658418,0.12105322256307911,-0.26008513679678513,-1.0050524488015078,1.5923513204425566,-0.028184768551430622,-0.22732562878962437,0.07405085358191558,0.02799461233762163,-0.08202486692514743,0.07153647435980169,0.13469837066500737,-0.0068188531896305245,0.029396146992070014,-0.0347445228153861,-0.10196602104974241,0.013937232904765619,0.09856908626393189,-0.015301445281868796,-0.019593974501187453,0.016194146027283234,0.03671294058134092,0.0028394917925204065,0.06916296752119697,0.0059359145431819435,-0.09914415163993812,0.09266484228357072,0.002460295610629584,-0.049519575849409414,0.017319371351919823,-1.2392473118279566,8.649307988147672
43,2.31388981142733,2.39537482118364,-0.762018662052414,-2.18801012812304,-3.5169735727912,-3.99655709003812,-3.24773649922152,-1.73373896082591,-1.44820867970183,-1.40319920379157,-1.53178224266757,-1.73953547891535,0.521344003512344,55.0042519360043,37.0613838194995,21.694375,3.75528289903842,0.104351626951693,-1.69636598165369,-0.648329336065692,0.0183521259895405,-0.476341897966982,-0.0602073145158706,-0.52333274116004,-3.86452096201019,-3.15555376373834,-0.874525930850302,0.544853743813754,23.2131390380957,45.9445473003919,34.7976216110276,23.7630348939275,11.8670669726515,-0.391788405401257,-1.83097039515328,-3.24763246653776,-2.68324992346629,-1.49979184856094,-0.895290016862359,0.860879133645258,-0.047230985455278054,0.033257674981781504,0.08548766557423022,0.0306543588552359,-0.05196421479510103,-0.04058449470517463,-0.08919766889448918,0.06062610254915342,0.05630660798418183,0.08214576451687777,0.11337510920645694,0.09527037702825007,0.2949758612154166,-0.762581040430751,-0.02654325404011901,2.384892750511427,-1.3544285933705373,-0.3703443896922766,0.0861880491854434,0.19800788869999816,-0.5031122601580792,0.12108599762965158,0.09503951191988497,-0.10308819445249184,0.05632863865755019,0.04523473381309587,-0.11953291733804876,-0.022822127964381107,0.1074287383827838,0.14719073867241889,-0.04671786716897368,-0.349544007424732,-0.051669761635943494,0.15798035006397373,-0.011022928646416836,0.015496740179230417,-0.03121233913116057,-0.10569592455350153,0.24381006388649445,-0.13222018824663287,-1.958333333333334,4.656648472882617
45,6.05730239864532,7.44892716391909,0.71918909653116,-0.633737286207986,-1.57234005818255,-1.48564019149822,-2.05991552310335,-3.07116538013236,-0.418624134177903,-0.171641470102794,-0.0718278927205659,0.0038162532420846,1.08489141252867,-1.7935544086195,-0.103666828989325,3.75528289903842,5.46497311827957,2.42779799375716,0.691999596538387,0.478173932779005,0.631704081255818,-0.135666995499471,0.106667455013574,0.615132816492389,-1.2047183257661,0.484354769432602,1.15019129334339,0.728934494336153,34.6487353074147,68.6200233275261,52.2905477369907,36.1364486310513,19.0868528015101,1.66923343698098,0.753474841590516,0.517621956360508,-0.429787599487017,-0.897976692741173,-1.51944765942268,-0.942292934445638,-0.011631551829202773,-0.02923970782109319,0.07482190019106923,0.21231657881425922,-0.04187049948052314,-0.08168663014289733,-0.020735847771728558,-0.0372776708625718,-0.08207115813889874,0.036560495483124206,0.03537337920931733,0.048451673659192,-0.12308628654808208,0.5998936424819122,-0.2268810814886687,-1.3567218750016654,1.7639941394506553,-0.13659610388055937,0.026313237005457325,-0.1741390848687251,0.2635509071115159,0.030805343849075583,0.02775940897278083,-0.06499239237457413,0.06570338223010118,-0.013715535551602008,-0.042024890076806966,-0.03460485137880875,0.04862615362354577,0.03738309662150964,-0.0060959622980408185,-0.024230728522701615,-0.19954777837604845,0.1030127760445406,-0.045719456365500864,-0.18837773222372964,0.2041033393821206,-0.02026085850149821,-0.059261678561313126,-0.0036042351774336866,-2.8225806451612905,2.3355883880255033
46,3.73383045218899,5.93652962620522,1.6236241708451,0.724433798074074,0.0028346729683571,0.944972753892858,0.0996048589799764,-0.550034014521327,0.362477839879545,0.75580567446038,0.912850325020013,1.06031114369203,1.16749318055407,-5.88673878919655,-3.6084584829433,0.104351626951693,2.42779799375716,3.64418458781362,2.97080104048914,1.14915628367146,1.19953883208975,0.642580462190683,0.558680078631755,0.401998046372229,1.11800151868837,0.16774262497394,0.89766374025145,1.59108322974918,17.8707624672227,33.5686587300292,25.9711437227554,18.4418952287097,10.4470737891528,2.13115099966068,-0.117179818879103,-0.304645046299147,-0.801073021212936,-1.02610394732319,-1.70825608327857,-1.78793533023408,0.17721712172592669,-0.19023519471354694,0.0069196363265375555,0.11571851531996166,0.06089090668523814,-0.12885708395550372,0.049036899822078914,0.007683881678742864,0.22987772541698748,-0.1189678539779182,-0.23859429044712707,-0.4109538184276432,-0.5732812461732657,0.08993669968800223,0.07577245913797477,-0.3725133290178418,-0.13678095018185954,2.042982351209679,-0.8087896211697562,0.14208951794990615,-0.23797273889395384,-0.040699663053833206,-0.05141971373514387,0.13057409919050597,0.01875197261175665,0.19660466407444777,0.014440758613636143,-0.06622892368491816,-0.031677350538737,0.11672005108907771,-0.008782372833270923,-0.17584025057585623,-0.13560728291403545,-0.07482728746056674,-0.05897641269966967,-0.01303356043932569,0.06348951372110215,-0.06055455103263876,0.0329708743663771,0.0026563724729207986,-1.2123655913978493,1.906353741521657
47,-13.5140451224901,-15.1697663106477,-1.19842338229068,-0.210057256526863,0.197542906285291,3.20576076295485,2.61689512444933,2.49804281137293,1.06874257499715,1.03380121532261,0.76067083134041,0.531082719238571,0.205983179711615,-7.27615158597138,-4.92955062189061,-1.69636598165369,0.691999596538387,2.97080104048914,5.32953405017921,1.10689051899369,0.770476457787466,0.0454235340947687,-0.4213888362453,-0.724121016452289,3.47015126284099,1.07645256493759,1.15726330090226,1.89820834893523,6.85242554942899,11.0428697346301,8.68180268854885,6.36679462934608,3.78100883771026,1.05518183263467,-1.04175867958866,-0.257182246105753,-0.280831324797948,-0.215187081885544,-1.52408708250726,-2.49465344192383,0.06859344157531592,0.010498428861480105,0.01576372875509446,-0.1547548124641515,0.2878741007546681,-0.1033473336343372,-0.04559340286645445,-0.009497827159953263,0.002188972335207185,0.20576265233998536,0.06487200292771875,-0.05669589759484318,0.16059207714000356,-0.019307650105585054,0.02824653783609823,0.08663988104349131,0.02662487702208543,-0.8076705268162057,1.1121915134245397,-0.07086711298142752,0.07581561186204788,0.05693240397798029,0.06830362525872105,-0.1493937081893551,-0.024795811864807605,-0.073743122261941,0.04849251251783448,0.07149666532090868,-0.20294428412131021,0.062398215196844825,0.05774176643887748,0.033881448452257185,-0.009614609771179138,-0.04564507693444193,0.10183304412072022,0.10805212544244516,-0.03416174453314038,-0.05451474495665375,-0.0006596969713328651,0.0373492137055434,-0.6908602150537635,2.306411509288664
48,-5.98742187657276,-7.20397016026427,-0.972656258372507,-1.02152630126214,-0.535028875110733,-1.43838450459722,-1.01752461273763,0.0525507154986854,1.29432840120119,1.65743542962966,1.69290564836243,1.76132790051455,-0.201755521263773,-3.69868434269783,-2.46355880654494,-0.648329336065692,0.478173932779005,1.14915628367146,1.10689051899369,6.22236559139785,4.11468255310144,2.02485560313877,0.575834652158805,-0.590861015263046,-2.95164198590842,0.672796092037683,1.88032099955407,1.2519360883939,1.85492911881918,1.12662681432013,0.998320526100853,1.07403742768391,0.702639388818932,0.0416028947776677,-2.30623685188244,-4.22843960512113,-5.76191734094408,-6.98030465426844,-4.8319712170038,-2.05654091054565,-0.045622594165094774,0.0537848620424935,-0.08799676006657489,0.029237770513245713,0.0015248198641433393,0.02844342986365048,0.0009457934331120457,-0.020937697682988886,0.1114294829686769,-0.015210348298842139,-0.10961926350727942,-0.11526736603501724,-0.011806438672930505,0.0016224820431054497,-0.08116933151756088,0.1976464830737037,-0.17526489855807412,0.14166904352518456,-0.07118407518644831,1.0784594590325336,-0.7979251926698696,-0.3480187945128004,0.38241412861559543,0.20978638521036203,0.0326968720795971,0.04652381669244423,-0.04842031994643233,0.053173942087362744,-0.03560021011399053,0.09316816432648718,0.030132143835386826,-0.018596060120152896,-0.13286124445378328,-0.00012329977888149015,-0.007434714006875886,0.042208871846829234,-0.016211465838256663,0.026939592645586992,0.013515018344502734,-0.004471464668744438,-2.935483870967742,2.4924617532467472
49,-1.00929813903968,-1.79881082084355,-0.261926741132416,-0.552169017416876,-0.531035956695148,-0.538819573223595,-0.185791785530205,0.728621049530933,1.62341502919324,1.8609889821444,1.84543135975094,1.82494784264995,0.186641649331949,-2.3514996638399,-1.61261313978483,0.0183521259895405,0.631704081255818,1.19953883208975,0.770476457787466,4.11468255310144,4.02257840501792,3.02711892374657,2.57020949854846,1.8285495420042,-1.58202092829451,1.78652515031059,2.50503435273992,1.00113490973699,2.04390997213179,2.4604339712745,1.9166212694867,1.62610730560227,1.06067809189843,0.259721260195411,-1.98573427277508,-3.18525118565916,-4.13880063950048,-4.87515611273008,-2.77270188787588,-0.290353739491112,0.016482406623198692,-0.013361478943806895,0.015648107535531204,0.06984584214768579,-0.06579325301938918,0.021888113900069128,0.0008074199936469871,0.0018416048838882937,-0.014991813607230401,-0.04633226586861703,-0.030230866255374102,-0.02904638966192497,0.15623063778998947,0.11846227755442626,0.0725090394467059,-0.5009380728629496,0.2655451814421071,-0.23613856530316318,0.07464401722530083,-0.7997242702082834,2.1308738454794405,-0.7633935620165075,-0.2058065018338518,-0.022828024191532514,-0.04387258372692599,0.04274382503758977,-0.20883017702945378,0.19463818710706587,-0.19891206555426166,0.10245069357283047,-0.014078054823914095,-0.25334242844432975,0.24739415460718708,0.07996752096744489,0.02403015340368806,0.06111653721793303,-0.01474607045968457,-0.14618266906776337,0.29073757558256086,-0.12851372241265555,-2.099462365591398,2.0031421330045256
50,4.85104763276877,4.14970553011034,0.566527970199678,-0.274928119971033,-1.02747415390056,-0.147440779857991,0.674575581369126,1.52512222339572,2.14622656913062,2.21466600267754,2.09440680390336,1.93626861982424,0.655830958763065,-1.03078364377161,-0.738403187603397,-0.476341897966982,-0.135666995499471,0.642580462190683,0.0454235340947687,2.02485560313877,3.02711892374657,3.82375448028674,4.25791585817728,3.80520685500222,-0.718638319259978,2.40512662708071,2.31018808942337,0.535194363917291,1.7832740874055,3.0450582032685,2.13652145143528,1.43273678481321,1.12190012962829,0.592324847976919,-1.70915435381126,-2.30211617080419,-2.77956024100968,-3.14654761338646,-0.679142134388275,1.27450334536397,-0.01082270964924516,-0.008603228868188654,0.03573311098605354,0.18291577868672285,-0.03606952259006757,-0.06089786214358766,0.0003361315733452955,-0.022153492211002428,-0.0038133824360651156,-0.0167506327715083,-0.03977537753896191,-0.13241524029235666,-0.16163920251461833,-0.12901719616331025,0.13480855717049472,0.1219306358424017,0.028769707481048543,-0.043739213767899,0.05746570452617442,-0.3488880561953334,-0.7606682139152161,3.416186975309308,-1.730719796846384,-0.19269279987978602,-0.017791974011143727,-0.01661671784846456,0.059983833188957426,-0.010740892742522865,-0.2035543151177171,-0.0020405946848523412,0.05640064617492398,0.27418560448833434,0.030814774651885233,-0.1010492718167972,0.011891029807211325,-0.008839880959953082,0.11855444045913323,0.04973609870618078,-0.21525335605954987,0.10786258516558161,-1.2311827956989252,1.9528836320392307
51,9.47608062176647,9.25641040309345,1.47587306225471,0.244613768226493,-1.12493789047686,0.0114711091297141,0.640131084416156,1.36091475543533,2.12113995940293,2.09566111708206,1.90853162869164,1.62638835149297,1.0969447631361,-0.244319664846737,-0.1325163311758,-0.0602073145158706,0.106667455013574,0.558680078631755,-0.4213888362453,0.575834652158805,2.57020949854846,4.25791585817728,5.61979166666667,5.456665724297,-0.21124789173706,3.58999967502644,2.80256928409779,0.182637575754461,0.648200301364038,1.72343605157162,1.36991962856993,1.25803021667742,1.62532996959215,1.75363086486184,-1.15333417600759,-1.66208120080623,-2.31959329116646,-2.92877841119253,-0.295311324978954,1.70827734380618,0.06002972739718483,-0.06007830587140089,0.02579576827939677,0.04685371686532929,-0.008221131954482201,-0.01974540408018739,0.03919212784727823,-0.07978253761716972,-0.04027093613830963,0.037331579224640456,0.08758914436768019,0.31543390550244615,-0.2497963087425624,-0.023139976694323276,-0.0048485483312343276,0.09585123455455252,0.027679256976597497,-0.04908251373974729,0.06607892816679684,0.382211929478277,-0.21191023790161742,-1.723887190082503,2.3426873269547466,-0.6785983331702866,0.08815715333206184,-0.10156438506720238,0.07320904915823187,-0.06932418238756884,-0.02363219944947083,0.04603826226656307,0.013345485864486247,0.0034680220500624024,-0.11604434450150745,-0.047317112017029345,0.03284622782509467,0.046992513566566356,0.047634213169014845,-0.011021096925770283,-0.056059159187733784,0.0009931230405307871,-0.15000000000000002,2.368499876855953
52,15.2682416254665,15.6078189090263,2.81377104526935,1.08557453221956,-1.21483528146391,0.147581869184575,1.29183950492502,1.50895905181574,2.48153455542704,2.32838660371573,2.3665793800828,2.31426309330371,0.746648473471459,-2.62587385529311,-1.4890160226056,-0.52333274116004,0.615132816492389,0.401998046372229,-0.724121016452289,-0.590861015263046,1.8285495420042,3.80520685500222,5.456665724297,7.61182795698925,0.604006436224287,3.71439617797024,2.43111978866462,-1.37216606239626,5.34827650410067,13.2782429645707,10.0052062892453,7.02463157275794,4.56099672923414,2.05108240622035,-0.294662295488336,0.626478858768294,-1.35213486530681,-3.21183819553837,-1.87228208162366,-1.21530828321535,-0.1484670029122599,0.11225420009763606,-0.05662004171310717,-0.27792569645994225,0.031378017253234934,0.1266247679943582,0.04395029276534495,0.02389790909408703,-0.18883711718481608,-0.06977358828416526,-0.2269133515534398,-0.2235685325778617,0.1538852892845205,-0.008226359959606263,0.029546207114829682,-0.10067377202469013,-0.06348728614257848,0.12701774975473654,-0.14515039707128793,0.20943765253257654,-0.017825954654374,-0.192081163112655,-0.6782976074851774,1.3318673547510946,-0.09111310732015747,-0.06159099747471266,-0.09450953151695236,0.01887826956492871,0.36934283997270256,-0.1435753671039961,-0.05945165108172898,-0.0706529369018208,0.03139666403919725,0.12735949762669915,-0.06254703453476945,-0.27261570291071896,0.013911558300731122,0.07119844255088997,0.07032989393045067,-0.05919125431718304,0.8129032258064516,2.757141265330677
53,-3.13839207741128,0.467710817762015,10.8523393462546,17.2349794286303,22.6202634078702,33.2767257532654,33.3253966491074,34.6415964884882,-1.98529289018755,-2.5165253175202,-3.45394262674708,-4.55926550673929,2.57334989193674,-8.99583699536167,-6.34908599280876,-3.86452096201019,-1.2047183257661,1.11800151868837,3.47015126284099,-2.95164198590842,-1.58202092829451,-0.718638319259978,-0.21124789173706,0.604006436224287,58.2759946236559,1.07510756694398,2.21380845175228,0.911199736586866,14.0501423334578,28.4230308843613,23.3248701202567,18.5348819916162,14.2779939480762,9.80902552832155,5.75695353510178,-1.59939189354555,-4.49383658096179,-8.11802195347855,-6.52042187789798,-5.64024879636174,-0.01804015633901732,-0.004781828236968362,0.16157368417743834,0.04708216718569188,0.014715689574908925,-0.20215007473559932,-0.009664621194489858,-0.07122000925218061,0.07213074120506821,0.12269996280126978,0.043132234829559433,-0.038669336294033144,0.01538786140102275,0.013449536820884268,-0.03469965724306036,0.05681782786803114,0.06618521138174738,0.01848582665888993,-0.02446377855279369,0.033012728034539675,-0.04513398079799473,-0.01803988238188867,0.0890172604488545,-0.09171677024564519,0.27676203288433177,0.0924791361387334,-0.07529658910358053,-0.009169005279213594,0.05766026498605275,0.0022792153052554583,0.004741154076574791,-0.010943403781770191,-0.11018613644663072,-0.08991103834314039,-0.06768111283361801,0.02710376620531647,0.05449411867291087,-0.011624630996939873,-0.04316564189933083,0.015144770992805041,1.9370967741935483,7.633216531951383
