,Cov_0,Cov_1,Cov_2,Cov_3,Cov_4,Cov_5,Cov_6,Cov_31,Cov_32,Cov_33,Cov_34,Cov_35,Cov_36,Cov_37,Cov_38,Cov_39,Cov_40,Cov_41,Cov_42,Cov_43,Cov_44,Cov_45,Cov_46,Cov_47,Cov_48,Cov_49,Cov_50,Cov_51,Cov_52,Cov_53,Cov_54,Cov_55,Cov_56,Cov_57,Cov_58,Cov_59,Cov_60,Cov_61,Cov_62,Cov_63,Cov_64,Cov_65,Cov_66,Cov_67,Cov_68,Cov_69,Cov_70,Cov_71,C_0,C_1,C_2,C_3,C_4,C_5,C_6,C_31,C_32,C_33,C_34,C_35,C_36,C_37,C_38,C_39,C_40,C_41,C_42,C_43,C_44,C_45,C_46,C_47,C_48,C_49,C_50,C_51,C_52,C_53,C_54,C_55,C_56,C_57,C_58,C_59,C_60,C_61,C_62,C_63,C_64,C_65,C_66,C_67,C_68,C_69,C_70,C_71,Mean,Std
0,225.429897837531,219.618232378258,215.252204859846,210.739910611653,200.378602494687,186.033918542656,167.669695753165,3.86915208322186,16.9264410361287,-9.01449261774233,29.2260282353749,26.0904441685823,19.1745205675795,0.0905097766672185,-15.650322728483,-24.4838582116528,-35.33514622787,-39.3170466441741,-43.5046334883045,-45.0223063827876,-35.4485339801512,-7.02714348889209,2.58785356559992,-12.9223173141692,-29.8588263179494,-38.5677629767758,-39.0677278748126,-19.6532897056587,-7.44225027835212,17.0631192844339,12.1646127383357,5.47858455980344,16.8026121769222,39.2370701947914,50.9807989566077,32.9110195946403,93.7473145320725,-12.8069246925936,3.76268967619087,-3.94726283213502,-10.30503375538,-14.7397896137733,-22.4284509506976,-21.8372931870804,14.2750145568919,11.1464879556647,-0.0247625329910189,-5.75624767029162,1.8410561827025587,-2.0732162083962784,0.19237792852865981,-0.20284457214476273,0.0215055611704414,0.26798567516850935,0.17051897243649064,0.017235365852663137,-0.10165310040205215,-0.102931962196851,-0.0571015791796331,-0.19906301357409625,0.3533977820448789,0.004750530734263549,0.023045339262221264,-0.15404903183019622,-0.29109453784577755,-0.00754677730512521,0.09466149771267907,0.24688797412507338,0.16869254497590705,-0.4491306566642658,-0.1550943558656289,-0.0005416054646810676,0.10713342587056261,0.08931499388258415,0.1343816370557383,-0.06923740102347714,0.07654304847697851,-0.18238180041480506,-0.18765001544804805,0.3266676684934194,-0.18775025921222835,0.016289926049699092,-0.10922618797666149,-0.0486901112476253,0.026042591992483075,0.14066298080632236,0.023925103589363707,-0.022211519090884205,-0.07122203088724532,-0.08718616736412393,0.09100470875609724,-0.0011915674990765446,-0.17562509942656782,-0.019098253568090497,0.23407611970287734,0.010315472955933094,4.586599869664385,15.013990070515282
1,219.618232378258,247.586116741479,277.215116816919,297.130137518493,312.358609374928,327.315462524468,333.700336928906,5.92586047918951,18.5762788151433,0.271329347577622,27.8528479041796,25.8770198630398,17.4919503132302,-2.19041222635687,-18.6478281549555,-30.6495120494717,-44.5670623661999,-46.8573313777258,-50.9887813267132,-52.7860043166502,-39.5074248518281,-7.33667708000574,-8.44118446264446,-21.8416482835808,-36.1325743794042,-35.6962123686946,-32.7394701942243,-19.7567691080897,-12.1182320780438,-0.0468752704773087,-7.50014054013821,-15.1110295389806,-2.18771168044541,21.7618060898445,33.896314623483,16.8586853325419,41.4657197460647,-15.9873174229628,-0.102202579942948,-11.1040073440926,-16.1951375115501,-19.6397345976629,-28.6034555822348,-24.46887773837,4.30356369932598,-2.75996470920823,-14.8505983157831,-13.7370444615609,-2.0732162083953294,3.9991709619105604,-1.704378370289565,-0.0995916716338277,0.036509872024626217,-0.13507545971229623,0.040287512913950115,-0.05038042466326028,-0.04079597767148474,0.007512465587226993,0.02335179012372378,-0.07964306613616033,0.036514803639671814,0.05140448296718839,-0.036650839803973496,-0.012179561489153399,0.1310491821208833,0.10416487948029651,-0.09665389028886133,-0.03888999136754906,-0.0409625442003978,-0.048363763241403714,-0.03206835618201131,-0.034001483904585135,0.06558796958510937,0.005110698737097184,0.03367539327472869,-0.07273449288079252,0.036709402466744444,-0.11352117436217325,0.14064935503561032,0.01124175810130491,-0.034635920317528414,-0.06639491740459837,0.07966631569373467,-0.00894490486503956,0.0014016475827494596,-0.041651846493974576,-0.046125950993161705,0.017008300024900693,0.07391325550437566,0.018562876570741686,-0.02172665493987748,0.008093654723171905,-0.041246254332032245,-0.021734189439018513,0.055974456845463705,0.014266808041387852,4.914755853465531,15.734551685430345
2,215.252204859846,277.215116816919,341.705404453622,386.633244162215,425.171260210593,467.388635946846,499.52620880733,7.80426384308435,19.6973334113893,9.11922359445414,25.5806831148955,24.4498818867147,19.8176706969302,-1.78061061400055,-20.2185979417495,-36.5494621058048,-54.7172502702383,-55.2639070513291,-59.5310073665964,-61.7959885393682,-44.7431485715545,-8.62961317269937,-20.5044588811782,-31.4859399005585,-42.8378858126727,-32.8733961056099,-25.7756644512909,-19.0396610276992,-17.2391192515144,-17.0320004034834,-27.0685235252095,-36.6887652582258,-22.8647151413,3.94427396577822,17.648020128035,2.76646302816574,-12.0556771491617,-20.1452819026508,-4.66929757799604,-18.7029663044246,-22.2362469161988,-24.3709927320886,-34.9887745390102,-27.4413711916525,-5.5379764029873,-16.9313873918647,-30.3911654976976,-22.4599327228307,0.19237792852930968,-1.7043783702899518,2.0259484682715785,-0.29640159952412987,0.12165988876931384,-0.33410011005234014,-0.06746692797881207,-0.10365083324548517,0.006917202603219539,0.08058009535693608,0.1703584783993404,0.13603901557375622,-0.4615080695656034,-0.04883628666357977,0.024375415533602594,0.2326126194936287,0.33842160320502784,0.12735975985410777,-0.020045390893605013,-0.3507767802616824,-0.2478409627760658,0.3743378208520827,0.0876706839218336,0.022126304025082685,-0.09243502867466452,-0.09977278456915392,0.007956224938385497,0.010795211436852855,0.008685221207014048,0.03811641867023399,0.22640479895391047,-0.19652044361381568,0.07883682962716156,-0.11392413310739696,0.19434903133351175,-0.013787139555997127,-0.010139757723595834,-0.0752197854974584,-0.13586117421344412,0.08864864231949507,0.12837223902352632,0.238151102776168,-0.23524460083699014,0.03876977212974127,0.03414831970387965,-0.009016133618525818,-0.022013040998133806,0.025446570193233115,5.36871828887958,18.48500485403296
3,210.739910611653,297.130137518493,386.633244162215,492.596877939831,562.010665775606,607.745314409734,660.485313680713,7.91725891591351,26.1868181620627,17.3619390959728,30.6386639665577,4.8276987463622,-0.053917805791725,-29.9264293764741,-55.9738634970703,-61.6292976482127,-69.9784696123947,-71.1139851086279,-81.9739789545475,-83.3487839974215,-61.868890583118,-9.22892021957804,-21.3212795135373,-29.9382766254594,-38.6250296061601,-31.7362397337794,-10.1969619670921,-2.82335271228239,1.00269144395655,-20.2999083677043,-38.7626775499232,-61.1366468943413,-59.0273220457724,-7.14694717621578,36.9848185805917,9.96443619615493,-3.74188982537425,-31.6466131151454,-12.3971872596076,-12.4023835835024,-15.4820031249908,-17.116526748893,-17.7947582099476,2.16149565273348,45.0185041404616,28.5375440362036,8.91939869107867,9.30273260036624,-0.20284457214538537,-0.0995916716359864,-0.2964015995199987,1.9329317230761631,-1.0374086932228639,-0.31927984391469044,0.09023954362479336,-0.11736701724212492,-0.06940338684136768,0.12065935721723994,-0.2654108476091496,0.34385056491369254,-0.6173894919327911,-0.3142832735313923,0.22056046962845552,0.17455945585024754,0.05035985673477246,0.027280218471592194,0.12246545859652294,-0.03975496709090295,-0.06376664836410012,0.11827060911970975,-0.002473117223547498,0.11568112130295925,-0.2082233942109321,-0.0013026039596642244,-0.01905527883355,0.09127971109513379,-0.015019818564971551,0.22461603505773334,-0.25118927701877336,0.16169470256819496,0.07178294156634787,0.3749827272562008,-0.09447585628555853,-0.21526442597403608,-0.03409298974812245,-0.09118194658546322,0.09998335311834064,-0.011551795835091734,-0.1647821354474024,-0.34767452487303036,0.3234274916564903,0.042543499537248335,0.054418427590617435,-0.017500892614677816,-0.29524106855823745,0.12918115581550876,6.9199925522506165,22.19429832051085
4,200.378602494687,312.358609374928,425.171260210593,562.010665775606,679.45081414389,744.763646639474,815.777671069929,8.6691453641453,27.5761501529361,26.701289438128,28.0471150120089,0.652079333605903,-31.7593950544507,-55.8070070826491,-75.6408964418683,-76.7393100167513,-80.6753369292751,-82.3936326489747,-94.5289576612214,-95.2095651066427,-68.3427901862374,-6.21262994983121,-20.6578037367133,-30.4521446941463,-39.6010789695931,-31.7847750411337,-4.59496826984333,-0.429019301971637,10.5383718909997,-21.476177912315,-42.158042543435,-60.0320046455202,-55.2777496482549,-0.466965871155848,45.822006204675,-1.33713820604692,5.31308281343572,-34.9846423399942,-16.2604071143345,-19.7561319272949,-21.186905987176,-21.2291150260625,-3.22951337091951,38.6277916374401,96.8369030047645,74.7288490770683,49.979879534656,45.8788941488698,0.021505561168435362,0.03650987202734141,0.12165988876890431,-1.0374086932231035,1.4406398810001897,-0.4186655136639182,-0.12854504138989847,0.23089885243217773,-0.05906917685574879,0.33857980561307494,-0.036221066757394005,-0.10329969786376383,0.36771208695356117,0.09404575947726851,-0.3765420800961394,-0.08450916990761306,0.17009889117927773,0.09173290334781611,0.039312384992135116,0.053651758016541866,-0.32369338446649115,-0.1132752798210884,0.02725020621663057,-0.2153246112411418,0.2660405026014828,0.1925435454286567,-0.28831020856414225,0.035260238946284876,-0.06998611837537887,0.0623292498624452,0.09274088970693332,-0.15351377280363715,0.24682976498689535,-0.19433826009855085,-0.16070974918477968,0.05540752702769954,0.01903412182874186,-0.03509589365228311,-0.05442839466661415,-0.04299861347073624,0.08641218526995555,0.16468993771078758,0.04917013557770261,-0.007814816721759906,-0.2247517354025048,0.03277774838558846,0.1403212887289879,-0.23217328111052613,8.145997998417354,26.06608551631583
5,186.033918542656,327.315462524468,467.388635946846,607.745314409734,744.763646639474,891.549742223652,985.173542574898,12.7962682145954,37.3874208752379,42.2878793651846,38.8834679167639,17.5383618596527,-42.4596802919984,-59.5222949077332,-71.6196876298737,-69.1232755731636,-69.1023558667115,-65.2025035016881,-71.3770295120962,-71.2213667733584,-50.3031065965303,8.01737453445715,-13.6204556301059,-25.1570081799176,-34.4462770763822,-32.0253119096217,-10.9201537234998,-14.7938935628644,-1.74351251437498,-45.3433346991947,-59.6601790600435,-66.5021504574973,-47.2060310839655,-4.76200773301314,29.1993302249979,-25.8606594724666,-31.0113519821976,-52.4604426563264,-25.0735155758545,-24.8923287920775,-24.7219745874752,-23.7175120757576,-43.3907196896725,-39.7531505529585,-33.514012314544,-44.1428086299877,-58.5386193353577,-49.3376531539924,0.2679856751703117,-0.1350754597136359,-0.3341001100540755,-0.31927984391363046,-0.41866551366372684,1.4462728787440957,-0.6425641214319924,-0.09530725328172261,0.1267074443854669,-0.07486940960962016,0.2445476919369047,-0.5039888144423057,0.481419419886386,0.22912879963929858,0.07870107128014472,-0.2831026958149642,-0.3818422343910188,-0.010186510207985961,0.004541523867089166,-0.27792323576123634,0.3952314046561764,0.3826393181921969,-0.09422794807104501,0.22914918675088222,-0.05215589592293212,-0.05455508682102809,-0.013442804096108079,-0.044973942556248765,-0.11578231127341965,0.09172214815371693,-0.1569392897665654,-0.022519849305138312,-0.09211915276755307,0.0888114890325657,0.029388821541326583,0.16604051764036196,-0.08635695961189539,0.22095978813114553,0.015987548998046535,-0.05130635315650174,-0.08346690745019437,-0.03598867976541892,0.024187230854522155,-0.13480007912025618,0.42609344864539905,0.06117091933073168,-0.2009126792386671,-0.10141454953651953,7.377200577200576,29.858662766836233
6,167.669695753165,333.700336928906,499.52620880733,660.485313680713,815.777671069929,985.173542574898,1127.74101967971,13.389501061291,44.3409404313683,60.4985754650727,48.4460461003483,17.1777792477839,-25.809741677763,-43.1420023603824,-56.7858151615922,-59.54758075093,-64.7682079600652,-53.8163022659583,-58.1357942646683,-59.2115515971377,-40.5273153191337,22.6775911202809,-4.87788812396517,-13.3987794840801,-21.8185721284287,-23.461178637571,-1.20639246477885,-9.95881724280872,-0.953852216638133,-44.16977909746,-54.9854081001823,-60.2661696337531,-43.1568077197024,-1.67317610673536,32.2398737427858,-21.4671228907645,-54.0813971683444,-56.9791381510721,-35.802980121838,-37.0057704920783,-31.525983202005,-25.4941959950046,-40.2961360426181,-36.571072707115,-38.222564011466,-53.7475784157065,-69.5041451671061,-60.1763742306003,0.17051897243541425,0.04028751291585745,-0.06746692797910017,0.0902395436238828,-0.12854504138924475,-0.6425641214321516,0.6754869219273659,0.0568196792925127,-0.027352513598266712,-0.3858650841150331,-0.12070325502108055,0.27194099973678787,-0.194991546390677,-0.06335763893056842,0.07384006931703556,0.14971958942321026,0.021218261652388132,-0.09407267904138522,-0.04376665457912316,0.3679900687459299,-0.014856851545338643,-0.4963241699514809,0.05053715981573567,-0.08483434500773607,-0.0459979725844838,-0.07011744122379071,0.2387814772130899,0.029113307973911016,0.09465507219710709,-0.21719681975357455,0.10393564426066715,0.11446792908081477,-0.15133461337993437,-0.10536952367490278,0.02169617719930623,-0.07994816008873556,0.10868841990143444,-0.05204441822483857,0.004504062434750436,0.06045025354635573,0.05152235268575504,0.018441111836624075,-0.10303790796792461,0.05530302865057646,-0.2858747713427259,-0.06071863895964957,0.2845018768059462,0.1782095042187935,7.766109249173767,33.581706622500704
31,3.86915208322186,5.92586047918951,7.80426384308435,7.91725891591351,8.6691453641453,12.7962682145954,13.389501061291,6.62845878136201,8.71314703861118,4.71332249377048,10.2740979691379,2.4922995039235,-2.41584671177061,-3.73484569927606,-6.91265274889612,-10.9806547531627,-15.5266291912201,-14.5341561270921,-15.9567174302516,-17.9428331669249,-14.9405608565007,-11.3868082914781,-13.9784387300238,-11.33224975304,-9.68298937391439,-8.57257202385448,1.75559987370687,4.15367581193621,6.08876342884918,10.8352565875092,13.3751417507537,16.1740288378815,17.3423098041456,16.5399421647699,16.2299719477578,15.1791577575447,14.465296849431,23.2258766143511,29.0416818216631,18.3112037898003,18.1661102502343,16.3880279198492,23.7407726655152,30.8251731357351,-1.87007784304937,-4.18370939290773,-0.230733134485131,6.69729226195283,0.017235365852084412,-0.05038042466333399,-0.1036508332437444,-0.11736701724405725,0.23089885243347477,-0.09530725328150995,0.05681967929175244,2.9803548021067714,-0.770148544125278,-0.15789620971080437,-0.23613921077071984,0.41945366578731935,0.14707951534288166,0.13052228188906684,-0.04665573424685425,0.009800873235518023,-0.07734128320415935,-0.44895161272194234,-0.15511323243712624,0.09228996463682007,0.08614745268160466,0.5245339493304574,0.12715310662282292,0.12287028351507034,-0.09278667305836619,-0.09147150666687212,0.008468903423665462,-0.003136056291646864,0.010962046062116561,0.08790852015355438,0.15247607707698413,0.038427382206155866,-0.25695902532607373,0.06973306529013086,-0.7105223395398526,0.14547928764941176,0.2773720266305016,-0.004447825936618829,-0.5230434944376771,0.2535774572181396,0.11302513236298299,0.09938274394611633,0.3828651464349025,-0.128348502716744,0.10547651243307686,-0.009978837006972722,0.030574506795604996,-0.2446405210786228,0.8763440860215053,2.572636542802346
32,16.9264410361287,18.5762788151433,19.6973334113893,26.1868181620627,27.5761501529361,37.3874208752379,44.3409404313683,8.71314703861118,36.7437580271804,23.6584682959028,53.9364569973293,43.6313316028633,38.4017338276068,41.5080812713708,42.0141012954605,42.5374634619585,41.5405090509681,51.1768248045158,55.89281128163,59.6827428569664,41.2905129541023,31.0847801233749,14.5567971172027,22.3901840674058,28.3082831260942,9.5793459060142,8.04198807938296,10.7709542879866,18.6740118932594,27.67404469546,38.2641249725331,47.0203016164886,42.2997320905598,37.0438555247582,37.4971323889251,43.7896663145746,43.1783391669646,49.0451556603115,52.7759692016318,46.556691928056,46.444957767525,42.1143816764372,67.1835953160961,76.2319816062558,-3.81393019728527,-7.58564966602965,-2.68757778576189,8.7561491315923,-0.10165310040337935,-0.04079597766826119,0.0069172026017735875,-0.06940338684249094,-0.059069176855086176,0.12670744438580367,-0.027352513598310858,-0.7701485441250092,1.1393718843146758,-0.4061968422453585,-0.0007533208370820682,0.02813731678392038,-0.03988174997114155,0.208012269718627,-0.03926893662445676,-0.15157429411287218,0.03058691033631827,-0.219300333193462,-0.06830245976700879,0.1907716060879921,0.16399403237696306,-0.11644631669379125,0.11267691776634413,-0.21784454984201818,0.161660674406205,-0.1321235505151053,0.22676892234764204,0.2937457547877755,-0.4373544651702763,0.21886820155341505,-0.06537109756925107,-0.49357109768748914,0.2616525911629549,0.023366865631711094,0.09170988031509195,0.07518581999231845,0.02535410226028227,-0.03479591450426696,0.3815170349484733,-0.28054781825758013,-0.09117193153480238,-0.07814678105664574,-0.22448595365584492,-0.003844032053643127,0.023228699457740767,-0.00818689658090927,0.10912950543816434,0.011081226394784522,5.679435483870968,6.060838063104838
33,-9.01449261774233,0.271329347577622,9.11922359445414,17.3619390959728,26.701289438128,42.2878793651846,60.4985754650727,4.71332249377048,23.6584682959028,45.1443152628435,58.093715758376,71.4018104604897,80.9238807426757,97.8525607969004,106.463302836543,112.403345461801,116.619720103535,134.357955401232,149.061285136126,162.174424320501,119.833211244564,82.3893266510213,50.6983323486664,66.7015319616183,80.2979673549034,44.1339694581018,24.2258491630788,23.4788928084929,26.3031334115903,39.6242966875946,50.9220239768152,64.4022752519716,61.1061379058287,56.8761485797677,54.8126084633832,61.3030677461207,64.9464522736581,51.9406909829682,57.7714032398845,32.505041521612,40.6262917073154,46.1674260745769,67.8406628240757,55.0617913015885,3.26839882488088,1.33130589276207,10.8772314587487,15.766156786713,-0.1029319621977922,0.007512465589961604,0.08058009535376655,0.120659357220729,0.33857980561120976,-0.07486940960975697,-0.38586508411468967,-0.15789620971181736,-0.40619684224561814,1.7585885544269795,-0.11132058364619801,0.058299831586822774,0.30346707721761335,-0.40928396041371884,-0.09295944991248091,-0.14977674078125552,0.5892815260409863,-0.03992783911035066,-0.17677435410408024,-0.4494372195851775,0.0958394266874647,0.15030761889689698,-0.14770545254922107,-0.20671843361655093,0.38354888162333184,0.30198219432957324,-0.7082753451133621,-0.13847719906820966,0.3599364560046951,-0.12423955015732352,-0.016530326610082146,0.23575876098715734,0.054809280531484934,0.049140747662809466,-0.006991299812472026,-0.04615896988190332,-0.12468475492132727,-0.20630611879903196,-0.02114156337188091,0.03964319538834892,-0.03673443411949094,-0.06334295679208184,-0.04033530919050786,0.1969880536678531,0.20342353642148278,-0.03192421357891461,-0.3583852428460422,-0.1483415670550286,7.251344086021504,6.718207741864156
34,29.2260282353749,27.8528479041796,25.5806831148955,30.6386639665577,28.0471150120089,38.8834679167639,48.4460461003483,10.2740979691379,53.9364569973293,58.093715758376,166.812773110812,160.720214112187,153.803687451524,172.630287528426,176.283173054444,189.213707016387,200.310236684531,227.831981898627,249.130655880865,271.457978173109,199.924160605835,133.276262055525,45.4017915906913,77.0985604117016,107.653440757427,53.0552792424475,23.8893959052062,37.2836707514319,58.5863342870518,99.9922686418477,116.222286834985,134.699010087006,103.853826136469,79.5005617366549,67.5330833267959,74.8636549694792,81.9770382812173,77.1584255809432,86.2357505471466,37.9137190806956,50.2326334475996,59.9334678952649,94.7214258448059,51.1240900432969,-6.58835397925989,-11.7168835693786,2.94718309345833,10.4437186933808,-0.05710157917956836,0.023351790124414816,0.17035847839851387,-0.2654108476097791,-0.03622106675751388,0.24454769193755863,-0.12070325502118581,-0.23613921077102745,-0.0007533208370016245,-0.11132058364592229,0.4001028166911245,-0.27131322469129193,0.014220642994864117,0.0675019830961744,-0.017941339814623744,0.10644132691276513,-0.011003605161568958,0.059990230215334554,-0.050507775948814025,-0.07935097060187352,-0.09748719135471773,0.14443392178482994,-0.11461166219037464,0.07780778987667147,0.03614004073064346,0.04488989666496921,0.1508574991007236,-0.0809144889681586,0.005479775783363361,-0.044858483667402464,0.004246445294854868,-0.12448332978417319,-0.01100323471822025,0.08519015352832045,0.02840312535068472,0.05879532749610678,0.004925692782279192,0.05287353722145344,0.035691508804394506,-0.0007679043385541742,-0.023691228239892965,0.0016857079743476332,-0.22313517112715692,0.07918843307941302,0.08836393525337498,-0.04105157689966654,0.019251930661812973,-0.029323280014343877,7.09475806451613,12.915214791508982
35,26.0904441685823,25.8770198630398,24.4498818867147,4.8276987463622,0.652079333605903,17.5383618596527,17.1777792477839,2.4922995039235,43.6313316028633,71.4018104604897,160.720214112187,227.62729390681,226.438628196884,261.809993044722,274.974243578642,284.43950827301,293.592601682416,329.624712318142,362.035760601992,392.45185220067,294.803465020498,198.081518255443,83.1994050268907,123.005882866798,163.782285104518,114.42542479393,47.1935984731943,55.7664868466091,70.4761078483682,114.970115572324,137.180433146948,166.743457391573,144.119576837553,106.5525272105,76.4642246718998,95.142548975095,87.1329038831869,104.854433964084,104.949579346546,33.804520405658,53.22554084144,70.6308550054474,102.791189963862,41.4473524437895,-16.7139383805588,-24.097614770124,0.452788805192216,13.3555687769105,-0.19906301357469222,-0.07964306613520095,0.1360390155741188,0.3438505649132367,-0.103299697863535,-0.5039888144425418,0.2719409997370502,0.41945366578721727,0.028137316784128445,0.05829983158706458,-0.2713132246912865,0.9240674334379134,-0.356532434840218,-0.15701688658111213,0.27499069891248973,-0.07361124326774693,-0.04776542247394944,-0.42847327168833876,-0.004319811350995119,0.09022468271301798,0.25938152898245737,-0.04516121466754268,0.05830308530597113,0.015751666511378992,0.0013636551643509331,-0.08911499777345928,-0.10519277318041691,-0.044816124257180914,0.024475005439891413,0.052815200480995486,0.24389318820989073,-0.24798901255974568,-0.04220982601361315,-0.18694423454450387,0.021179794259855545,0.1621056483677346,0.05621079708820397,-0.35902827485130284,0.056336857595208865,-0.022615915399793973,0.029345604819639978,0.1447187576292141,-0.06205802929313715,0.05520254740102402,-0.015270241190940346,0.01719366680739043,-0.05343495344712716,0.07740527218528173,6.491935483870968,15.08699088310224
36,19.1745205675795,17.4919503132302,19.8176706969302,-0.053917805791725,-31.7593950544507,-42.4596802919984,-25.809741677763,-2.41584671177061,38.4017338276068,80.9238807426757,153.803687451524,226.438628196884,309.295703367682,347.249189310842,366.902093557693,369.788273356561,371.865358613747,416.636747479781,459.510310577052,496.285179391579,368.42723206594,243.788071966615,97.4887327313097,148.230308224697,198.512514250446,122.256960074924,44.4741845110227,52.1833014578519,48.3789122496546,94.6583984628897,118.602567280133,139.323007654265,118.170949970581,87.8744048179317,60.0663551026381,107.726932744556,53.2930765837822,73.0971850503592,80.4561337097113,23.2292474694443,44.9479640450704,65.6191169140303,93.7533200661952,25.0633083839876,-10.5831838995881,-16.7117528398439,-3.64897299216583,5.68082646522345,0.3533977820459783,0.03651480364141899,-0.46150806957117546,-0.6173894919302637,0.367712086952469,0.481419419886492,-0.19499154639051464,0.14707951534312722,-0.03988174997161651,0.3034670772173777,0.01422064299379785,-0.3565324348402157,1.9171643744922577,-1.4353895992514993,-0.039697380593603906,0.03188728033886329,0.03812413669596618,-0.36271862225066215,0.059395634867878015,0.11369424832580609,0.32105403038853,-0.17744475340024274,0.058840802633132544,0.09399983036076429,-0.09445025821960311,-0.13071405887211834,-0.004949296612971545,0.2396811104734379,0.13795883343516804,-0.18200036862216423,-0.05986745495422635,-0.11008924594692546,0.28902558551148944,-0.006509157276582243,-0.18703370482852144,-0.0840542850405266,0.006827417335374231,0.27507321743957663,0.0002288318882910672,-0.06784712880509329,-0.026939552337250545,0.039992876938118725,-0.19067999668816338,0.03857970846081399,0.09448610514303886,0.026636674071506578,0.0025059990762025773,-0.11260725722691312,7.050940860215053,17.586520502011826
37,0.0905097766672185,-2.19041222635687,-1.78061061400055,-29.9264293764741,-55.8070070826491,-59.5222949077332,-43.1420023603824,-3.73484569927606,41.5080812713708,97.8525607969004,172.630287528426,261.809993044722,347.249189310842,405.317260155317,443.393885175906,451.420394662981,458.258641176166,511.581878829223,567.354511993674,613.423445327718,456.12709506368,299.889931528521,123.49015120861,183.131809701282,242.055108194616,141.868464549375,45.2392713290665,51.1907664228558,48.9881097776203,94.7276021703609,124.512499055062,154.453932059253,138.156240169623,90.1057960766676,46.4491580000165,101.705905629279,45.3808632913309,68.3288839161317,78.6289124267923,17.0896330353229,40.6413559222018,63.9882803935486,91.3154361000704,8.01337108138306,-15.2361533011731,-17.7277057760475,-4.45265030542589,2.9866026054432,0.004750530731976584,0.051404482967761386,-0.04883628665960168,-0.3142832735325575,0.09404575947911178,0.22912879963944283,-0.06335763893184322,0.13052228188745427,0.20801226971827422,-0.4092839604121375,0.06750198309692704,-0.15701688658139337,-1.435389599253511,3.215426256127013,-1.2534584958458441,-0.4566064341171309,0.16260282639269333,-0.04779585384470271,-0.07560556414373035,0.026068287545808543,0.04350073721677768,0.007973455233328182,-0.05132544407190141,0.05810853320974789,0.03570392970250524,0.03410454804699394,-0.05464254880057274,-0.07047258111695151,-0.13628437113520991,0.012955921226507329,-0.19741702874874797,0.15575156046995134,-0.1822399019362386,0.05681100621722601,0.007905298880686843,0.13051502633616074,0.023010760241197345,-0.05189348410491838,-0.08949222780423692,0.11594698056377055,0.019516678155404442,-0.10641913503097776,0.03270493082687675,-0.025738083672242517,0.003416148157932556,0.08336943149998968,-0.0651190606203579,0.023208583811699046,6.664247311827957,20.13224429007647
38,-15.650322728483,-18.6478281549555,-20.2185979417495,-55.9738634970703,-75.6408964418683,-71.6196876298737,-56.7858151615922,-6.91265274889612,42.0141012954605,106.463302836543,176.283173054444,274.974243578642,366.902093557693,443.393885175906,508.555617147053,529.652564975886,549.331861919503,608.023433467591,677.607179185104,733.832350524317,546.851340305535,355.752983494505,145.290972190435,208.05791953731,269.944748364761,139.976994310266,17.1067791387106,16.1693513470664,10.3548102539728,49.2157942476357,81.1417954792232,115.912471840368,114.383332044542,58.1952006317789,1.25674616062018,66.9736101282079,10.9985177466077,34.8427923557515,45.6527209056944,5.77723907243846,24.0558231938461,42.8088345332463,65.1813708822532,-23.8812107529397,-28.8379118616291,-20.1846891464755,-19.0265814740445,-13.4332760617444,0.023045339262348374,-0.036650839799407316,0.02437541552892682,0.22056046962839332,-0.3765420800951316,0.0787010712778452,0.07384006931956427,-0.04665573424647922,-0.03926893662471808,-0.09295944991230438,-0.01794133981534005,0.2749906989126336,-0.03969738059168038,-1.2534584958489374,2.1940656293490752,-1.3437148496379498,-0.008787721691745763,0.3712863513096026,-0.36029736248830124,0.09153034016013753,-0.023588726564622502,0.22111403793084428,-0.0462638039428022,-0.05755802568175898,0.10198576564235437,-0.05421470565735661,0.1905290766936975,-0.19229399988166884,-0.1721824058891138,0.050667629546730764,0.35858046671274585,-0.0467991621143871,-0.40866405201321904,-0.20250934169169335,0.15488453819301315,0.033257568807010404,0.05556923441660163,-0.0648319953933455,0.06930641505369396,-0.08606169594552458,0.037959211454421486,0.1110026476629898,0.2938178950676993,-0.21379064806400475,-0.03871774277395673,-0.01579995837247216,0.20672913342539767,-0.02393797825810634,5.7040770609319,22.550956014037475
39,-24.4838582116528,-30.6495120494717,-36.5494621058048,-61.6292976482127,-76.7393100167513,-69.1232755731636,-59.54758075093,-10.9806547531627,42.5374634619585,112.403345461801,189.213707016387,284.43950827301,369.788273356561,451.420394662981,529.652564975886,589.785242682198,648.453025080285,708.870456340877,784.956274694819,855.339604692831,640.691395387998,415.341008367271,174.415063083612,240.532559405335,305.927563490012,146.389271192634,-6.24158052888245,-12.7302050556259,-20.9729738713328,11.2877795027269,27.8640452031657,48.3590881531062,39.5496877713421,6.83880326605711,-30.7874918553412,38.639902523508,-12.0756740038096,10.8855216264016,17.1619414739164,0.0887675521225382,13.7199784925875,28.2047251818545,51.9581539118835,-49.9360468699806,-28.1327061334362,-9.47109665263405,-21.1826376791146,-21.4605297339419,-0.15404903182855423,-0.012179561494002348,0.2326126194948227,0.17455945584921365,-0.08450916991107145,-0.2831026958107331,0.14971958942140853,0.009800873236726538,-0.15157429411106504,-0.14977674078229053,0.10644132691311022,-0.07361124326670673,0.0318872803395769,-0.456606434113346,-1.3437148496385285,3.2771097721241684,-1.0616358755776278,0.17838448080842562,-0.01679078598000217,-0.4501472174552229,-0.003094899845538226,-0.036752891975809214,0.1071226544962325,-0.24966650942034416,0.11063821063124682,0.04966322955635855,0.09315286295821931,-0.08920412123275073,0.23545547740652492,0.15230571008260826,-0.2000630959005114,-0.08018590722647895,0.1555183533501715,0.11918433242232378,-0.0914273323736627,-0.02399629807659201,0.04715246198822351,0.03527294381879643,-0.015386137421329304,0.13688030833900403,-0.05308891595931046,-0.08531952133742438,-0.1453792621957402,0.10711087527711519,0.029798958159136968,-0.07489565361555832,-0.0774015215020898,0.037326852505506755,3.6793906810035852,24.285288606112935
40,-35.33514622787,-44.5670623661999,-54.7172502702383,-69.9784696123947,-80.6753369292751,-69.1023558667115,-64.7682079600652,-15.5266291912201,41.5405090509681,116.619720103535,200.310236684531,293.592601682416,371.865358613747,458.258641176166,549.331861919503,648.453025080285,747.392608534946,809.262819989596,891.39477894059,975.513840107198,734.414876728325,474.402141087543,202.103868404486,271.416574381361,341.030419561215,154.94802870675,-28.8690445065926,-40.6886902193012,-51.1618540313668,-26.5737713423013,-27.3111791510636,-21.5946574830811,-37.5256545661896,-46.4593248509284,-64.6865328965785,8.32323711753551,-38.0253291810534,-13.3701501877667,-12.5971854868788,-6.53452127871903,2.55117246552168,12.9393821652383,37.2787817263191,-77.8723661969727,-28.3561172861477,0.073530059436377,-24.7989117163891,-30.6794366407791,-0.29109453784577194,0.13104918212157946,0.33842160320481884,0.050359856736523656,0.170098891179169,-0.38184223439142806,0.021218261652631288,-0.07734128320544656,0.030586910335349122,0.5892815260414521,-0.011003605161298561,-0.04776542247524257,0.03812413669605551,0.16260282639036727,-0.008787721691908855,-1.0616358755747055,2.333246462319277,-0.48437361184706407,-0.16445979052244705,-0.26742507999513865,-0.24330769054905413,-0.1350867552485815,0.009894126096241608,0.07059335507822455,-0.1355062630952,-0.3224634774199467,0.369216192336002,0.29138041719943614,0.06811676465957116,-0.39059988537458457,0.029404146808422717,0.08728285093763066,0.17554586922365784,0.29157359337436023,-0.1337880881559458,-0.20974155629847177,0.07890390420981422,0.1684562843984384,-0.15518593692007573,0.23196920170582808,0.00526511618766631,-0.40004677978422787,-0.17989389215408141,0.12827212193295365,0.19857666846465807,-0.27528178771928197,0.009379273809946458,-0.11897667438566112,1.9100806451612908,27.338299298510623
41,-39.3170466441741,-46.8573313777258,-55.2639070513291,-71.1139851086279,-82.3936326489747,-65.2025035016881,-53.8163022659583,-14.5341561270921,51.1768248045158,134.357955401232,227.831981898627,329.624712318142,416.636747479781,511.581878829223,608.023433467591,708.870456340877,809.262819989596,887.074325716846,976.150551191164,1065.41498562846,799.633929182963,518.363719369494,213.513074937916,294.612815814338,375.373236509509,171.512352199598,-19.5327306855997,-28.2575434684954,-38.3588750083274,-13.0131342679907,-9.49486612368854,0.134924723449109,-17.5626440152428,-34.2000494227994,-59.5081622718663,17.2781109577754,-31.7599384769013,-17.0606094320595,-8.82577660250799,-2.38607252088398,6.29753544717977,17.2309968381333,36.9995122879157,-98.8751374072999,-37.9435290611376,-10.0082829962672,-35.291484971431,-40.5292719663143,-0.007546777300445155,0.10416487948110184,0.12735975984570502,0.027280218471184906,0.09173290334746512,-0.010186510206905716,-0.09407267903910894,-0.4489516127231509,-0.21930033319251713,-0.03992783911000373,0.05999023021444682,-0.42847327168879334,-0.36271862224608936,-0.04779585384593381,0.37128635130792265,0.17838448080907712,-0.4843736118493994,2.6797156104447137,-1.6342493406030858,-0.3341750999953403,-0.0937980750997687,-0.09282854840854729,-0.15560707286251682,0.16602279402073186,0.02695062976809704,0.02756178493971015,0.0060551405607074255,-0.04543815599329653,-0.1618278380408172,0.08389075962500288,-0.016815521227115604,0.24724091868384604,0.044118775256621445,-0.12693579187912277,0.08504138079091629,-0.2444221393311789,-0.04133490420633635,0.22517923731689704,-0.15911846436084884,-0.084169758871273,0.04761474617408286,0.1144096214412175,0.40318049771001535,-0.14582008020099643,-0.5338057622226867,0.3977444603527669,0.11089664650265618,-0.07505601141303214,5.51747311827957,29.783625127187676
42,-43.5046334883045,-50.9887813267132,-59.5310073665964,-81.9739789545475,-94.5289576612214,-71.3770295120962,-58.1357942646683,-15.9567174302516,55.89281128163,149.061285136126,249.130655880865,362.035760601992,459.510310577052,567.354511993674,677.607179185104,784.956274694819,891.39477894059,976.150551191164,1077.45238963145,1176.27453816409,883.213781973753,570.724715668711,237.524793088319,325.42293004647,412.547970977919,185.752298101467,-26.5439120219936,-37.2436780277376,-48.4999983182231,-18.3083293366086,-10.0159743759242,5.32382472555845,-8.09894068405928,-31.7185148827511,-64.4059054940596,19.9403204916363,-28.4659137964188,-18.4901234380587,-10.7732663863592,-4.06806248359463,6.1057949327571,18.5072562147784,38.0541900719425,-111.3673035899,-54.0359408907433,-20.4950587321859,-47.7858829445175,-54.3891318844012,0.09466149770771479,-0.09665389029842948,-0.020045390874205152,0.12246545860062606,0.039312384989862774,0.004541523861700825,-0.04376665458079117,-0.15511323243820607,-0.06830245976844139,-0.17677435410482742,-0.05050777594666273,-0.004319811348672871,0.05939563486004232,-0.07560556415105883,-0.36029736247938227,-0.016790785971965524,-0.16445979052345225,-1.634249340592173,3.985301234413528,-1.3126233849270288,-0.6501005108292277,-0.11301563129950427,0.04393379942876497,0.007616048027890526,-0.20861319280178914,0.15403512835108882,0.04872959798468648,-0.07898113446893393,-0.08968801465309137,0.1379828597307767,-0.048347411418289445,0.14154026610605075,-0.05071826496053071,-0.09415676103026699,0.07906815735059075,-0.017074074492245093,-0.059409492922997395,0.010416103776639585,-0.005046065267136957,-0.09416164230880236,0.003290097662479672,0.17717432489213875,0.08027658981607987,-0.04279114758792438,-0.1443206705410576,0.05250965033831415,0.12146894638482159,0.06899659303073873,5.725582437275984,32.824417582517064
43,-45.0223063827876,-52.7860043166502,-61.7959885393682,-83.3487839974215,-95.2095651066427,-71.2213667733584,-59.2115515971377,-17.9428331669249,59.6827428569664,162.174424320501,271.457978173109,392.45185220067,496.285179391579,613.423445327718,733.832350524317,855.339604692831,975.513840107198,1065.41498562846,1176.27453816409,1286.12958714987,966.601733882444,623.646646629727,262.577093498969,357.484120044376,451.583903494423,202.401561214183,-31.1091256902252,-43.4083625749203,-55.4763045074362,-21.5431146106186,-14.3987469850947,0.654395954178968,-15.4521658538191,-36.4698185502653,-66.8735213417556,23.6165840000269,-23.5860063061828,-17.378629893785,-11.0846355401262,-4.11895328421336,7.49050932135292,21.2802404816361,46.2106140423785,-114.186766356068,-52.5412284694646,-14.9340613658259,-45.7064145664864,-55.2759652869611,0.24688797412388463,-0.03888999136659227,-0.35077678025862213,-0.03975496709799387,0.05365175802125466,-0.2779232357619614,0.3679900687459291,0.09228996463881535,0.19077160608844002,-0.4494372195849554,-0.07935097060160648,0.09022468271328474,0.11369424832365803,0.026068287552575835,0.09153034015398726,-0.4501472174557423,-0.2674250799942431,-0.33417510000095224,-1.3126233849235887,3.0215986358133784,-1.1730126650474806,-0.28505527418426924,0.19466821088075634,-0.1402069416977575,-0.3173913406246681,0.32617839681349853,-0.0792682655977257,-0.09800802859555553,0.19699181280259861,0.0648239798151587,-0.1825314917146753,-0.11775970719427835,0.0952768202528107,0.06647696337547854,0.06055840836504276,0.09374247368194598,-0.07524477159899516,0.022861104009575927,0.13718834880949532,-0.06584181214913015,-0.011863643158675838,-0.006557799234486411,-0.2481891925415482,0.07445642259791344,0.05888167231605246,-0.061285524336664454,-0.014308059922893229,0.08529385642445204,5.8449820788530475,35.862509493200214
44,-35.4485339801512,-39.5074248518281,-44.7431485715545,-61.868890583118,-68.3427901862374,-50.3031065965303,-40.5273153191337,-14.9405608565007,41.2905129541023,119.833211244564,199.924160605835,294.803465020498,368.42723206594,456.12709506368,546.851340305535,640.691395387998,734.414876728325,799.633929182963,883.213781973753,966.601733882444,730.894662485066,469.573851304662,195.761351108727,265.511643191177,334.642818094335,159.707989643923,-25.1945864302163,-36.1740061732306,-46.4604411728227,-19.4933263222034,-16.5917463044122,-6.70629739542166,-18.5669635371595,-30.6243334040976,-50.5086309123492,14.7817039540236,-16.0635791417611,-7.06703064718947,-13.3944158643189,-8.49872188418885,1.30729368578673,12.7418380719513,32.8615306068975,-86.4706796728417,-38.7049323635075,-9.6887508355727,-33.698182253717,-42.8495462676679,0.16869254498262728,-0.040962544200690655,-0.247840962788219,-0.06376664835829118,-0.32369338446919926,0.3952314046589285,-0.014856851544197117,0.08614745267968156,0.16399403237717064,0.09583942668827419,-0.09748719135671484,0.25938152898130884,0.32105403039101194,0.04350073721954508,-0.023588726564143212,-0.003094899856504193,-0.24330769054598753,-0.09379807510662128,-0.6501005108198229,-1.173012665046202,2.5870994804425176,-0.2411189893718751,0.009205013320581254,0.15877120741364864,0.13017093286963655,-0.5142169024597625,-0.134834968172821,0.27496934193586786,0.056468143655404424,-0.3268326292358146,0.1829416761883542,-0.02731934032164063,-0.039893195208025,-0.23701364602577987,0.14254237344683357,0.15750914557796405,-0.019900570667218717,-0.2703045699900982,0.06603157368683556,0.058934309744140996,0.007152025214805388,0.009023665583901557,-0.10743357140619346,0.006073823783021942,0.20704545555779355,-0.23879381638186561,-0.013387100199405737,0.26086612025714645,4.126344086021506,27.034878629005636
