,Cov_0,Cov_1,Cov_2,Cov_3,Cov_4,Cov_5,Cov_6,Cov_7,Cov_8,Cov_9,Cov_10,Cov_11,Cov_14,Cov_36,Cov_37,Cov_38,Cov_39,Cov_40,Cov_43,Cov_44,Cov_45,Cov_46,Cov_47,Cov_48,Cov_51,Cov_52,Cov_53,Cov_54,Cov_55,Cov_56,Cov_57,Cov_58,Cov_59,Cov_60,Cov_61,Cov_62,Cov_63,Cov_64,Cov_65,Cov_66,Cov_67,Cov_68,Cov_69,Cov_70,Cov_71,C_0,C_1,C_2,C_3,C_4,C_5,C_6,C_7,C_8,C_9,C_10,C_11,C_14,C_36,C_37,C_38,C_39,C_40,C_43,C_44,C_45,C_46,C_47,C_48,C_51,C_52,C_53,C_54,C_55,C_56,C_57,C_58,C_59,C_60,C_61,C_62,C_63,C_64,C_65,C_66,C_67,C_68,C_69,C_70,C_71,Mean,Std
0,116.727082251359,79.0983123290947,23.4672382062636,14.4074931039132,1.32460660247392,-14.6306009642154,0.336009530970839,6.59642204901268,20.8805253657558,10.9897403996295,7.41229606212488,5.34416029818918,4.2884444228781,3.86912248422889,7.93072167154447,17.0800953347256,35.8605605674604,35.2527668397225,33.6092817175495,33.5104430698605,-4.35209295361241,-7.6533998187937,2.3602415731188,-2.56144663804472,-0.274542982900849,3.3500210265287,8.03559092070771,26.8656721729802,29.8172815389168,29.7155842594114,26.26420279228,17.2108936754074,2.15949409965293,2.31041733840735,0.327995906026828,12.6519363621862,20.1852231503695,19.38398395423,21.9091694399836,24.764488717683,23.5253901177144,8.76752063885283,-12.4803949598448,-14.5974769987696,-16.1399867575639,0.6583871169657763,-0.6799065171688423,0.18204058605170254,0.13637426375238196,0.012253202339961506,0.05163062708101517,-0.018569226010323087,0.0001747580895705685,-0.45368415315667315,0.2599226799102685,0.050152525028055624,0.11506442320558351,0.1681546048040929,-0.037581198822228996,-0.04141636959843604,-0.13778524734391281,-0.22516410422425456,0.21024127011883273,0.07525880392673741,-0.22584750892669886,0.06081151251160063,0.03447155776968662,-0.043584692414787816,0.023452699681026045,0.06130058402868495,-0.14278248089028497,-0.025684086418472106,-0.16651812532557872,0.08692619043578806,0.03409655196054571,-0.08430219996831939,-0.07266767476527193,0.07897214308714845,0.05222581699356437,-0.0752218596388265,-0.1876216906640475,0.18121990421193737,0.1871477589573698,0.10427356453254637,-0.1849478498044416,-0.08556287963573388,-0.0718468752556128,-0.032976474948457055,0.1490470723652087,0.012743504702857131,-0.8837557603686633,10.803568033356356
1,79.0983123290947,70.3124888450004,32.7371091689845,21.4153639100779,7.52762214969199,-7.34197638186494,-1.66545396432179,8.93924149453618,20.2948792309105,14.5964451401171,10.7795911810387,8.44130377810134,6.09534860775191,2.2831076973657,-1.00379528940086,10.5589036093679,24.7048913250235,24.4513967241085,22.6491510816239,22.4621967631578,2.32543310246578,-0.394653148303287,5.15215451061487,-1.00740289588706,0.196699295853275,2.106830912778,2.48943861261697,15.4110908612182,22.219852826309,26.626950372538,26.0805017036283,23.6811857423826,16.3137109803709,7.39406316813371,2.41343733222919,12.7266894730869,20.3125703550848,16.8600522376236,15.1985484247534,12.9034284406391,16.122508818046,4.27543684304826,-7.78815090546786,-1.62489821698545,-1.88721547973523,-0.6744057201764194,1.3275711352488146,-0.4623733708344848,-0.30095789271038226,0.016622964837861003,0.03264909053331931,-0.05342723975127393,0.13222231500876405,0.31589445029234403,-0.16932496914890197,0.026061340353406716,-0.06253400134039823,-0.13241404116060493,-0.23540931870859155,0.013076301132327276,0.23393265653814693,0.018537818317952145,-0.15267073509473156,-0.02213478732871201,0.10246797808719434,0.005875410202264575,0.017196295746915117,-0.1283838752617173,0.08266096481668814,0.005793839792179635,0.12219712183869291,-0.08248108193449383,0.10380603274345078,-0.17262304999493924,-0.048026033782741846,-0.042163114174222666,0.08863967950985377,-0.18444999241079563,-0.2022863272359415,0.3080225172348474,0.2918769567506347,-0.5935729403386868,-0.17348114881006216,-0.3206744712582105,0.37378834874483197,0.02315662502671298,0.11858530191276982,0.0092387594998204,0.016550212885778983,-0.10877903957023163,-3.0238863287250384,8.38465794442447
2,23.4672382062636,32.7371091689845,34.166571730305,22.1649948395462,8.03323890189581,-1.92024364880763,-4.24517906455368,5.2309645216333,11.6679507816787,10.5609229098528,6.74526959847078,4.68663460026179,1.71671217401773,-4.59894229783642,-12.1611594052169,1.25853271868181,9.89240391392202,9.50091746529568,6.92683809229678,5.3539171218623,-3.05948499588031,-8.33590879045572,-9.17071410875979,-7.924978030449,-6.31989278729442,-4.68223931625269,-5.49673958005255,-5.74007118616842,-0.891734642693038,7.21013069999933,13.0039436085499,18.7808175716985,11.8159051114722,3.54609833844191,-4.13769148159008,0.587191185939903,4.55697823799139,6.17855106819258,8.23412640741618,9.18606190572024,14.8893028746221,4.26257644461263,-0.826378300885543,0.351128380902641,-0.553943943301896,0.18105067118171783,-0.4614704372706087,0.9492628665121623,-0.24363489765449048,0.04667129686904202,-0.0760285475192181,0.3284813604086585,-0.26998750279994554,-0.14949476903495804,0.1501951465375044,0.043183940634121745,0.09561180979511263,-0.329577256744295,-0.05150881608839987,0.42568585807386095,-0.13090239882641228,-0.053628608455806866,-0.21065600469010193,0.08594427999277961,-0.009917294732005517,0.1780124128813575,-0.20575089467289312,0.15316140584833268,0.0017744118169491742,0.008648800858280317,0.03688002806792145,-0.10352133996825809,-0.052383905126793494,0.24219606301808294,-0.0037084108286657286,0.025140816843966535,0.02541541801368792,-0.14616511716922997,0.20494129274871806,0.07843856087443846,0.06871218832924508,0.17226384494641608,-0.2625222271924047,0.21230894692891478,-0.09990648358168287,-0.16443244178734812,0.014067491410928135,0.13808748338283222,-0.12936029435134033,0.0010662486423635026,-4.7425115207373265,5.844362388687497
3,14.4074931039132,21.4153639100779,22.1649948395462,31.933316648583,13.2499104440937,12.0097400630569,9.8646301653247,15.1331484967011,16.0876631559049,13.3946226826669,9.87308777751501,8.18046677303219,5.16994682139404,-1.79824930653138,0.284460874503895,4.76717784196949,6.10097566495176,4.42124411852335,2.14629950651976,2.801806185,-1.09804404575207,-4.51517623750077,-1.23372025383348,-1.66381364360239,0.0259510077419711,1.30338098927587,-6.61508619903583,-7.9207140819304,-4.73001473819521,-5.41193765452638,8.25087514188367,22.6298149037157,19.7930413535334,11.0978027277001,3.08866255673255,2.77246428806746,2.76743525625035,0.783227836856293,2.84812542486971,4.02439451179993,13.4924484654684,6.07367072266123,7.26264042091772,10.4706085824261,11.2401645750023,0.1296182913244059,-0.2993647227295197,-0.24041631306842473,0.9649186008929171,-0.23198385419969914,0.014700457669841108,-0.13817794478816925,-0.11066677144724336,0.19005447425621802,-0.07888394988010841,-0.17057457351148134,-0.1171412961233917,0.1576832526589564,0.37961528070908346,-0.20550736631000904,-0.01688418304152743,-0.052663674016556174,-0.023683797037612562,-0.08189573231519805,0.021749926892276304,0.17843447100688603,-0.11022759359002013,0.22055903865021903,-0.11924005417099273,-0.14827748371143062,-0.2660515373344323,0.4280199452165126,-0.16305729202415276,0.15423814875882708,0.2812346173084492,-0.26912928809058145,-0.09236029787321053,-0.0011781549945658212,-0.007772327460217756,-0.041500682581231824,-0.16249710610293114,0.04966976474200593,0.34017955894587015,-0.0982412487101767,-0.03393798481941743,0.02229943805097277,-0.1994699798887561,0.05345522254858756,0.23520872224906547,-0.2572052819837115,-3.949756784434204,5.650072269323904
4,1.32460660247392,7.52762214969199,8.03323890189581,13.2499104440937,25.4798345971603,12.4137355236928,8.35867768267466,9.98678760140002,4.22590178270178,1.10623292586728,0.100436469242654,1.02494329520802,0.904050593165731,-2.17574370002511,3.83900160314811,6.79576770743387,6.96696758548064,5.20874523811053,4.13390150211081,7.18280847947667,14.8507804206934,10.8921968961523,-0.416120845759841,-4.10541222074322,-4.82447587975567,-5.67682215130386,-3.41357674821781,-2.17739647437594,2.70888615026497,-1.56780992413796,3.83790282370864,13.2144637602701,9.08432129132984,4.84615605956092,-1.84241341090842,-0.375729575128024,0.309862704124212,0.304038972100049,-2.77058503373456,-6.11938525809493,1.4653063006149,-3.23784546507555,0.199894204384071,6.14722053412673,5.6876198649967,0.011714915372427413,0.018879910861824282,0.045022898614374765,-0.23203084626356738,0.5983322084206977,-0.13727486430108407,-0.04646034561137666,0.09911440920013562,-0.08671885605850159,0.17428675281151798,0.008633607499824378,-0.004796393581533539,-0.10553878879343642,-0.0627995234187466,0.0869453435646781,-0.10254512680067594,0.013238328799994318,0.09845421626360801,-0.06218647487424712,-0.1020254067908539,-0.09438266798709691,0.0368546948227173,-0.009685052244363234,0.004266857366192885,0.22579731319720478,0.2137382196092992,-0.1064287902054023,-0.22087645042454385,0.03245794782598307,0.06632024079086403,0.24925843905874345,-0.16237486161788847,-0.14164877572087878,-0.03868465407974234,0.2031324190504426,-0.13490143761079465,0.1582580581529944,-0.26529499592697814,-0.09441376347733656,0.15954864674948233,0.02999994308603321,0.06009311540539138,0.1035678014118756,-0.2098705516990217,0.16124889757067443,-0.8578084997439837,5.046764765387847
5,-14.6306009642154,-7.34197638186494,-1.92024364880763,12.0097400630569,12.4137355236928,47.1358358721625,33.8213678840278,27.7736711477935,8.02037969669501,6.88727573631541,5.07763068490507,4.72423475732637,3.39300528576607,-0.268697771583319,-6.52484045053143,-8.99046054822042,-16.3555665042449,-13.9223470021695,-9.32290773384234,0.239652807595097,14.0657551018554,9.48381447947759,6.8548715324832,5.22745042043515,6.80192535574308,8.49199909463144,3.90320384280387,-1.59982056137019,-3.73834693139721,-3.93003960986436,0.299642592584274,9.82106421028751,7.27731425205685,12.2691054923498,15.6032396364593,15.6599210762684,14.0272948504912,11.5718799425638,11.1897125845441,10.9595518085017,18.3141311448097,11.2848018408792,12.4060621623113,14.4666343616926,21.3262669210821,0.05140122502498478,0.031688050837917724,-0.076149209095529,0.015586865566239,-0.1369847371879956,0.6208434817521752,-0.4102065888188767,0.13414230355746432,0.14202990661760573,-0.0854038073842178,0.07765866087588372,0.06013448550590919,-0.07581877709110546,-0.06323572808821423,0.1506499117580926,-0.22658386976950798,0.04900173506071065,0.21806394133107895,0.08924497397202297,-0.07366927471611573,-0.16804283474519505,0.15424406160126447,-0.14198835186160783,0.15370251748477004,0.010219555925886019,-0.0597615473761652,-0.027875077780206148,-0.034551354032442944,-0.0778395781445381,0.1628789152943529,-0.19266201838444755,0.018879551532421872,0.05498211872269362,-0.24726118618697723,0.04770185663251156,-0.01619607784463359,-0.07202057246199765,-0.015482020881174272,0.1926255010719427,-0.2092357548716436,-0.010540222258253079,-0.1270043113410145,0.06346547048133841,0.196649995676834,-0.26741153976659293,1.5529569892473118,6.864825989940494
6,0.336009530970839,-1.66545396432179,-4.24517906455368,9.8646301653247,8.35867768267466,33.8213678840278,43.4046602124123,41.0730741988722,16.470972192947,13.3750637652706,13.045555022376,14.0002986834853,14.3294511532591,12.8379460394243,10.3529914202728,-1.48732806600235,-8.10175344914873,-4.06013123242823,1.62733292800061,12.7682547044974,15.7425180980482,11.2733965194171,7.24406653744456,3.90841500800482,4.28105724276574,5.13743666531863,-1.5291722435271,-4.78192211229232,-3.09211885565685,-4.18547392973926,-2.76042030776418,5.3586838023373,2.63104361459005,6.5251995154659,8.76386777891266,11.9524131468538,12.5793983041899,11.8519622134307,14.1362432613845,17.005540369296,21.4647917389194,14.6911133532481,12.2705716712344,5.57378309167229,7.22856924005621,-0.018250486889534595,-0.05190078453759464,0.3281456146781009,-0.1369454777003023,-0.04645522343781295,-0.40986200588783966,1.306939815872045,-0.8454489365211555,-0.058382721376027395,0.20962821547829913,0.12263947291765707,-0.00026886703800680506,-0.41608808042366346,0.22529222619488634,-0.16447571273370604,0.14226170020596005,-0.03267045096408578,-0.15618645360258368,0.07739918074004738,0.08774031819454826,0.13599675828863952,-0.11976639106634901,-0.023376811386076005,0.05243245553859469,0.02315412820940476,0.12227383455373055,-0.20475861913620072,0.15539727157412297,0.06382657698106177,-0.007083566730744222,-0.261780589381371,0.15898896024895107,0.08019895281448988,0.06599646321372239,-0.22489576035576547,0.03362056161093034,-0.002374787934796848,0.022735002453061454,-0.14954228162250577,0.008291509930346056,0.07323084007568435,-0.13473902956728412,-0.178933710046944,-0.14361490669562837,0.301511233455236,3.3485279057859705,6.58746234998063
7,6.59642204901268,8.93924149453618,5.2309645216333,15.1331484967011,9.98678760140002,27.7736711477935,41.0730741988722,52.8062164953795,22.8446162868851,22.3398315841321,21.6654665011927,20.8753502536439,19.4098535801579,15.9522493192149,7.58593594575217,-0.228340204806267,-5.45596540410478,-0.422916414429881,6.57623775398254,19.2136709264552,19.0584178013465,10.2802151067275,9.90744308611923,5.20717608470917,4.12141866933483,3.67551320611704,-6.62139546069912,-0.0278141483476918,8.52257058646094,7.4812374304307,8.35345494655598,16.0135174150399,10.2896056483855,8.15948710974755,4.23498939063667,8.14862975645979,9.12410471400665,7.54120823759579,9.58864483865716,12.2624624828189,19.3183219213301,5.30221153975188,0.356470192008396,0.0005138092728217,0.690521990334458,-0.00043133558256910486,0.1310742868984952,-0.2739366077660482,-0.10852608591802243,0.10168430200571779,0.13315396526146267,-0.8472568800611615,1.0003229912033051,-0.276281985050393,-0.15096338218293612,-0.0682135261458985,0.2406417268120334,0.29593186019287643,-0.34949794182832034,0.03565063432781688,0.069313805046279,0.06110969783636665,0.0531922997470898,-0.0008333836398340552,-0.11487716027443623,-0.2697998642427025,0.16805675741184578,0.000327908979604525,-0.07958170087885172,-0.006241944089123058,-0.06817426552784482,0.1802314454997775,-0.020577368291008986,-0.20094420734183616,-0.16599305417669316,0.4663827459639776,-0.1841525117916242,-0.0459050664302691,-0.004295299670618068,0.11371057207376918,-0.003053165788825983,-0.07134570671802323,0.07471654520100528,0.057055844408157606,-0.008501556387577255,-0.06852773302454018,0.18061135360243416,0.14788196844529114,0.042101589426347195,-0.08069355892294575,3.983346134152585,7.266100501326658
8,20.8805253657558,20.2948792309105,11.6679507816787,16.0876631559049,4.22590178270178,8.02037969669501,16.470972192947,22.8446162868851,51.3312385188843,52.9187714561384,47.3799749303228,41.4216931932571,32.8724795706591,19.7074287307509,9.74854658033483,3.07825620544254,0.83689858373139,3.5038523933088,8.16640913246859,16.3332826442317,9.02122101671726,8.55124020480243,7.49439981346859,6.61404449367798,9.27181955889981,12.4576383829748,11.4096544047575,6.52379945071475,-1.30166557609787,1.53247481203192,11.8660501902014,23.2528144390859,9.59250710542834,10.4426221678676,7.09423038004094,12.0013825306451,13.6719992969118,11.3763058620207,11.8572055173012,12.7680609235145,11.2080718270796,18.9879108024548,19.4758630000178,20.0380860275174,16.6057504647849,-0.4525499554228592,0.31620132525465156,-0.14815470172214049,0.1875667937920864,-0.08640379557310177,0.13988585182358193,-0.059487192157885956,-0.2818547427833579,2.0048800782181306,-0.9316152770979627,-0.4044312438599954,-0.09719380126534538,-0.11490047971424507,0.14167748929093396,-0.04490385975024937,0.11829120124652012,0.14093269114154872,-0.14901516373224147,-0.1150662876558442,0.0655778220592256,0.19521692357910747,-0.2719667287676767,-0.09122068518494908,0.16495553727069642,0.23466657659116238,0.04251085655485289,-0.18631226156381447,0.05929741567978013,0.1288958265831048,0.42189138417728916,-0.4151353549877806,-0.08208910796232236,-0.1318626284456527,-0.19680635815316622,0.12506547691220543,-0.2239207487260954,0.08412763654473203,-0.029132553585755415,-0.03309669949132085,-0.2776850483667409,0.1850402742870291,0.14305557253041862,-0.11361131175303515,-0.26615055971045304,-0.010376241323879048,-0.2047235023041477,7.16388431780443
9,10.9897403996295,14.5964451401171,10.5609229098528,13.3946226826669,1.10623292586728,6.88727573631541,13.3750637652706,22.3398315841321,52.9187714561384,62.0148573497699,55.9796446704474,49.0709536279377,38.9836009902203,23.7845984229996,5.99508876138257,1.13634505699882,-2.23174605061704,1.15516303224741,6.50007924176904,14.4978780801711,5.9026753761875,4.44909162095553,6.69546684070898,7.71031878860791,9.42449758867303,11.6872722887275,11.1074929060581,10.6667439842207,0.639741109939877,2.17707891715164,11.0192001304383,19.7466038465291,5.21193673928203,8.86081460879215,4.61886374442358,9.20836371513094,10.3513857147699,8.64891238909862,9.93973965898663,12.3969552548352,8.94101960294575,16.2942832686553,14.2681136732973,7.73857121467245,5.68291893856238,0.254887922797634,-0.16851213288797814,0.15203855765074606,-0.07894116257471737,0.17299903772002156,-0.08385378134701109,0.2112350953898996,-0.1477135053725444,-0.933676888230465,1.6002394091146537,-0.5490432300222945,-0.18763611417517884,-0.23723273749516088,0.3058712541115984,-0.021537454833492706,-0.16358337637598885,-0.20634646649589533,0.23745750269761542,0.3356603747188444,-0.24225020819692475,0.06991126603056201,0.21251379615734703,0.17069869647760214,-0.1885765418456387,0.04408330021470105,0.2525080223977068,-0.08763635230996758,-0.23462794911285448,-0.0381761430969542,-0.08013376894272636,-0.013948760972527273,0.07091614947668849,-0.03383173810057532,-0.2418065186001686,0.3172277742271563,-0.004781236573567334,-0.16771842990523964,-0.18330841179775767,-0.07538258329772399,0.21021330801564336,-0.010624474281415792,-0.027330453278473096,-0.21810257406344286,0.1491507546137179,0.04426507053012185,-0.28024833589349707,7.8743163099897036
10,7.41229606212488,10.7795911810387,6.74526959847078,9.87308777751501,0.100436469242654,5.07763068490507,13.045555022376,21.6654665011927,47.3799749303228,55.9796446704474,55.7764669877708,51.863238956304,43.9843813488572,30.0683838292365,11.5246433710815,2.90364358099941,-1.60670051384093,1.66539743027071,7.10382505845841,14.056292030816,10.4795815917353,10.3283133098801,13.0851861164274,13.3236594980872,14.0105479628026,15.1074780829435,11.4068187246385,13.0968844328275,2.28876544783043,2.49511656581202,9.3255118479249,17.4344165662132,1.65040381401064,7.64439271636713,3.38420254645014,6.7434702823946,6.68949633360036,5.18536201417188,6.66642735761096,9.81442826881018,4.86451600243245,11.2834849273916,8.1127604148061,2.86213008971129,0.489370121224756,0.0567766751346098,0.026471063773244416,0.04407199376253874,-0.16931750942859752,0.008331047568837532,0.07649608484659698,0.11808354907887442,-0.06865496111054792,-0.4060691983935574,-0.5501581912056874,2.0068488376037887,-1.187965644441646,0.13201694371719036,-0.08760646586863027,0.21111020072251926,-0.12490412919193795,0.056709968131433024,0.21740858715501452,-0.42215217014560286,0.13787011104548613,-0.2343871613455748,0.15300582246784275,-0.31708323380567977,0.2699266320853994,0.03796944108797249,-0.1659541409925238,-0.04903668351378567,-0.1390033367612709,0.14784523230785548,-0.060706443587130544,0.021668267139596777,0.23913627857379383,-0.030480403729521495,0.059505436339722016,-0.054943353839580746,0.03826652083117113,-0.042853291984376964,0.0984484323132865,0.20137606734628863,-0.051550772025063724,-0.09001676405413017,-0.14503400765025098,0.14715836646140418,-0.041085811227894696,0.022276551919923976,-1.0751280081925243,7.467694891181001
11,5.34416029818918,8.44130377810134,4.68663460026179,8.18046677303219,1.02494329520802,4.72423475732637,14.0002986834853,20.8753502536439,41.4216931932571,49.0709536279377,51.863238956304,51.6796057621973,46.3926310487677,33.872600144376,16.6904644101571,5.0810007732254,-0.0230089119911751,3.0142941901481,7.76052648927012,14.212045053981,12.0153714121196,12.1575858844786,13.9150296282654,14.2601380464943,14.4966631390755,14.9614944410202,9.78067215783063,11.9921412834446,2.34632355740503,1.98072996588776,7.69897929956636,16.6140024736665,-1.2540166440835,5.67893393699122,2.05439080850025,4.54281011643944,3.91860295062602,2.74331073970352,4.34862352314226,8.04330708286937,3.30972425710344,8.44806240422135,4.69868433833349,-0.102045323296697,-2.79345607898455,0.11691180111224518,-0.06414580918097736,0.09330411390966582,-0.11383315085401582,-0.004909379074159722,0.06576398238253645,-0.0005083629974575512,0.24650963592059116,-0.09756769621698994,-0.190993140690803,-1.1880364459763917,2.7984170134210977,-1.0025903647860066,-0.573267257751631,0.03759295878983154,0.010781959966782412,-0.007421385681720347,0.007168299517223418,0.11137794082350574,-0.008774906896551995,-0.08920743426303519,-0.14441257174517383,0.06719460713226368,-0.011662710839823714,-0.0005858576094370541,0.08724075439682494,0.09978437850001305,0.13469794128645654,-0.24012096784821152,0.14579007375776976,-0.003921436749150215,-0.39943864123153777,0.11684606238599096,0.14486132577650562,-0.5106427084282716,0.21347938640579034,0.0945295988096511,0.02767088142295523,-0.20471985163124154,-0.22365689095265182,0.06323066755702748,-0.03426562911995606,0.12039521240716926,0.11235235228466327,-0.04402530360102017,-2.579377880184332,7.188157327312568
14,4.2884444228781,6.09534860775191,1.71671217401773,5.16994682139404,0.904050593165731,3.39300528576607,14.3294511532591,19.4098535801579,32.8724795706591,38.9836009902203,43.9843813488572,46.3926310487677,45.7865544153344,36.4728757072146,23.4481262124219,8.06535947403554,1.87036936649227,3.85090361688869,7.13532214013094,12.242933300036,11.0623099895429,12.7390797374046,16.497768674998,16.6675471357414,16.0596766953176,15.4611217122695,8.90786952086528,11.4408416769828,1.82773724960803,-0.957842156261512,2.41168989881028,10.6060856994823,-3.03871957688641,4.20708395735124,-0.0529752347845383,1.31426940762826,0.0221430288073576,-1.08257659202149,0.285736544929898,4.07064060040354,-0.107838890939818,5.28766247734149,2.80011437995308,-0.47124114393393,-3.82024322337401,0.17124112833127494,-0.13517285813010843,-0.32767542355772017,0.15509416582777233,-0.10661460681911515,-0.07414764305551576,-0.4201207454423079,0.29671439229071095,-0.11749282645055907,-0.23066671796701518,0.12867589466184726,-1.008638310090341,2.248343002273245,-0.8968669067023858,-0.20422996918823655,0.15116484681178077,-0.1690285470203473,-0.1427815425337953,0.09402640645087582,-0.013679817970057288,0.0627418412137342,0.0042100685390572875,0.04130685834111106,-0.3954435030046325,-0.19148282061748984,-0.05362999241655208,-0.08252202799426343,0.09155482617512653,-0.00024776673773445465,-0.07470618531633447,-0.11079484112763414,-0.04156017688403209,0.09574547932280512,0.33240037700961456,0.12675323291030854,-0.40206416630827546,0.24944243703976593,0.25968370837289784,0.03593469580625135,0.15726448093569634,-0.17586277996978353,0.13845953897254432,-0.16645685940912747,0.037621876354789294,0.10683845436357925,-4.398143881208397,6.765837303344979
36,3.86912248422889,2.2831076973657,-4.59894229783642,-1.79824930653138,-2.17574370002511,-0.268697771583319,12.8379460394243,15.9522493192149,19.7074287307509,23.7845984229996,30.0683838292365,33.872600144376,36.4728757072146,37.1224372065632,31.2613298490798,12.0336996710417,5.23889675419228,6.06053154867731,7.92600518129286,11.5143650385418,7.59356192466531,9.62009772033679,11.9209452434176,11.3137985489547,10.0472246029917,8.4999894135904,1.56902349427033,5.24762470703045,-0.664400582053592,-3.10223994030474,-6.95943268303906,-4.95780090384401,-3.49814823551155,4.75152212615006,-0.482380724556675,-2.10405919088097,-3.00567777751511,-3.21461808297866,-1.41020690156094,2.96311946965827,0.633234378710667,5.12026305107378,3.53051579972284,0.0298628728211117,-3.01945596104345,-0.04168862244584331,-0.2309091733572249,-0.0505842269908412,0.37963230846927626,-0.06132268269949679,-0.06531888077144767,0.2249793600305828,-0.35224024848053875,0.14508361291478025,0.3109988815080732,-0.08797971804895797,-0.5768249672420068,-0.8946699717495786,1.910580396327929,-0.46915388879943537,-0.00638210171103616,0.26325619140156753,-0.0415285543730991,-0.03597781913279185,-0.06344175836371795,0.0017001593174824127,0.11961834123389177,0.16215622428122153,0.09754478081734208,-0.062006104402424954,-0.31819813273447656,0.3574156430240237,0.025593115385144114,0.10204166977520632,-0.2678020072937219,0.3453170633333555,0.1710901082624443,0.16690329880074664,-0.4241028754439534,-0.03236281339511008,0.04256855581655375,-0.13325392361678937,0.02604972390826457,0.16329767989520072,-0.06360226055487787,0.24667009653063846,-0.15983540400178892,0.005382997526840434,0.023921934756678462,0.0033559357003677777,-6.728430619559652,6.091997800932238
37,7.93072167154447,-1.00379528940086,-12.1611594052169,0.284460874503895,3.83900160314811,-6.52484045053143,10.3529914202728,7.58593594575217,9.74854658033483,5.99508876138257,11.5246433710815,16.6904644101571,23.4481262124219,31.2613298490798,59.7841191817229,31.0000930675699,20.9069011368026,14.8429591038996,10.4157072612705,8.95213787222344,14.8533165487315,19.7371147125614,9.82609660973262,4.82787253644543,3.44463630125023,1.12385643810302,-4.7108269495768,-3.63990918464679,-5.50923379360633,-12.5178728556363,-18.2448343970432,-13.2996957517083,3.75568177697005,4.1568792948113,-7.45171540681269,-11.161814381591,-10.3631262501205,-8.41308740976329,-5.84010223065999,-1.11336930248034,3.04506425792905,10.3076232158134,18.408753160468,21.7967817711097,16.9362280043655,-0.04159963385483397,0.018751211626846516,0.4215637664574725,-0.20655909702531686,0.08599051511674236,0.1497875790766905,-0.16361630875802527,0.03751960801413094,-0.04453439594216708,-0.02498265152527221,0.21060226998887657,0.03378104710216151,-0.20762727467920272,-0.4674393783294204,1.0077753975431514,-0.8687847643822216,0.23345568491122257,-0.0724819551585743,-0.05618837475394514,-0.04587678521971649,0.12224598724835437,-0.19685937426323627,-0.020555641589159714,0.21095153115463475,-0.0033523553965861107,-0.04509158084976838,-0.12075847158031341,-0.11135541796162692,0.22093834083800248,0.14079184325486654,-0.021813248976222856,0.08950390220378786,-0.24959245184439288,0.2348716233804094,0.12910680205153832,0.20246824756479234,-0.021241665984377916,-0.17724306014722624,0.02862052605135468,0.002550372689809646,-0.19247971703999264,0.1684533818282834,0.21766382655155794,-0.08274473403143931,-0.20368498901276724,-12.040706605222734,7.731372399627564
38,17.0800953347256,10.5589036093679,1.25853271868181,4.76717784196949,6.79576770743387,-8.99046054822042,-1.48732806600235,-0.228340204806267,3.07825620544254,1.13634505699882,2.90364358099941,5.0810007732254,8.06535947403554,12.0336996710417,31.0000930675699,30.7830946434328,37.0465838418714,27.511682864369,18.0442351351951,11.1515369688056,14.2633678029669,10.7242285114679,2.15329985623014,-2.38829538459685,-4.81862940093117,-7.94798425610632,-9.01316962007857,-0.907188556391388,6.7442296917516,0.551112533641208,-5.47880514859616,-4.59178488145076,3.74163086701743,4.55117370072435,-9.52811191010109,-11.2340829049223,-9.70965347474673,-7.75455213768136,-5.56217220198319,-1.61292833405419,-2.81330414062111,5.82677805779302,9.98426219411988,12.2225839796478,8.83745704510573,-0.14021311147605262,0.22226008620663976,-0.1259189255634124,-0.016646043667717603,-0.10103355086510292,-0.22787613819088276,0.14422709382673043,0.06837542943300672,0.11252813932395667,-0.1596594831479059,-0.12376973647154342,0.012423656456818491,0.16068619684993896,-0.006140827645144669,-0.8730812004468631,2.6971045663776416,-1.1419775474796534,-0.14708893913791393,0.010243828341566685,0.18382557248307985,0.04088172152291412,-0.07176203553436267,-0.2337128476215476,-0.013025505087194973,0.11022597689989058,0.2421548106401129,0.14252688691887486,-0.17066323602175085,-0.09055106981696547,-0.19218069350391132,0.3390769482031146,-0.2074837067030588,-0.11865370567427347,0.03443757468732799,0.02045825594790038,0.11421891895421314,-0.04917675871577943,0.01759975863506665,0.4393427339668409,0.006680623161406226,-0.11833674724914763,-0.3394750391074373,0.012804690404289325,-0.06834979806371873,0.106084817629766,-9.906707629288277,5.547350236232867
39,35.8605605674604,24.7048913250235,9.89240391392202,6.10097566495176,6.96696758548064,-16.3555665042449,-8.10175344914873,-5.45596540410478,0.83689858373139,-2.23174605061704,-1.60670051384093,-0.0230089119911751,1.87036936649227,5.23889675419228,20.9069011368026,37.0465838418714,58.877036141657,45.8654661673401,31.1766947517671,19.101511710051,14.8433860206737,4.91578048715235,-5.04214162067095,-8.95923876092722,-11.4422675144778,-14.2682595939686,-10.9262156678719,2.71115562734943,17.1480695956492,10.7108605887923,1.76155987661499,-2.98748109300164,-2.05403213759304,3.88236217903669,-10.2999569341096,-9.75312484109303,-7.5183262265962,-5.08415124005011,-2.55532132220808,1.63091839017875,-5.39244158961148,5.81308714352446,5.98775582374836,9.39747489693882,4.92484736448438,-0.21250393677268695,0.019603046790304533,-0.05428087512640958,-0.054272833556716034,0.01804384624041343,0.04800200643494234,-0.0335029536413913,0.05702291169752649,0.1411302075657733,-0.20133406873651347,0.05479123789100286,-0.008544037722599304,-0.16978849630801168,0.26451205850396503,0.236743872441669,-1.1431872576562792,1.508863316096987,-0.8283700429121742,0.004223200493336073,0.22440798624961067,-0.3300250592323134,0.1372520512662268,0.1911628014337182,-0.15834590776253535,-0.012753781055050229,-0.06999197767092288,0.04457692079752294,0.30704715571422936,-0.10985881484632254,-0.09090169180180567,0.20569571515057666,0.07918303476670982,0.16177946509047053,-0.12714167666340515,-0.0937278481243984,-0.23795105238561567,0.17407312897295366,0.03277440540155337,-0.11353059363083567,-0.046508167760528116,0.1783679823410028,0.09356326041931874,0.07040079329623139,-0.21849016012294636,0.1574720811852634,-6.861418330773171,7.672485656008552
40,35.2527668397225,24.4513967241085,9.50091746529568,4.42124411852335,5.20874523811053,-13.9223470021695,-4.06013123242823,-0.422916414429881,3.5038523933088,1.15516303224741,1.66539743027071,3.0142941901481,3.85090361688869,6.06053154867731,14.8429591038996,27.511682864369,45.8654661673401,41.1537508960573,33.1720041369057,27.4383828769721,12.6484380747241,3.23664594240906,-5.64337287440144,-8.37417888265489,-10.6532292929161,-12.9902432155725,-8.97961776213339,6.32097836613075,20.670229766201,15.7153672565471,7.12997113050627,-0.976167533844621,-8.37614739499764,-2.39944292251805,-12.5562818845692,-8.67911401185679,-4.39790440035582,-0.672262043073781,2.75655254557621,7.42348916948908,-3.06657955974812,8.59386745142513,3.94895538616011,5.20099717046506,1.54026428516742,0.1995973977063037,-0.14952783956927485,-0.2115379138981325,-0.022768490300177188,0.10207117352504157,0.2155096377321818,-0.1609429724471781,0.0494574855160262,-0.14445986849299078,0.23436811834383878,0.22683227623811353,0.008050985846683885,-0.13686282691295415,-0.04324029599871178,-0.0782192431254263,-0.1477663631841338,-0.8259955229325514,2.1512746794864,-0.983761319053187,-0.040168296563435284,-0.18814841321641496,0.27856213372555844,-0.1951823097594363,0.21987274962738523,0.05949834198072487,0.22684027206475502,-0.09578937799230744,-0.3199453710089895,-0.05632557574803519,0.20032256502883944,-0.21072447817550644,-0.046574674721433486,0.0722198277968268,-0.1757909530389396,-0.1897899684861349,0.13961937346926978,-0.012831233090454057,-0.02307544292013498,-0.03705511267958395,-0.19791943022472647,0.17053164276368396,0.0590419869819897,-0.27816149657116523,0.16872101892643454,-0.034734027077713205,-4.810752688172044,6.414339474650319
43,33.6092817175495,22.6491510816239,6.92683809229678,2.14629950651976,4.13390150211081,-9.32290773384234,1.62733292800061,6.57623775398254,8.16640913246859,6.50007924176904,7.10382505845841,7.76052648927012,7.13532214013094,7.92600518129286,10.4157072612705,18.0442351351951,31.1766947517671,33.1720041369057,33.2524259259259,35.2092582552597,12.9093387018876,5.15777886077112,-2.12903290599826,-4.77985115577478,-7.84926990736512,-10.5195377242299,-7.05492073323622,8.70163880378907,22.5482003956505,19.1708732794495,10.8846351882121,1.0937405330086,-12.122280707219,-5.99623240307089,-12.0342420008181,-4.97553646861933,0.468029468843579,4.76787272392388,8.39495228376247,12.9372712064686,2.29464476298403,11.1073285845068,2.69500684089442,2.95778911288093,-0.0794614736358234,0.07481176045133307,-0.02096105808511911,0.08644123952550557,-0.07888076831937589,-0.06927616071310037,0.08749776429920202,0.09399300420952954,0.0021903024822482447,-0.11289414768451625,0.33268554481890644,-0.42562742142825893,0.0972656405541861,0.0851576576108692,-0.03687781789573,-0.05195736927905555,0.013376764670950543,0.005175651654107082,-0.9857951908821172,2.0675516127258833,-0.7593871711801256,0.12227824355405705,-0.0017491175895899844,-0.08748881069270582,0.0470770349518842,0.0020864113557655054,-0.02202721317665931,-0.17494593863970503,0.2910419314915193,-0.24647724981664138,-0.07027807985395612,-0.12015913378910092,0.07238911137970727,0.1395947954898718,-0.175847942789124,0.29006982824855226,-0.14519177637364256,-0.19759569101554247,0.13442252479519476,0.08538637571489208,-0.09905604417323198,-0.05135104589041658,-0.11888365267303487,0.06282055119067796,0.022368996017699126,0.022062202193059616,-2.483333333333334,5.765624504416318
44,33.5104430698605,22.4621967631578,5.3539171218623,2.801806185,7.18280847947667,0.239652807595097,12.7682547044974,19.2136709264552,16.3332826442317,14.4978780801711,14.056292030816,14.212045053981,12.242933300036,11.5143650385418,8.95213787222344,11.1515369688056,19.101511710051,27.4383828769721,35.2092582552597,48.0562365591398,18.4075291950831,10.6326947521834,1.05849268589624,-2.27949122452057,-6.60720516371827,-10.0815697506231,-6.89789158191917,9.21598178347367,23.8894541855531,22.5783308461579,14.9051882810856,5.17752939980513,-13.6125733832265,-7.30965286777773,-10.2846992914615,-0.218015792239326,6.29381068020537,10.7333068738611,14.0573713875161,17.9163248177824,8.87786201941638,16.2656206479081,6.08781830193813,6.02534973046683,4.31623195141063,-0.22389425818668995,0.10430720912455799,-0.005716963539993793,0.018095931511950505,-0.09763854422285004,-0.07136067811102026,0.08363436994394916,-0.1189309872325803,0.06614746781905426,-0.2380823529455396,0.13853076469893072,0.001220262555997665,-0.013343335485563101,-0.06072235373346869,-0.0446552322798709,0.18165360724784652,0.22166198735433915,-0.03945059101388358,-0.7616793576015286,0.8898502962206624,-0.17676853932938938,0.017411062966316643,0.12745520771718175,-0.2680995191159452,-0.09526672897127748,0.23608153947537222,0.1438622051405473,0.06716338488941823,-0.05736189214632718,0.03726665419088513,-0.08969594050220522,0.04274997322526633,0.0459036125449805,0.16136272422259657,-0.22482451626852198,0.07448224962544392,0.21006556908524376,-0.20392357086036292,-0.03294637341692818,0.24184632782128074,0.002918742523940706,-0.3226397105251665,0.12381509601735731,-0.09285108866896,0.039416422020825743,-0.6236559139784947,6.9315392633339235
45,-4.35209295361241,2.32543310246578,-3.05948499588031,-1.09804404575207,14.8507804206934,14.0657551018554,15.7425180980482,19.0584178013465,9.02122101671726,5.9026753761875,10.4795815917353,12.0153714121196,11.0623099895429,7.59356192466531,14.8533165487315,14.2633678029669,14.8433860206737,12.6484380747241,12.9093387018876,18.4075291950831,61.9416129032258,58.864684748362,16.5909638735375,5.53078701316791,3.51630490693998,1.94762447602027,3.2306104709312,11.1161199274656,18.5232041636902,20.556390024248,11.0237950174154,11.731368469638,0.429998457761799,0.153750580576605,-10.9748329484116,-2.45325525418868,3.17447833058282,3.78430074109006,1.36883033882871,-2.48258426656651,-8.2617039327042,5.73589408556116,12.8583201080564,17.6337674992606,20.273916240521,0.05490015420167193,0.005792816725727279,0.17775160936018866,0.17860397786223658,-0.0975699209890012,-0.1669060346406108,0.13810702317736584,-0.26881144517318284,0.19604157396986321,0.06944492037027168,-0.2371258303497704,-0.09354631093250648,0.05972320118497401,0.0016827306072312372,0.1232470781279058,0.04143820413038626,-0.33044807849811975,-0.1898387304482412,0.12270909372052652,-0.1775762106626383,0.9617577098223924,-0.5922042583579461,-0.07316889341567646,0.25386168925442937,0.006433701580939419,-0.2572665670351669,0.014455668109393048,-0.05123237321855071,0.2453089475892027,-0.11107895082299264,-0.06930530639846082,-0.07737330635263397,-0.10818834283807699,0.11164437136550624,0.19343253654225664,0.07225984553966627,0.00204130837316865,-0.06299520391101317,-0.15929993655552704,0.05311269908943672,-0.10902127004838244,0.36155334573439746,-0.21580006284335226,0.14683397807880366,-0.1916364582613557,-4.719354838709678,7.869664090876166
46,-7.6533998187937,-0.394653148303287,-8.33590879045572,-4.51517623750077,10.8921968961523,9.48381447947759,11.2733965194171,10.2802151067275,8.55124020480243,4.44909162095553,10.3283133098801,12.1575858844786,12.7390797374046,9.62009772033679,19.7371147125614,10.7242285114679,4.91578048715235,3.23664594240906,5.15777886077112,10.6326947521834,58.864684748362,70.8647909199522,27.9245476100789,16.3840847702099,13.0418201505834,10.0367732279239,11.3223788381659,14.7494817501656,13.3842338086145,9.57944147779415,1.43609817370625,2.96741464872655,0.648317861839952,2.32184233689048,-6.63089239312217,1.06460375400833,5.9912070940648,4.6546240034723,-0.110021371403034,-7.23002046732737,-11.9744405079419,5.57050300830009,16.438924773737,19.3933125625005,22.5369227346174,0.03675266284315385,0.016624508662860835,-0.2061212595505116,-0.11014273532504555,0.038671785866551074,0.1535198128932487,-0.12123601550599722,0.1682946623258691,-0.2725500988456445,0.2131254862549059,0.15544397053153342,-0.14436729097523396,0.005886755838769615,0.11894085678141285,-0.19784870012620887,-0.07299768803126598,0.1364044360306025,0.27983063693854393,-0.0011418188779404104,0.017518530919053657,-0.592739896827637,0.6887778840628971,-0.10397504631810506,-0.10907711490017875,0.038936817402475246,0.12225368874039659,-0.07181846975736149,0.024119207822098213,-0.22393944976422353,-0.022325380348789572,0.016413664688651596,0.08599712299864933,0.15980927833645178,-0.2665183079148137,0.019484989652122402,-0.08030439785350928,-0.02097419802158476,-0.028769034736071456,-0.020497635108369088,0.11996055011962661,0.08358963749554862,-0.1854352956066293,-0.05775731148515153,0.0490444938287691,0.08017913938493244,-3.9629032258064516,8.417528789374717
