,Cov_0,Cov_1,Cov_2,Cov_3,Cov_4,Cov_5,Cov_6,Cov_7,Cov_8,Cov_9,Cov_10,Cov_11,Cov_12,Cov_13,Cov_14,Cov_15,Cov_16,Cov_35,Cov_36,Cov_37,Cov_40,Cov_41,Cov_42,Cov_43,Cov_44,Cov_45,Cov_47,Cov_48,Cov_50,Cov_52,Cov_53,Cov_54,Cov_55,Cov_56,Cov_57,Cov_58,Cov_59,Cov_60,Cov_61,Cov_62,Cov_63,Cov_64,Cov_65,Cov_66,Cov_67,Cov_68,Cov_69,Cov_70,Cov_71,C_0,C_1,C_2,C_3,C_4,C_5,C_6,C_7,C_8,C_9,C_10,C_11,C_12,C_13,C_14,C_15,C_16,C_35,C_36,C_37,C_40,C_41,C_42,C_43,C_44,C_45,C_47,C_48,C_50,C_52,C_53,C_54,C_55,C_56,C_57,C_58,C_59,C_60,C_61,C_62,C_63,C_64,C_65,C_66,C_67,C_68,C_69,C_70,C_71,Mean,Std
0,103.615397401434,116.806921980386,102.061119305452,81.3131417689074,61.9465247821636,41.258652624207,45.6014351627169,47.656298293695,37.980174208487,6.51424771253117,2.61509466551646,-4.05067250013651,-5.59483684318306,8.66257988969001,5.74874783235595,5.48963262292662,8.59958753460418,-1.04685977373548,-2.16347849453744,-2.97161640116468,-0.146017672999743,0.445780439980746,2.53122311045127,10.3900546349322,23.4351325860536,16.8545207481229,12.106447619753,11.7318031517068,10.3501425708028,14.275589471248,24.4777283439144,15.5947028799317,9.61768450768687,14.8626732808348,9.45220185364048,12.4127810832755,11.9221736401681,0.881706119987811,-0.653514251530197,9.58697594215701,12.6347113762867,4.94051890267922,-2.30618669643845,1.63149592935224,8.56186985531129,12.7152590177292,0.0055389808209114,-8.63131936673064,0.26985852416972,1.3941496769913924,-0.5111943926211643,-0.4672142476324315,-0.07698121532036267,0.06766174519937605,0.09396927822736965,-0.223191663228072,-0.42591405892702866,0.1273998807181425,0.37854312937692075,-0.14656243010327724,0.03447991920863591,0.07578502813898876,-0.2955320904606209,-0.05139981957756786,-0.07893692642629657,-0.16221654881199704,0.12122348957196286,-0.3197085462679564,0.01530425586954322,0.2904662643120447,0.1636003544106179,0.42196114629868375,0.2404639321089777,0.032478478807730235,-0.052867303531964505,-0.012276095659782525,0.08362955312059094,-0.04394928804769141,0.012784776665592027,-0.22805943847473611,0.10646486965640674,-0.08494190055367935,0.12014120413939215,0.04004834836774609,-0.25007220463692065,-0.06334292608422475,0.23857403286311663,-0.4981969328485459,0.34331593703128044,-0.17023879250722626,0.03903234924165357,0.34430352587918395,-0.05375564780253885,-0.04340189908814395,-0.04200967563619964,-0.18330242658137186,0.23658308219099855,-0.06813706814698701,1.587096774193548,10.178673656298923
1,116.806921980386,161.129779569892,137.30811167005,107.203560618702,83.406783050461,56.7214977128664,56.437613307007,50.3041628241996,36.4817878753598,-0.385460165544819,-7.0055283140111,-8.91873184651468,1.07424601007583,-0.504273087032383,-0.79388486029341,0.660695901946819,3.25460582512815,-6.34221854326085,-4.79676598452842,-0.705641000919508,5.30414279057782,7.41594950463027,8.75112945245829,18.0906949771327,38.0405900536126,30.519886046243,24.4358094180703,22.5341476771337,22.5848182370825,22.044863889162,28.3447744446682,22.5690164889663,9.48046902927719,15.5345014893479,7.15055459939177,4.8123742485186,6.75037097280098,-1.91005493672591,-12.7140370200394,13.7200981169391,4.40433189570037,5.85822289273701,4.86820188861634,12.0800138363145,15.51541934962,17.2388081889275,1.4336667487247,-9.70360144765849,-2.88282613470532,-0.5111943926214055,1.0815218116797665,-0.9324828727609791,0.28972575283580876,0.07478689974302435,-0.07776788720575585,0.10736366322373365,0.11895197944818908,-0.01107826434357185,-0.1779530616463175,0.14132796799153313,0.07816402139308529,-0.16853038598404538,-0.0013612558651083608,0.12380727114766157,-0.12553662528148735,0.2392840738422448,0.14955418650340685,0.04370604494648527,0.16685762491593753,-0.07999654127695895,-0.03058573699562969,-0.3584356967454189,0.10114803893887138,-0.11317640059219618,0.16436198385453185,-0.08917906816467264,0.1620431230320792,0.0005876799619539531,0.03680834245358831,-0.186850452099141,-0.32960647110253927,-0.170535828939432,0.09902964344689769,-0.03152641503514756,0.0881248232162974,-0.16601124338991877,0.0031311082349426683,0.49448598203345095,-0.29387996451461057,-0.010056496971725242,0.13414656777771736,0.06302180849568051,-0.13714758405463284,0.10677746919318712,0.0366004872755504,0.0591505876002839,-0.17433314730294702,0.13341035015827218,2.6026881720430106,12.693296639167169
2,102.061119305452,137.30811167005,133.336925709531,118.341272369935,104.181788673796,72.2876507830191,64.9464075774406,53.0103491008004,29.7789432307051,3.93233470087823,-5.1787248327588,-5.95871096545403,-3.31842326536048,-12.4389171078095,-10.3381411654933,-6.22151824632867,4.0390081372875,-1.54996761611397,-3.73041375685744,1.83850146465152,8.04028169030035,7.61409566641143,5.04241931157741,18.0413300396071,35.7948684646885,30.9896594810443,25.621630401161,23.5098452348481,24.5766052615378,23.677561861556,25.6206224734503,17.0805511080992,8.51775774319263,18.2777750978871,6.86557124170614,-0.665886732519538,3.17237467357893,-0.689669761921239,-10.4413507314533,9.90559480174882,-1.22788498824155,3.3674530247247,5.71594335408922,11.4912012264997,12.9089764768696,11.7165023272791,7.04541281757233,0.648416420900712,1.94066595644689,-0.46721424763216074,-0.9324828727608856,2.623459326167425,-1.307798110887572,-0.02481550603790702,-0.11621044541333563,0.12207212462628857,0.1374747432305024,-0.13593831631651387,0.09023655729604761,-0.18861474758980273,0.00126950455107115,-0.017378166547648413,0.0936584989304156,-0.06535112195097971,-0.04918879297794421,-0.11981931397141309,-0.04321475983975742,0.09672366410427903,-0.29338309046483474,-0.0008241480832174252,0.11387074519495524,0.341279176494182,-0.0901455665016299,-0.019770035466633973,-0.39703246521140856,0.25477778037054544,-0.29138267669556495,-0.016595748075652898,-0.09421185564079514,0.23670157342405254,-0.06566829424875857,0.0691578353976951,0.08222973779619025,-0.19519894256760792,0.11733476690074389,0.1874551065735329,-0.07953563280498228,0.1713792072561861,-0.1420938423815244,0.3215578169991862,-0.24132719176320838,-0.01695505992439726,0.10830414279053027,-0.034488477464486036,-0.14657681888273338,0.15795965163145437,-0.058191387695943377,-0.13364245644967665,0.412173579109063,11.546727922209438
3,81.3131417689074,107.203560618702,118.341272369935,124.96702183454,127.377610426819,90.3934129375914,79.6223784820602,61.0810546893764,24.4583194465207,8.38554324722997,-6.74545555500236,-4.85317904940202,-8.67275770101982,-24.2133506402212,-21.6947467709408,-17.5787074030968,-3.73007016539513,-3.99583612843266,-8.13348940785263,-2.44481633965308,9.21742549463361,10.5782700592252,6.19251920204341,21.172036980866,36.4710615967977,21.1450731208557,18.348748994317,17.1621536020644,20.0254613311303,20.7947157233064,20.4608350986326,9.1555491629143,7.70918895985371,20.5350434258302,5.28269879439224,-3.5514754695072,2.28527284188305,2.17504954320408,-4.91271221622789,0.714135807199562,-15.5627770114788,-6.0857844213944,0.74016651398636,7.14501815072986,6.48175364526722,1.70383341717678,8.13529860052564,5.89435937296454,-0.63306008569223,-0.07698121532022915,0.2897257528354653,-1.307798110887736,2.134774941551578,-0.9505746315894051,0.28429096078297045,-0.10813103883032094,-0.12840155907941117,-0.07797138644954053,0.18860445766363135,0.0639321621385061,-0.04635213216878741,0.08582144971835709,0.2472609734015752,-0.07506786189409205,0.01584263874971162,-0.19357135003922482,-0.3116181613943402,0.02119171642030224,0.1014772913260001,0.17724282002005354,-0.02969404888876065,0.0823038739154841,-0.1993590033335919,-0.21459088596409265,0.09787050393362119,0.1305051070863826,-0.12968612630766205,0.10242370127492707,-0.018148613623617957,0.13187734017200417,-0.11130119567358905,0.31046616156453233,-0.5352223873555512,-0.07419440455352681,0.10981649874526297,0.26529651595244863,-0.19211509726750184,-0.07347816829173884,-0.06532979127802373,-0.06396402758111129,0.24638647630210417,-0.10483087219156997,-0.0012220823813750095,-0.11523379743640998,0.1306174612990514,0.0191245635820749,-0.016772512421724808,0.15072868280295434,-2.689093701996927,11.178417680268538
4,61.9465247821636,83.406783050461,104.181788673796,127.377610426819,153.141249119182,116.641536334366,100.032615917546,74.751619802333,25.9355188216184,18.8568251002196,-2.73267664660067,3.40283542899181,-4.10218786951645,-30.7962256984487,-30.2112942745784,-28.0633937157285,-11.6088389858204,-7.17686737463414,-12.9794436518418,-7.20895019628459,10.0502499851179,11.4659429902743,9.67368188610481,23.8405799427121,34.6186808632987,7.78297417997048,7.92923092091457,8.61622554496214,14.5488586377028,17.1726168648884,14.6623606690761,2.1490166182391,8.70773230408757,15.8969560303961,-2.78011703478137,-12.5020206307831,-1.72538019614779,5.63865152361611,-4.18154176060489,-11.1767891739044,-26.8095832235526,-7.50932174310819,-4.72668102078535,0.664975569621354,-0.573476227431368,-6.95332779232267,4.89919938183078,6.74452081847626,-6.91422843967032,0.06766174519918566,0.07478689974346255,-0.024815506038370117,-0.9505746315891388,1.4076696161757967,-0.7232110268284626,-0.07761015411213985,0.12535044831068234,0.13653931458205673,-0.19276171946120269,0.37361953328359276,-0.11742254032322688,-0.0940864099680693,0.030987744378802317,0.016758233052081576,0.2820717386702281,-0.1420605445071953,-0.07098718471549006,0.02684105959656633,0.16043207348365288,-0.018543881144406946,0.04894914715905893,-0.31401832570118327,0.20622645883652208,-0.08119901244755355,0.17782942036742275,-0.15993602463863552,0.4074254416512127,-0.35467280875724844,-0.1131005750301943,-0.0765471982089235,0.4519619524529634,-0.13455387837796626,-0.11006789528288854,0.06821282644836218,-0.14847670019925205,0.02569385447383101,0.05892345420012439,-0.01625337875891299,0.11215038378348664,-0.20623837644480916,-0.09931667327255297,0.1015729208866756,0.15207059924702832,0.07030412732881389,-0.012433393348246316,-0.10019030044118697,0.0480870917594708,0.17707553611293872,-5.193586789554532,12.374621170734146
5,41.258652624207,56.7214977128664,72.2876507830191,90.3934129375914,116.641536334366,122.90019539841,114.274076842445,99.9584224006443,50.399349795949,40.5454311343541,16.746218641749,-3.4599571179906,-11.594953953924,-27.7871537200479,-26.6510104041505,-22.7573475268849,-8.43612269184329,-3.04399856807641,-8.0892857671434,-4.95966389492031,6.2021518419559,10.0452707516077,14.9223444975133,26.460355772699,28.1658516881554,5.04852130705837,9.51764349584554,14.872106006125,16.7873743421203,13.6472233624419,9.50250271118043,14.9313871726913,15.4849101637552,3.78573219780721,-14.5675679806673,-24.9991866792737,-5.40954784806678,4.52197354883443,-3.46112677658696,-7.62164809916469,-8.98770668851069,6.42486555289967,11.3752272967353,10.4476184802511,7.40116610415357,-0.648083399605793,10.2646181020473,13.9281754239901,2.97072495857977,0.09396927822745747,-0.0777678872058627,-0.11621044541317281,0.28429096078260696,-0.7232110268283409,0.9399790437219394,-0.13575826029941687,-0.11590962741338738,0.07247017019992127,-0.009458387497350229,-0.3254085837461609,0.040138389020542946,0.12827081797710949,-0.10493955143425907,0.07766362437794075,-0.023512455295271396,-0.057208266716976236,0.15066830569126435,0.13762243227276733,0.005730151461994321,-0.1544837552633472,-0.05917772192435633,-0.023057342162436555,-0.17675971243476538,0.1869351312554219,0.15143644963946312,-0.02520511143770614,-0.3249742925159966,0.2514495913253572,0.07620606240228352,0.027236563880653042,-0.07311677649607363,-0.09036806377890384,0.2651792752236999,-0.12969329290197812,0.32293469092693544,-0.31404061864243066,0.040022440926322796,-0.09948535701582459,-0.06772105251224209,0.2349158049987205,-0.14249724228726085,-0.1908201252000975,-0.01817518792561643,-0.038972045705908814,0.024499952209968066,-0.09066131300495467,0.15675685865426253,-0.3191605936588436,-5.998617511520737,11.08558502734115
6,45.6014351627169,56.437613307007,64.9464075774406,79.6223784820602,100.032615917546,114.274076842445,152.659672542852,142.258040874216,88.426891501133,54.9263734874553,17.9204411808146,-24.1935466936103,-39.9501239158946,-48.471125611911,-50.0108005341355,-46.88103006162,-29.1598610055903,-15.1046693560815,-10.1545029299352,-4.98692027480855,7.36376811467252,10.1288691627801,15.8184828553926,28.4701545575771,44.6543616904265,18.0980983171601,17.3641869076715,21.2107418686173,21.0713436084927,15.869838886111,11.1427219391337,16.0816553229596,10.0386755823494,-6.7853158052343,-20.9189193165942,-16.2490233859733,-2.20363000355359,0.657890010466918,-17.8466640528196,-14.1924619906253,-7.26986538001946,2.22741576160226,8.81449365923871,1.14948983372464,8.17131990026991,10.3486373397283,8.86937837783399,9.80822761614261,1.36321972555885,-0.22319166322797446,0.10736366322372966,0.12207212462600964,-0.10813103882991187,-0.07761015411242399,-0.13575826029924049,0.7108248743671496,-0.37851908731460904,0.12872114901862813,-0.1786457618241722,0.08374158594002852,-0.055259392437726436,-0.009734851857335197,0.12041785288531016,0.053173232502077276,-0.20749221975428492,0.21786982922800074,0.051028876174787366,0.13971977345364334,0.05293331615919879,-0.032697600918998926,-0.13256082993086563,0.07192587792253907,-0.3236821366449567,0.026946698589896175,-0.11465610256316501,-0.18238745854033792,-0.09570801109383312,0.13780473153248426,0.2730308028906272,0.12213667208757313,-0.021610892655099318,-0.09407102699836886,-0.02808744217562957,0.3942471616640327,-0.29083564995818056,0.05954552613642174,-0.03765304865324371,0.24730729792256298,-0.07136169951690984,-0.004382925251053933,-0.1410192773672826,0.05199500800282648,0.09746263951098759,-0.14838565271549617,0.0429767385685535,0.10322957164657016,-0.11658674248982848,-0.047997986360452216,-3.077035330261137,12.355147613155104
7,47.656298293695,50.3041628241996,53.0103491008004,61.0810546893764,74.751619802333,99.9584224006443,142.258040874216,159.36074875954,117.311707490863,68.4981879028325,29.0528119753066,-24.6994512636266,-44.7265145590474,-39.573958044661,-44.2466992268629,-43.9736655809616,-26.3300622210616,-12.605088523001,-6.30533781134734,-5.21834480889563,1.26466959396129,2.92028849420983,14.7455388625564,20.8374816413566,36.3658417365566,15.047697223642,12.8351836663371,16.8842937573744,15.5831520808354,12.3417458200119,11.2704199548655,15.8731099280575,10.7264040492346,-13.149048029617,-24.2863693654052,-19.4610055241001,-2.57613811223187,-1.16323373198216,-14.9487615961349,-11.4819063113374,-2.26891320084862,6.0985753668165,9.08576433139832,-6.89221095944552,0.768739294410696,6.77387936059534,7.83134407698224,5.35097359357749,-4.89759592668701,-0.42591405892715706,0.11895197944789608,0.1374747432313513,-0.1284015590798651,0.12535044831084632,-0.11590962741356141,-0.3785190873144243,1.1773541881597611,-0.6304091999801755,-0.08855022922257706,-0.19195193133128746,0.07755885118932573,0.04758095712750535,-0.1691051141095357,0.2461734579710358,0.20926842755861225,0.11112783643900619,-0.15966931503175755,-0.14204015979426501,-0.16861910400663443,-0.5123599190382869,-0.023827402474606827,-0.4597300857125575,0.2448467911833188,-0.19315923286006928,0.17709779120004351,0.10721604380625795,-0.010529363175912161,0.007334832855099356,-0.09343815527589976,-0.042968940377014375,-0.049666457143672675,0.14580604757046764,0.01664042577572093,-0.012843896200473595,0.11555716014566324,0.0686392809636772,0.057366847096037295,-0.25327203977161766,0.17607917412625637,0.029541665208509833,0.10748377375743083,-0.30600370322977527,-0.17333968056345078,0.1321429342698913,0.11682655838038745,0.20358226357261897,-0.16206154798025954,0.06627280066337103,-2.3672811059907835,12.623420644165337
8,37.980174208487,36.4817878753598,29.7789432307051,24.4583194465207,25.9355188216184,50.399349795949,88.426891501133,117.311707490863,125.540638590203,52.2877479663887,21.3136010078625,-20.826119858643,-26.6372750914837,-10.5295402968214,-18.3570090350231,-23.9484626220354,-12.8687688474273,-7.24809403742314,-5.60718422534016,-10.7085385228752,-13.1471430426697,-10.566599233323,4.99482096022673,5.7397368061953,20.0091579350971,8.28503160165723,4.10948493003487,5.90935889769223,0.187798607448568,-1.28120058267011,1.31810451114543,2.95033433996652,-1.98800406415802,-28.8748434918132,-22.9258085859836,-10.1196461540764,8.21696828484251,9.09805891475696,-15.8827896050574,3.61617683004697,18.3547474042854,19.0547756670758,8.42547410240499,-13.102482169268,-7.21103839044438,-1.12964543450319,-3.96509601620317,-14.6637032450238,-10.2830118541766,0.1273998807183515,-0.011078264343142514,-0.13593831631757186,-0.07797138644912821,0.1365393145820448,0.07247017020004075,0.12872114901858894,-0.6304091999803149,0.8332539404111989,-0.20636407249524025,-0.008834226744127895,0.26588369882820334,-0.12051778800862344,-0.1135983926405508,-0.06065631444960669,0.2794575878983765,-0.18159690291403177,0.049902926930696985,0.2001733215309933,0.21484283024295286,0.4437630503605946,-0.024084234244059862,-0.0029080868601864874,-0.29922666060755876,0.227188069539804,-0.217652367927937,-0.1316163607746908,0.1323141580079367,0.09117615167018225,0.14608243010114122,-0.12560041700045263,0.22368853136578057,-0.07519066551085338,0.001609702062873409,-0.07075799540574265,0.09503579199446556,-0.23860641834230412,-0.0437159416062431,0.25803771231368083,-0.08254963181797774,-0.018991145316653496,-0.2813936606150265,0.002216846173967544,0.18972062710814697,0.1383834651201388,-0.09564252987207927,-0.25997001853489543,0.18283846052273164,-0.032674742378229156,-3.8827956989247308,11.204045634957184
9,6.51424771253117,-0.385460165544819,3.93233470087823,8.38554324722997,18.8568251002196,40.5454311343541,54.9263734874553,68.4981879028325,52.2877479663887,69.1647544802867,45.3249278251034,11.8481841787966,-8.03562870403739,3.06948342120598,5.93264590044733,8.92158994793766,10.8474294896514,7.8284310722922,1.17804524520636,-1.33969042577626,-3.18314916583804,-3.51169866760679,4.6362907259534,4.70797975918555,9.87288613492208,-2.1080159459955,-6.00131928582196,-1.65160621055916,3.70679286518515,2.7281688183172,-0.11855505283721,7.50895881596451,7.78387192503544,-11.9545901187435,-16.4371876309022,-14.0990648833345,-7.03093053360054,-3.8842377829954,-3.42536861311798,-3.36982636517912,12.7975639182042,14.8378647668885,13.4375541389135,5.66179467334577,1.36703645765085,-1.34353104511828,3.02844704566237,-0.915401553500561,-14.4614053823413,0.3785431293769416,-0.17795306164633387,0.09023655729595426,0.18860445766377193,-0.19276171946115245,-0.009458387497360738,-0.17864576182425823,-0.08855022922257834,-0.20636407249522476,0.9169797638046251,-0.5096265377948791,0.0701298833234972,0.10893863519170269,0.015624824632467853,-0.1977250883405759,-0.0430888931715173,-0.14359361444242436,-0.4028344044348851,-0.051958835273176865,0.11760013159084667,0.0715977616487475,0.19425611685577912,0.3487820638757167,0.46392954219198884,-0.46962136223551815,0.06659998161943821,0.13131994331916996,-0.018171008619147992,-0.11318469517524692,-0.1869432669044395,-0.07668399017755487,-0.14334450832619966,-0.23724713664671554,0.029372615593551095,0.010596483578501886,-0.1695885385804767,0.21351569814382163,0.0005907387396138118,-0.050073732910132986,-0.08489262354736493,0.21368827198815107,-0.002737363510495339,0.29642510890860646,-0.0919574015350979,-0.1324487630834605,-0.02830423419066214,-0.00949982409921474,-0.024676147842719036,0.14416481941055861,-1.8188172043010755,8.315933770797287
10,2.61509466551646,-7.0055283140111,-5.1787248327588,-6.74545555500236,-2.73267664660067,16.746218641749,17.9204411808146,29.0528119753066,21.3136010078625,45.3249278251034,69.5831756272402,55.6231650599327,34.7804981181728,27.8793575593856,29.9230646827925,33.5547568999536,24.7000851492728,11.5591216409099,2.91721448528153,-2.06376672920997,-8.29807407246581,-7.87127731169397,8.9821203947692,3.36913908771858,-1.07370035489852,-7.96715007225265,-11.0064622694442,-8.20205754625862,0.769531598648678,-0.63252276602462,-6.74565782177466,-0.452171453572321,-0.592653445185068,-10.859257197281,-6.64327116571707,-7.3663624844682,1.43921216482204,15.0037303994267,-7.88499545994504,-10.5872608254212,30.8140204625041,15.803355366037,9.79992915668222,8.04512441689218,-7.18821085381569,-18.4170946284879,-12.5168226214979,-7.12499328727437,-7.40871122856357,-0.1465624301032837,0.14132796799165892,-0.18861474759012387,0.06393216213878113,0.3736195332833314,-0.3254085837460381,0.08374158594001994,-0.1919519313312546,-0.008834226744211745,-0.5096265377948537,1.3644526350742439,-0.770867186605561,0.025693484243034276,0.3389611668689106,-0.01741530323357958,-0.34868414423689315,-0.08563464502724283,0.37660771410736105,-0.23591656830085728,-0.305025812429141,0.27074860900140524,0.22953010418154907,-0.1789256801491591,-0.3436347206828577,0.18373736237509342,-0.02951610183922781,0.20225811042571076,-0.07399623237056165,-0.17062529411856606,-0.08938634688378157,0.35337612129316914,0.14699554232970694,-0.03046358143167104,-0.12536482072026717,-0.07052001928163172,0.016782844822193544,0.030683242355735246,0.04870601597781043,0.13703534610709162,0.012889193774189988,-0.3704291966430833,0.49129381136631595,0.06691474983350006,0.009392460974230897,0.06508103001313367,-0.056321903276794025,-0.005684923835361571,0.016934488725934744,-0.015655919372013643,-0.4672043010752687,8.341053628123976
11,-4.05067250013651,-8.91873184651468,-5.95871096545403,-4.85317904940202,3.40283542899181,-3.4599571179906,-24.1935466936103,-24.6994512636266,-20.826119858643,11.8481841787966,55.6231650599327,95.1974940262844,92.5774155690883,58.0497321186409,58.815112245364,57.4660386473846,37.0602661180643,11.0717308299093,-5.27775682879272,-9.32861587731693,-10.9919314092791,-4.7407265770909,10.5691646538698,-1.64709912236447,-9.09018275349928,-18.0789997341457,-20.1303049399193,-21.5523096856994,-9.26463043893417,-7.50177892102985,-13.0223681680836,-10.9182198661562,-6.99899481002565,-4.95788020274414,0.669558595806621,-0.588264200682251,8.72467583943419,28.6651796335332,-9.12884579230148,-34.7657434388258,3.03139239596242,14.4719527736953,7.37575709434744,7.28732745194061,-18.6415016184983,-40.0879200651026,-34.1197201870735,-31.771871411848,-30.8396356141769,0.03447991920860056,0.07816402139323624,0.0012695045508259507,-0.0463521321687279,-0.11742254032307438,0.040138389020524336,-0.0552593924377312,0.0775588511893389,0.26588369882823576,0.0701298833234067,-0.7708671866054717,1.2006277011810862,-0.45789247610671996,-0.33856432586199864,0.10011552839393537,0.3466254588955883,0.06967876665060305,-0.13968046270223577,0.0952808353669356,0.1757255306774651,0.08649850488913717,0.08689766100504863,0.007501017723854914,-0.023761160835047434,-0.00011692810801011755,-0.40012685147707444,-0.04601129635451918,0.4141853840643331,0.22161064148485157,-0.0015537207584101177,-0.4110824857964198,-0.2587823630781824,0.2771467788759675,-0.016955915004682028,-0.34748456799801175,0.12011485614403328,0.038972889151862665,0.04802317822532381,-0.021046720832439303,0.1832716337438632,-0.05926854944760874,-0.3246175252900571,-0.0491526660900058,0.06918621965333685,0.005371504370833649,0.22471834622495976,0.0005097843376419976,-0.03197162224414836,0.19135031694784735,-2.3231182795698926,9.756407844400742
12,-5.59483684318306,1.07424601007583,-3.31842326536048,-8.67275770101982,-4.10218786951645,-11.594953953924,-39.9501239158946,-44.7265145590474,-26.6372750914837,-8.03562870403739,34.7804981181728,92.5774155690883,153.476847670251,100.949630947147,102.320136907837,96.393849958545,61.9232309273051,17.5523152465748,-8.67361386357246,-11.7853414413559,-8.55007573200469,6.32732144916911,22.3222801078077,-8.86731055950188,-13.3460901851671,-28.4958458882265,-19.193087421759,-16.4040549892851,-16.4657641686373,-20.3806263281897,-33.8828309225754,-16.4068520539519,-9.40594369059777,2.4617502786893,6.93495006846349,9.20065227606984,13.2406232286082,31.0733130859327,-15.2714574381588,-41.3770158229252,-9.37749184389711,25.0038079206693,25.2639257489221,25.1827215722654,-12.7499659207395,-40.1864411765395,-27.4389839315822,-27.9516607648586,-29.9298896454093,0.07578502813888228,-0.1685303859840732,-0.017378166547396223,0.08582144971823688,-0.094086409968138,0.1282708179770742,-0.009734851857295748,0.04758095712757703,-0.12051778800865338,0.10893863519169661,0.025693484242939366,-0.45789247610663897,0.5765652188184447,-0.11082398616790742,-0.02137503960638366,0.03993926820922162,-0.18886709483398928,0.04800848168859328,-0.09093606982521486,-0.029016063832409053,-0.11735958287916733,-0.2631414886676142,-0.024897817478863483,0.09996762576547409,-0.04429393987832536,0.22896289933630654,-0.09091329589754027,-0.14413049573114778,-0.032232920729757863,-0.05301664305162705,0.3473066984824197,0.21861230203210602,-0.11549633637708577,-0.028091854212211994,0.34703012683059853,-0.04846980003335179,-0.013763937552496733,-0.21663758251092916,-0.13399963742747026,-0.02052121534340614,0.18984529652533602,-0.058306436583810003,-0.03169815588290695,-0.16341328997151547,0.15950924729757368,-0.2474442453975353,0.04591538612785586,0.015442763936639329,-0.12126000509473855,-6.259677419354837,12.388173701972818
13,8.66257988969001,-0.504273087032383,-12.4389171078095,-24.2133506402212,-30.7962256984487,-27.7871537200479,-48.471125611911,-39.573958044661,-10.5295402968214,3.06948342120598,27.8793575593856,58.0497321186409,100.949630947147,124.548675493136,122.116573445255,113.004744970282,74.9018138962002,27.1684473986785,-2.34503625510971,-12.128419265141,-11.8462092871223,1.74927991995092,14.5124033516044,-12.1915614594209,-24.4405710214896,-37.017090573754,-23.087490995708,-15.7525775515334,-21.6186185674575,-17.2546526380254,-22.1843195654311,-15.980313292061,-14.0570712971042,-8.42207526070155,-0.53042465402882,9.3393943499784,-0.19953836107624,5.89155903268266,-5.16280561451557,1.3405588394275,25.5426806674735,30.3562400937961,23.1922898286035,13.638795908916,-16.5973088942334,-43.0104951808019,-26.4391852044386,-28.4647222765594,-24.4032586104901,-0.2955320904601951,-0.0013612558648113892,0.09365849892882509,0.24726097340263342,0.03098774437857285,-0.10493955143403166,0.1204178528850923,-0.16910511410980922,-0.1135983926403315,0.01562482463247864,0.3389611668689914,-0.3385643258620891,-0.11082398616785935,2.1023044483324576,-1.4620483453807143,-0.1496307422954547,0.06093733468037212,0.12045403744509978,0.25077002049883745,0.2195921654296166,-0.03689593634423173,-0.06711950622981885,-0.0739954784949995,0.10256483346532858,0.01668434592778611,0.2968977611445671,-0.029452063410594347,-0.44036369326777164,0.20712841184582778,-0.04410963851825137,-0.0047863413314553046,0.11223745554896716,0.030304431810703397,-0.06079528996492496,-0.4232491715348851,-0.1498116999897555,0.3614579635931589,0.26343917808919914,-0.08208022824352568,-0.010102451324836694,-0.16563980210012852,-0.4593679750569984,0.16305311569143355,0.07238618368986677,-0.05216126653841412,0.2681059284539786,0.12191809037197979,0.0004277687290566172,0.0017544776888069138,-2.340706605222734,11.159689757925008
14,5.74874783235595,-0.79388486029341,-10.3381411654933,-21.6947467709408,-30.2112942745784,-26.6510104041505,-50.0108005341355,-44.2466992268629,-18.3570090350231,5.93264590044733,29.9230646827925,58.815112245364,102.320136907837,122.116573445255,125.471904737522,120.515846400646,81.3322973050953,31.0032820517745,-0.619448017939922,-7.97828447265115,-7.93402263196683,4.70985027726959,16.0616293866283,-10.6829028758375,-20.6021602240813,-31.6801396531776,-21.0145503328961,-14.4382242774927,-18.005658979311,-15.778436861087,-20.4366459223874,-10.6943862997187,-11.2196138981176,-3.03522673798189,0.914795949755679,9.23222577530225,1.76659084688249,7.74221610971479,-3.97148621345984,0.305373961424541,25.4039866804801,31.4274832924857,28.8897141210853,19.6760810507136,-11.7487791473139,-39.03973219044,-20.7500211121257,-24.8234872053701,-21.2882375546879,-0.051399819578175035,0.12380727114721857,-0.06535112194905895,-0.07506786189482219,0.016758233051917672,0.0776636243778423,0.05317323250219648,0.2461734579715018,-0.0606563144499131,-0.1977250883405813,-0.01741530323369773,0.10011552839400738,-0.0213750396064295,-1.4620483453805329,2.6984786865388233,-1.0370648705704768,-0.14730644349616326,0.2884493546236921,0.06958520380679774,0.03931826672577061,-5.810422587547013e-06,0.14924517716915883,-0.31138133343652713,0.04068533217970148,-0.18528654083971144,0.006842465704342708,0.1377506088480933,-0.08338628301450388,0.02412245677902223,0.012323113648431422,0.0013157753942237293,0.009861032168155195,0.053550108061175876,-0.478991313117835,0.34414724695090104,0.0006067031046576163,0.11963686244204054,-0.07993219094680043,0.04356731417161404,0.01349950548978509,0.010616581872793747,-0.15935707101302887,-0.18461528098268165,0.11832183261719893,-0.15332652936557,0.188232435684512,-0.17916683337815922,0.17277221624450143,-0.0985417839962653,-1.5120583717357914,11.200977847381106
15,5.48963262292662,0.660695901946819,-6.22151824632867,-17.5787074030968,-28.0633937157285,-22.7573475268849,-46.88103006162,-43.9736655809616,-23.9484626220354,8.92158994793766,33.5547568999536,57.4660386473846,96.393849958545,113.004744970282,120.515846400646,124.359869419452,87.5336643426022,37.6064490302481,3.39377567773676,-1.6335034902377,-2.25083006897955,9.17911584189288,18.1088185780726,-6.81152092192161,-18.2382039222389,-25.862988569603,-18.0610591640955,-12.4144790053697,-14.1508813685994,-13.5780278646475,-17.3928411802681,-5.25475162009691,-10.7089623620728,-1.13626103114011,6.81780053445602,14.3154360125503,6.64617900733159,9.38100332244319,-4.88938700404032,0.170645252309656,27.3039618417734,32.1132203845278,31.5011938369301,24.8751993800448,-5.04601005561566,-31.0279252214715,-16.3862240038827,-22.2333776582164,-19.8484674815884,-0.07893692642598059,-0.1255366252811324,-0.04918879297869647,0.015842638749712146,0.282071738670645,-0.023512455295331018,-0.20749221975410656,0.20926842755830383,0.27945758789866304,-0.043088893171620235,-0.3486841442367658,0.3466254588956019,0.039939268209218774,-0.14963074229563847,-1.0370648705702277,2.2884039559427194,-1.270303658551876,-0.287803667201682,0.25938410052726374,-0.05185442912162429,-0.13089972453209317,-0.19098454889282837,-0.4031055620889956,-0.18341280711930188,0.034674325254801026,-0.2725190642390245,0.017487252618901827,0.27832364428830786,0.018009125338349394,0.10594370662255205,0.06558650972948146,0.16961857688686283,-0.10949071689335925,0.1282184437354903,0.08042425207287789,0.05780189344433928,-0.1457132922260558,-0.17707882597381872,-0.06331974646305386,0.023754843288111765,0.07115488186417962,0.0885689997873265,-0.0825604118941045,-0.07138873191067734,0.17086062217731515,0.06876492915074126,0.039729079000770426,-0.09036602579653318,0.1751047199815411,-1.390399385560676,11.151227260685365
16,8.59958753460418,3.25460582512815,4.0390081372875,-3.73007016539513,-11.6088389858204,-8.43612269184329,-29.1598610055903,-26.3300622210616,-12.8687688474273,10.8474294896514,24.7000851492728,37.0602661180643,61.9232309273051,74.9018138962002,81.3322973050953,87.5336643426022,70.0539048350523,36.5544851721202,8.84572853033364,4.6160041095296,1.13188951849186,5.96007942753868,7.99028130461406,-6.56693135649263,-15.7760049824906,-15.9417237957326,-10.4303603941912,-6.49685550165839,-7.68639015398442,-7.97389297043309,-9.97649549311676,1.14198431458564,-5.15305111772655,-2.69184916433357,2.93442669364728,4.6298143349728,1.24616864867008,3.20084525055211,-4.19155348530651,8.74204543401841,36.2005237119229,32.2137360160287,28.0683729261226,20.5394023990145,2.18856799054632,-13.3082662810007,-3.87532529725737,-8.66512477677032,-6.94557226065919,-0.16221654881229083,0.23928407384181388,-0.11981931397116334,-0.19357135003890427,-0.1420605445077008,-0.05720826671704832,0.2178698292277987,0.11112783643904163,-0.18159690291415492,-0.14359361444227017,-0.0856346450274047,0.06967876665062463,-0.1888670948340026,0.06093733468109072,-0.14730644349740676,-1.27030365855095,2.755975021616275,-1.224264896164721,-0.07156997365190508,-0.03181066001657473,0.028637314024963213,-0.2682916283576229,0.25740696874524954,0.004269537021519829,0.28767168353158484,0.028490958042447802,-0.041471637987421685,0.060608430842836916,0.04133416328988786,-0.08509112965411024,-0.3010188596625808,-0.029186619022214297,0.3461138342184385,0.1397562654045475,0.19608465137599346,-0.06973705150888336,-0.26653567781129317,0.22586605487312428,-0.011421181865872492,0.1785396051127497,-0.07672315945235866,0.11216864941771845,-0.36751623258147975,-0.01657662072972484,0.01824752848346141,-0.20999418696991226,0.010924439556579043,-0.02746783505156814,-0.1494761546019853,-2.7816436251920122,8.369223669794726
35,-1.04685977373548,-6.34221854326085,-1.54996761611397,-3.99583612843266,-7.17686737463414,-3.04399856807641,-15.1046693560815,-12.605088523001,-7.24809403742314,7.8284310722922,11.5591216409099,11.0717308299093,17.5523152465748,27.1684473986785,31.0032820517745,37.6064490302481,36.5544851721202,27.0198498646771,13.7306710289128,11.947254643993,7.04014799983567,2.96238974230634,-0.476752692487135,-4.95669814563908,-11.6306978768713,-3.41815183390572,-0.486936353710344,0.898559176507086,-0.824597726201412,-2.19106615471546,-2.59619223537084,6.38056571126627,4.42028247590351,1.76642262735476,6.13167199974386,3.1520622503734,2.69569408640879,1.71952192623069,0.34749890255432,16.7604548049325,36.8432097208268,24.2199534872333,18.28149953953,12.256964852029,6.69095118885514,2.56351389248701,7.08428381015111,3.24626128627225,4.37213006917724,0.12122348957185605,0.14955418650382463,-0.04321475983969833,-0.3116181613943933,-0.07098718471543101,0.15066830569136516,0.051028876175037104,-0.1596693150314846,0.049902926930542574,-0.40283440443489565,0.3766077141073507,-0.13968046270237075,0.04800848168853842,0.12045403744463645,0.28844935462463467,-0.287803667202649,-1.2242648961640565,3.026549305756347,-0.5892274336005533,-0.22437334893055733,-0.1248911092548594,-0.31421094300302715,0.050118009486886765,0.23966596649190608,0.624195202474824,0.06429653231992916,-0.15889754244719698,0.00015873309004519847,0.10179199554057315,0.1230098971429241,-0.19209279076185512,-0.16852639381383827,0.08075612484754977,0.3835171258797883,-0.43965919904301076,0.10102966060124478,0.02551817508594992,-0.23374263734531867,-0.0742356164530716,-0.04743052602870879,-0.23373615551429103,-0.12573128878701545,-0.016520895189045936,-0.1243125333991131,-0.04549959183637031,0.02445224952150952,0.1761937670655727,-0.22300337729184377,0.03026984774910118,-4.750307219662059,5.197100139950842
36,-2.16347849453744,-4.79676598452842,-3.73041375685744,-8.13348940785263,-12.9794436518418,-8.0892857671434,-10.1545029299352,-6.30533781134734,-5.60718422534016,1.17804524520636,2.91721448528153,-5.27775682879272,-8.67361386357246,-2.34503625510971,-0.619448017939922,3.39377567773676,8.84572853033364,13.7306710289128,15.8163974380075,16.9305494500097,11.3977417031298,1.32101000783045,-3.81016185462172,-3.36699577311078,-5.81682745038064,8.69058164209375,8.57934453721363,7.61390914586234,5.86078003385267,2.87531371858071,3.48674302478317,11.4452751505851,13.1647063077178,12.4037159364499,13.4707478441201,10.0099743817384,7.46804649667259,0.229982578691558,2.91304387487473,17.8328973743158,28.8100593184956,14.117449851453,10.4658981017808,6.32978951085634,9.31646604480318,14.1654572592026,13.7901519821172,8.88269211102753,11.3931509909215,-0.3197085462678428,0.043706044946378114,0.09672366410371543,0.02119171642038915,0.026841059596517877,0.13762243227280563,0.13971977345336348,-0.1420401597944568,0.20017332153114314,-0.05195883527313655,-0.23591656830080387,0.09528083536711425,-0.0909360698252034,0.25077002049870123,0.06958520380679316,0.2593841005275197,-0.07156997365214868,-0.5892274336003605,3.0605990147944935,-1.1359694421996709,0.08914185226067167,-0.13554612705819608,-0.13365424505150814,0.29060131574792475,0.32277957963926895,0.5352893013677213,-0.0955028166620807,-0.34285470222618697,-0.34834940210825194,0.059532725642094414,0.02245245975207939,-0.3083162867543071,0.007165615594746797,-0.0072266495592692,-0.00835289377481022,-0.12628866846817713,0.07043876084595466,-0.09777224568923112,0.11283414494750472,-0.15615864601711818,-0.1801315320625194,-0.10587413600253034,-0.0025273844884559768,0.178208819606421,0.004742480885933093,0.2862768098258806,-0.6765376300903634,0.42735209450486294,0.04665346241953393,-5.971390168970815,3.975726026527414
37,-2.97161640116468,-0.705641000919508,1.83850146465152,-2.44481633965308,-7.20895019628459,-4.95966389492031,-4.98692027480855,-5.21834480889563,-10.7085385228752,-1.33969042577626,-2.06376672920997,-9.32861587731693,-11.7853414413559,-12.128419265141,-7.97828447265115,-1.6335034902377,4.6160041095296,11.947254643993,16.9305494500097,24.3719324970131,21.7596162461349,7.06833089969179,-1.16496805089566,-0.97753084327861,-0.338989189476837,18.0330323059723,13.7649074571751,10.7082394389871,9.35549357600967,4.39383398008552,5.60865968080099,14.52482417646,18.2737896607707,25.2068764632039,23.8401727595778,19.2061422404849,13.4282427878,-0.459478785145279,-0.379109284752159,12.3623113742427,17.1690725719825,11.4985772729211,11.448833919632,9.99655360603656,15.5581306316632,23.7468559965405,20.6340224087142,10.5600922046405,11.2040599508057,0.015304255869527062,0.16685762491622347,-0.2933830904644467,0.10147729132602636,0.1604320734837334,0.005730151461881965,0.05293331615949464,-0.16861910400644156,0.2148428302427368,0.11760013159079091,-0.3050258124290812,0.17572553067713106,-0.029016063832315368,0.21959216542966267,0.03931826672606816,-0.05185442912193208,-0.03181066001678198,-0.22437334893047448,-1.1359694422000883,3.3986705072880388,-1.3548120207136551,-0.03630948064964717,-0.020891412209217072,0.12458985166707683,0.24661184816601192,-0.6414158383832288,0.2596041183522886,0.07890306610167235,-0.27406634293289106,0.0542122056813963,0.07311837723096318,0.03329821372656115,-0.07967390776734597,-0.20900070059510223,-0.08987081031016819,-0.004636399670612684,0.14786219775442225,-0.09623277942765446,0.19026486094991038,-0.1871804388820456,0.18702995824355195,-0.5254673090530103,0.05641030533577213,0.15657138849067218,0.013861656297375628,-0.04297958049903234,-0.13560917241476805,0.13408008594512966,-0.028263924289394966,-6.631720430107527,4.935780839645652
