,Cov_0,Cov_1,Cov_3,Cov_4,Cov_5,Cov_6,Cov_31,Cov_32,Cov_33,Cov_34,Cov_35,Cov_36,Cov_37,Cov_38,Cov_40,Cov_41,Cov_42,Cov_43,Cov_44,Cov_45,Cov_46,Cov_47,Cov_48,Cov_49,Cov_50,Cov_51,Cov_52,Cov_55,Cov_56,Cov_57,Cov_58,Cov_59,Cov_60,Cov_61,Cov_62,Cov_63,Cov_64,Cov_65,Cov_66,Cov_67,Cov_68,Cov_69,Cov_70,Cov_71,C_0,C_1,C_3,C_4,C_5,C_6,C_31,C_32,C_33,C_34,C_35,C_36,C_37,C_38,C_40,C_41,C_42,C_43,C_44,C_45,C_46,C_47,C_48,C_49,C_50,C_51,C_52,C_55,C_56,C_57,C_58,C_59,C_60,C_61,C_62,C_63,C_64,C_65,C_66,C_67,C_68,C_69,C_70,C_71,Mean,Std
0,51.3223269794721,88.5963323409038,125.722151067554,4.73775384223983,1.17237425309681,1.93674787094865,-0.282694100408003,-4.61870803516715,-0.322526123038559,2.81685600988054,-1.41744998679949,-3.2145708546726,-5.3155440322939,-9.45862973675158,-13.6220802551905,-9.6369250844566,-3.79309159361754,-2.86752083860579,-2.25025278100998,-0.0707708275202464,-2.75895974562323,-1.19215571435822,-0.923713985359348,-0.322243265087487,-0.0054796425295826,-0.296337201079957,-0.412246246788603,-1.80120759131885,-2.06178655173369,5.41925370726807,19.1539898233237,27.4496192740526,36.9822073795079,48.5227093474251,25.605461479888,2.84961697282748,-9.4521026085816,-15.3532953040114,-21.0991738112083,-21.3470227223963,-19.2860805402349,-17.3156810245071,-10.8395304116337,-8.95064741537165,1.626781953538961,-1.6207790694285225,0.5145056257117736,-0.13851920409851792,0.1896468717876054,-0.10822618408830163,0.08066736783673437,0.22128655875426237,-0.08372349155846623,0.11856299505274638,0.09753418274168126,-0.21346528871531875,-0.04544495878633534,0.13399977471627209,0.42105863543869104,-0.3070193124413822,-0.03418757612234345,-0.036945313338996554,-0.01720702633866516,0.04065291695878048,-0.05466827524424238,-0.08544715698941356,0.049015627131630796,0.10031778416363223,-0.011176597956278189,-0.1481122632134851,-0.008704230875390722,0.038931875948928774,0.12715305364340365,0.02481730290841619,-0.07349361876116689,0.0033550324200898934,-0.15031527025372696,0.19461422945351511,0.057621370890251065,-0.031367942388703815,-0.1072556467428364,0.08639017852874635,-0.008406079597903342,-0.017848171877322988,-0.0254046788112337,0.1567128886918087,-0.04881031183145364,-0.012123217612924155,1.3524763766699248,7.163262314020906
1,88.5963323409038,169.605852720756,250.217966007078,8.02029041757281,4.84323721187506,3.88510048731288,-0.898054018145896,-7.63200200570875,0.0197643141946566,12.7948148078128,0.506465553139859,-1.50524891536212,-3.39305950122689,-11.7544370410866,-20.0805303230755,-23.4292083543619,-10.0352593494818,-9.56765539744884,-9.32719723630922,-10.2526686836338,-7.50232276824736,-3.60259297115504,0.0259172310674928,0.0518781950951523,-0.786455354612477,-1.56907968060977,-2.02328934284365,-1.52537345773368,-1.8764283595116,15.326376449622,40.4993264674422,57.4586791423608,76.6674875806688,100.78441264997,55.0987193420613,9.34394204920378,-14.8782999681611,-21.8084415826583,-27.9589810886541,-28.9547186363064,-27.6444285337529,-26.6940351453667,-20.1150897377625,-13.2190897322243,-1.6226416682906202,3.535242099063714,-1.771964480985069,-0.03945064820296177,0.13785472095457807,-0.008887130448135312,0.013013482148348904,0.06709631357673299,-0.001850066421096018,-0.05134582665303717,0.01476814986671359,-0.035156699502328304,-0.04971230489597485,0.030959165121908355,0.13281954213793443,-0.027941817368304863,-0.11700698971424707,-0.05023322716281624,-0.01869102877520541,0.0004941424187611973,-0.003842425147283324,0.03072654134889783,-0.12887557400948715,-0.056617700873385475,0.16087681289586478,0.0734620069727082,0.021428780468962266,0.00839327967567279,-0.018609833838670545,0.024118121163251786,-0.014107629950204951,0.06614088720777156,0.0074840447199829765,-0.07597411284113384,0.031217912159482712,0.006260571310073816,-0.012763475323207549,-0.014243811931721358,0.0033083976552131518,0.015472127156135728,0.004624135336583315,-0.000312725771548595,0.015106739643537363,-0.007840148148190347,1.4672531769305956,13.022897247569599
3,125.722151067554,250.217966007078,374.413075250715,11.3161917718319,8.50032062048498,5.8124235855197,-1.64132129946729,-10.7654276279961,0.399591158972458,22.6664024814635,2.09748950837345,-0.046361832771323,-1.62490207963302,-14.1601486528083,-26.6068276442163,-37.2329441722974,-17.0974530922826,-16.9533693970442,-16.9558352316522,-21.0284565233036,-12.3259321662771,-6.15829719826077,0.912438258102755,0.706921440337965,-1.12154897231962,-2.53771247767227,-3.47658416643022,-1.09525509185165,-1.66841852110625,25.1273161430533,61.8950412348421,87.3702505482107,116.142491095075,152.740982988491,84.2821957166988,15.4820628031061,-20.6499755619003,-28.7450793030789,-35.4479141319583,-37.1910755185131,-36.5533276841499,-36.5684474944105,-29.5740788637868,-17.8521889447488,0.5174951611152395,-1.7740392924817936,1.1663425663927756,0.0030243366770644478,-0.16346635614885674,0.0408826034189122,0.012205744654385679,-0.15046061175087957,0.03921608449273873,-0.04536380380469945,-0.029436339689347224,0.09159051594610691,0.05610816739141558,-0.06094387018051012,-0.21548660494815053,0.16338983215592576,0.10059645138480088,0.049185230962608815,0.017145118231136087,-0.03118514125029422,0.011019716858490009,0.02234621997298198,0.048845626553198504,-0.040197677906998214,-0.08494800299242218,0.006773600812277415,-0.008156231366762998,-0.0062808504458809955,-0.014430569339812177,-0.020016233057454202,-0.03188279742360772,0.04137776617681349,0.3142753778577142,-0.5354357934129725,0.014145809278067682,0.1150190212539943,0.03587892673309132,-0.053624875406838,-0.001965958161900109,0.04469581687520367,0.03230420511805154,-0.06315593459179789,0.031386586930817015,-0.014183912610628027,1.659449332029977,19.3494980619838
4,4.73775384223983,8.02029041757281,11.3161917718319,16.679599724847,12.4628327759984,8.35444832408066,0.795617629355776,1.79128560223051,3.43220615128474,3.08422411251721,1.14335238386355,3.20585118694986,5.39010284697018,3.73841098483701,2.27833107690192,1.81115702404498,7.55666407387601,5.5862083420629,3.83860155483727,5.41226805089605,-3.68673192799448,-3.06501614281317,-2.67710768149196,-1.34900629387634,-0.819460794667079,-0.351542819588991,1.12709116017521,-0.109012506454418,1.05304150646069,-4.05116080635883,-8.18999973044472,-9.53099005990958,-8.15450029801281,-5.23001438618693,-1.95392918575372,-0.681915788310104,2.16052990522028,1.30600257935095,0.369696246402533,0.388715037372014,-1.06023447990784,-2.82471981530024,-1.02430417995099,-4.35557196969982,-0.13903573000381306,-0.043648938250714836,0.00036520799476098744,1.1937140618655362,-1.0133890616160766,0.09629299075587003,-0.06359241149360463,-0.010982368622832753,-0.20490986888069773,0.0673537164027489,0.0386638733889095,-0.02916751007076804,-0.32495663995824775,-0.0031319754217422682,0.36243868006715,-0.3457879573006649,-0.02223709494330441,0.038707529014242535,0.014829272022528643,0.009876764415082458,0.06412520413948758,-0.019577255549495947,0.18163256857179588,-0.04864907702594437,-0.20871921469693416,0.2502312790680975,0.0466705912910439,-0.01554724802210685,-0.09288510107894299,0.0076465103667768975,0.062391971632076694,0.18347586262262225,-0.12240909930468027,0.21662422409717214,-0.3062192215604048,0.1585249619028377,-0.06567339797920418,0.03156330428763389,0.0870686888624379,-0.015326084951397681,-0.12637247229602336,-0.02982848083734023,-0.031117037858826378,0.020768227674403495,-2.3687846203975234,4.082842113632002
5,1.17237425309681,4.84323721187506,8.50032062048498,12.4628327759984,11.4921349516672,8.24597153586978,0.58048774555842,1.7874784829683,2.93135665395441,3.87385364301029,3.36824202375451,4.20954276243629,5.21625602198127,4.47604319067501,3.88339693466015,0.956088817783049,6.03785010420308,4.31835830039054,2.86491719016135,3.51846216583878,-2.67216416864119,-1.70166755773668,-1.05601633761436,-1.49642255622331,-1.54874538496052,-1.24873571356475,-0.205533949699195,-0.897514439657251,-0.0544753594690958,-3.92651214160751,-5.06704524892346,-5.15836840494408,-3.56586582817539,-1.84016761425016,-0.161425394752923,0.264001850621457,1.90120080404709,2.49322361389939,2.82783351415699,2.15769345376082,-0.0051956749384365,-2.29538387875247,-2.02889729329935,-3.80892685633181,0.19290754119186065,0.1303768276886044,-0.159329422944646,-1.0136828896219157,2.5706729264900345,-1.2483840489116607,0.08434249345067248,-0.07332514621465366,-0.19028088232717955,0.0026013561384898767,0.018996099988501654,0.004553668439799404,0.1390352583736134,-0.07866659618805485,-0.475329281620743,0.3110635990398362,-0.12182755401885297,-0.11737042138530383,-0.005143651513967562,0.09523750160412937,0.14895091979555528,-0.13170248083094427,-0.037893885119064684,0.08333653470336412,-0.04096391169879878,0.026337672978284005,0.033431970493421656,0.06772062913194071,0.10870858320220066,-0.01586677072246167,0.08610988552124194,-0.04868645410358493,0.028767598312483815,0.020558319000319535,-0.0894180269902985,0.08294759328722423,-0.05194050059122126,0.14020153482461117,-0.05306586544101828,-0.12466412184588962,0.012467322678417445,0.16616970938077333,0.011188465027344493,0.08545233670729624,-1.8690615835777122,3.3885299101036734
6,1.93674787094865,3.88510048731288,5.8124235855197,8.35444832408066,8.24597153586978,7.53021961550994,1.03196102248905,1.35786729473448,2.21260316205956,2.25219257697799,1.58991047793242,1.38501624791976,1.41446330008532,0.916559019940642,0.507456802502004,-0.273977786412052,2.38873689394854,1.3786577349343,0.594517150022143,-0.489165953634572,-0.789040039291854,0.0217359828510429,0.0699152616055094,-1.53942950476212,-1.78408456103313,-1.84600652052815,-1.47901054214211,-0.88845893927252,-0.4984458923408,-4.02018167036669,-1.69083854798972,-0.994270598503812,0.401537427987284,1.18651622032678,2.09429840473414,2.58569429205243,3.21282064643723,3.92336988282131,4.63895100377823,3.77074405458592,1.76434131150356,-0.220995641718979,-0.026550133012316,-0.973492702077946,-0.10956194080824867,-0.0035395720756326897,0.04396263900878077,0.09345536761524297,-1.2469621273305618,1.4983743930588673,-0.005523721643896757,0.07266616174535508,0.07064324018208015,-0.11507332839177227,-0.052893017690378616,0.03842656919497527,0.07346049520352782,0.06097020987142727,0.150658243170699,-0.10211496580773306,0.013577887228785649,0.06476300125824011,0.0034145924147670212,-0.06283798209650719,-0.0460835543274334,0.08871052019256102,-0.1974586765475557,0.12617069969833583,0.1375621668001332,-0.11989054109059005,-0.038275174441052835,-0.03060738560837556,-0.06171866114100958,0.09502748514691668,-0.13872347869855647,-0.08396530422498673,-0.007993957170242219,0.07136636198163375,0.15335147977938768,-0.2792162151977248,0.08553779196193391,0.02335463669378134,-0.21820587728884488,0.17229244389916998,0.07366047434651403,-0.044932449043048064,-0.06620224510752037,-0.01818534017358699,-0.8854675790159658,2.7423018826361805
31,-0.282694100408003,-0.898054018145896,-1.64132129946729,0.795617629355776,0.58048774555842,1.03196102248905,2.24773630570942,1.27492174263814,1.20801725742773,0.742198331602414,-1.02666109355067,-1.48220423215736,-1.48760785110372,-2.34794848180778,-3.19607521181507,-2.69821106107694,-2.10612791348561,-2.38946805605266,-2.50824153089476,-6.50762764097824,1.72019665676012,1.5598622985256,0.549182121585213,-0.946884024665899,-1.58997969129845,-2.0784242134649,-2.53338142538901,0.176461479420004,0.0725838218697497,-1.07732379461531,0.657311958090042,1.19107785289748,1.60447636951606,0.988083727905536,1.2877640018619,1.46135611911175,1.15741489261546,1.89276436945925,3.15613850386622,2.76724411031949,2.15074494117216,1.63836301709056,0.958636296850017,1.7980183409598,0.07323279293626168,0.011185059186886781,0.010001448950269012,-0.06260840467882524,0.08487498040051378,-0.00515163635921748,1.3337124040242896,-0.2341013679652177,-0.44030761765294074,-0.10405430521191605,-0.04602060082534169,0.13170409650013673,-0.11439793879051295,0.06341320943186282,0.28243579303750294,-0.06926449554654567,-0.04664214657439569,0.08279163688765474,-0.02020699086606968,-0.09858237590868685,-0.03876389968873587,0.037831716195841074,-0.07869201633602836,-0.08389070204158265,0.06646563996699814,0.06506494251628933,0.07748947826681798,0.04336451557171373,0.08955061929837556,0.02309166702541171,-0.03737307189637595,0.15206562881702934,-0.0060072574337706585,-0.029097044742341382,-0.14419886364494103,-0.11623009207296073,0.1563576615757978,0.013596172095117058,0.012988310218669266,-0.03506928549794039,0.0649645998694873,-0.04945172156267832,0.09647703640564682,-0.15628856631152105,0.5981264255457803,1.4959065163670568
32,-4.61870803516715,-7.63200200570875,-10.7654276279961,1.79128560223051,1.7874784829683,1.35786729473448,1.27492174263814,5.01724731182796,1.78628999991355,0.329461871267,2.52533667488586,2.25529058532684,2.04227301422136,2.16833201677585,2.23310072908085,2.11361110093082,3.61075222690485,3.23095743537687,3.20266644469731,2.58024996108279,3.76945511255222,2.68572029993377,1.21118307930727,-0.0367729789153551,-0.267498992573694,-0.181035392025921,-0.0122153048388652,0.615639277934442,0.835813617876934,-2.09798778548759,0.668143230153909,1.0225145700462,0.232227944031774,-1.4110674971339,0.342323760902045,2.51717114597198,5.03355108241646,4.10812485750985,3.86705699135308,5.26239280449928,4.56351338964305,3.94702140316996,3.7690622605706,0.545657636331991,0.2216662487597502,0.06414270951032632,-0.15141902068850305,-0.012470079833693576,-0.07339218105824369,0.07284379237634905,-0.23547795280948625,1.0021233525115336,0.013957432074798893,0.07765841808555349,-0.04313840306929012,0.03240514441699632,-0.17823901183133556,-0.023223698641674517,0.24811734684240996,-0.180257466863156,-0.16368460467581028,-0.06846560020490726,-0.09409770448272259,0.15218143508461637,-0.17610985388219835,0.032834096779672556,-0.039243777383995794,0.16814646012725457,-0.01983343140729673,-0.08554335073263765,0.012207468822487643,-0.0749792344106426,-0.033685110116246704,0.12124152793588354,-0.039815129447243226,-0.26716216788232056,0.05111139413117982,0.10693364015533674,0.1851849032382576,-0.08101903066744322,-0.18299822871746363,0.21303106977041797,-0.1480565989127609,0.016376134572052118,0.018554337535824215,0.045907254528211885,-0.09553146914362536,0.1004150384842526,-0.7483870967741936,2.2376879388842315
33,-0.322526123038559,0.0197643141946566,0.399591158972458,3.43220615128474,2.93135665395441,2.21260316205956,1.20801725742773,1.78628999991355,4.89064516129032,3.24806410159525,0.39550988999141,0.426664878016658,0.712996928880365,0.396456512349004,0.130624320099941,-0.384305509263464,0.591024274185173,0.12902521847021,-0.0204445012532325,-1.31645701027192,0.947915936336754,0.777164454815117,1.36114724308683,0.96300200906815,0.793808607426888,0.567161167857311,0.38456965456892,1.14491756768762,1.0650446927156,1.76513854348909,2.88210037483075,3.66782547603421,3.71386663998171,2.53727303887405,1.9275473892622,1.80787050305441,5.96207189703484,5.03710687744367,2.91820820111455,3.91889778316345,3.34837784883671,2.82590036801344,2.24824139504242,-2.00344767270434,-0.07636692337361005,0.000517704968873509,0.040890263029071845,-0.20251772814948885,-0.18931033883588874,0.07037515780548481,-0.44003740011707076,0.01207425515819128,1.3917453509084587,-0.17205981796103653,-0.11284088814703802,0.17363140512005393,0.16056966249487217,0.008900814500876411,-0.19913792683606607,0.27313847055579615,0.05519968437563909,0.00876915205430109,-0.009401683650863257,-0.06069665122993383,-0.025696981735567514,-0.03713043037921683,-0.11087532025938121,0.012912029970411453,-0.014975889169302094,-0.04654938191643774,-0.05441003743248037,-0.11146349345614566,-0.22170863879186758,0.005589875162495256,0.020431833409586507,-0.0853332356262312,-0.17740769887628335,0.010365440208464378,0.18029309216979536,0.3674577258504431,-0.1554636906101082,-0.3506032322099027,0.16842039083189453,-0.013168404802199862,0.0016965288165742278,-0.01916823374904164,-0.09702284889411816,0.14280384321191492,0.47580645161290325,2.2092182240082856
34,2.81685600988054,12.7948148078128,22.6664024814635,3.08422411251721,3.87385364301029,2.25219257697799,0.742198331602414,0.329461871267,3.24806410159525,13.9024731182796,13.5973072072193,9.0060271803132,4.91753476206929,1.87750998738938,-0.953076432335325,-7.71527732413967,-4.94520255781125,-6.70480563755192,-7.8450008251756,-15.8875866049895,-2.14180372034454,-1.16247176324451,0.602111511292165,0.465716785522946,-1.08058928461794,-2.01266847944476,-3.24328940553241,1.12420414422891,0.525144116860328,4.38125914414842,3.21134126578391,4.20867177182766,5.21520839770615,6.82162181062238,2.57845060874869,-1.72774316886031,-2.6414002968847,-4.7015153729626,-6.13900670787268,-5.75193098680177,-4.10961974304742,-2.54424816038765,-1.26857253360011,-2.9908918628214,0.11790165702770815,-0.060089198728324085,-0.05296410268347656,0.06608110249435041,0.0018875330187808348,-0.11470936681634578,-0.10427431866678964,0.07841860759911727,-0.1720644011156138,0.4865873687566168,0.0020703632499450234,-0.051136221007475495,-0.13954795494175146,-0.02181493229621439,0.018160831579282426,0.005391466455597673,-0.06323151860701325,0.09343091547018184,0.034820099819251125,0.013293886552163816,-0.00212064877763529,-0.045103084415233606,0.10896629693987521,-0.07002635532706217,0.052740691935887124,-0.05377421989363706,-0.01800543310040048,0.0018256219690337592,0.03578141617530273,-0.03133361755160986,0.05970500319644447,-0.08037362413253511,-0.005675564612042472,0.03649029080254088,0.08698240831330827,-0.0660686158468819,-0.06665515230032228,0.13849473005593438,-0.0326502332945357,-0.0389663356387907,0.05978976046542917,-0.06539107979811296,0.0020804653927285017,0.02802342145456902,1.8225806451612903,3.7272608063133403
35,-1.41744998679949,0.506465553139859,2.09748950837345,1.14335238386355,3.36824202375451,1.58991047793242,-1.02666109355067,2.52533667488586,0.39550988999141,13.5973072072193,135.080895061728,76.6135521304098,18.7784900003137,16.3823823385722,14.0968648663302,5.75539607454392,8.74684605797926,8.22928868291075,8.66358529591539,17.5384339208288,-0.503103680651623,0.372047309591363,3.29333458140189,10.1712301524454,7.24218188142466,5.54229330988755,3.36248356023802,-5.66189702344133,-8.58712947079933,-9.96849702930356,-8.0768648194591,-8.73110958010174,-8.40689046216398,-5.81443369066075,-5.23269967475417,-8.42022399059375,-5.68613400306458,-9.40234734354465,-12.9973918428263,-14.8443940999598,-15.262290091383,-16.2882704890687,-3.88360013336907,-1.54047578589185,0.1059982573347857,0.016039574809794423,-0.028191253502315775,0.03687379716152892,0.01638944104635481,-0.05229583633505778,-0.04581047809496198,-0.04357505320284139,-0.11160899492235166,0.0013630519848395702,0.6927006705073008,-1.200522170859364,0.3845677043489905,0.1898017470636092,0.03580038419369633,-0.13129219368936618,0.00420468305275702,0.030937394672983714,0.003349318475008787,-0.006186957254425788,0.012219989560635275,0.009261192380427165,0.006595445994925789,-0.02471707157275597,-0.0051547695334261635,0.017564911258412093,0.020678535903509213,0.01863455373357009,0.03602452524403536,-0.018687959151874118,-0.0026404387850627493,0.057178491526668915,0.025839834171620404,-0.040488014887257756,-0.058145742676704096,-0.00496974702856622,0.010687308098013618,-0.0442455719712825,0.004067085545981308,0.0751162874991197,0.026801015185829915,0.003967548238445564,0.038971655985741406,-0.07346821605062091,3.327777777777778,11.622000475896067
36,-3.2145708546726,-1.50524891536212,-0.046361832771323,3.20585118694986,4.20954276243629,1.38501624791976,-1.48220423215736,2.25529058532684,0.426664878016658,9.0060271803132,76.6135521304098,51.1679291119076,25.6170548407471,25.9729717411561,26.4068529910736,20.6794217524114,26.3363950543218,29.0074738447943,32.3572919804643,67.8605548613545,1.045850446887,1.73819598656078,3.81490530556021,11.7113068704394,13.8719798813998,17.1269385531167,20.0501643425597,-3.15661164570598,-3.07884094061417,-5.11482453511121,-6.41011928393023,-7.04822306957644,-6.01140898926979,-3.39508298804593,-3.21828403799324,-5.11813355042891,-2.51008237273613,-1.45634444394907,-0.0023248199106653,-1.09698014182371,-3.67751294968815,-7.02628438565425,-2.20746949918554,-0.304076946276093,-0.2310890520519622,-0.036723151922799055,0.09426823490789403,-0.02990042120723716,0.004737161179447484,0.0426412638641268,0.1310854382803481,0.03355578906118699,0.17607335228711982,-0.05147870181202546,-1.2010140810228702,2.4989194007237527,-0.8476547884581734,-0.43047874680282866,-0.08643863669171384,0.28994326750021143,-0.02538469411924163,-0.0602121727406286,-0.013882930607596232,0.022655260034702474,-0.05110365138618208,0.0036619972905021906,-0.007040089227797166,-0.05527504545912149,0.003258337452616043,-0.023186296664390316,-0.0025862992379640424,-0.0015270020670219671,0.0192148161240409,0.04289258747615802,-0.015776359726722394,0.01738893718364056,-0.029923039543937952,0.0039113732765825426,0.0019854653109798613,0.08773745982664385,-0.10376325637605652,0.11541694209194223,0.01858418939374113,-0.13012184763071696,-0.04903894515140916,0.031671881765600145,-0.052393116326496375,0.08501538374868078,1.3813620071684587,7.152477131169845
37,-5.3155440322939,-3.39305950122689,-1.62490207963302,5.39010284697018,5.21625602198127,1.41446330008532,-1.48760785110372,2.04227301422136,0.712996928880365,4.91753476206929,18.7784900003137,25.6170548407471,32.5343040621266,35.6188464454155,38.7941337869263,35.7459900814288,44.0762949159696,49.9511383679651,56.2552044637494,118.95318333555,2.16577599959666,2.91729006337798,4.358835647261,13.1593038335137,20.5559341577779,28.9110611907649,37.1012834547535,-0.547269312597998,2.65212444610128,0.206437080486256,-4.95924231962702,-5.55567607303144,-3.85477945151721,-1.28660174630181,-1.83707008708857,-2.89476781510117,-0.96474180747659,4.74518178076572,11.115394947171,10.4596683119528,6.52557926244115,1.69573991080816,-0.418972423731725,1.53328278129444,-0.0397023000245199,-0.02171254749136479,0.0459658197255784,-0.32088333787060175,0.13144752581961003,0.07530785174911167,-0.11465614876466908,-0.180566910255289,0.15936797357129534,-0.14106150039377965,0.38327693988350175,-0.845807161637206,1.9693130469704583,-1.7595063768899204,0.39009285572710156,0.29456202097240247,0.017965104015554116,0.04007756008445611,0.016034129414157976,-0.05481334232531481,0.01880359848784152,-0.023508141005040433,-0.06684252614418444,0.017121942788540484,0.06982271311569324,-0.14526937864651773,-0.06671491081937855,-0.01532216326507755,-0.005506428614950922,-0.0817718959529988,-0.006163162517246706,0.04219655719482304,-0.09611018918438459,0.00199980331789567,0.07492622170631336,-0.08353112308478855,0.1229901511499959,-0.12829326595897322,-0.0703155812794893,0.16847198093864127,-0.10156678582715714,0.07941423167232965,-0.00957515808641102,-0.0316009356693898,-0.7801075268817206,5.703008334390424
38,-9.45862973675158,-11.7544370410866,-14.1601486528083,3.73841098483701,4.47604319067501,0.916559019940642,-2.34794848180778,2.16833201677585,0.396456512349004,1.87750998738938,16.3823823385722,25.9729717411561,35.6188464454155,43.0617333731581,50.4297369805525,50.2523560069553,58.3649058891188,66.3468678173795,74.691213991665,157.999187690015,2.72620178053552,3.51491316539909,5.19988886693428,16.5337628792822,26.5473840420161,37.5674082639889,48.5571738662598,-1.37730102205778,2.96107821414888,-1.52022030090783,-5.96110978502288,-6.5405495946297,-6.04992698313077,-4.5675133627851,-4.34096834022601,-4.21149599029395,-1.47547849313883,3.3536947981924,8.5221663680692,9.69867639977449,6.43224938669567,2.5496849852212,0.629833848860951,0.868249206123837,0.13365071457909586,0.03526320112009936,-0.06686983292267694,0.0034405865622232574,-0.07828257115904819,0.06759191854950486,0.06361330816357072,-0.01693250343938642,0.008921777091880046,-0.019233148472666897,0.1918610852113398,-0.43646542402225663,-1.7597788484488697,4.18012501711845,-1.8184623448388912,-0.15178462655418523,-0.012818152642116252,-0.005256333483513043,-0.008285216915301607,-0.03298207646515604,-0.010025465614926204,-0.023810992413658725,-0.04769917599030331,0.033838097123307494,0.027368129632102448,-0.0054324892975699665,-0.008501157374208146,4.7450721133750236e-05,-0.013766690579133923,-0.009790370719602691,-0.05142634311874098,0.07693806472477963,-0.00754116370716729,-0.0048662536979070265,0.02804298441606809,-0.0018647215085348815,0.0666345626517027,-0.06513810455527062,0.0003356447057258458,0.005514625201378639,-0.014949292670119999,0.036602421536427135,-0.013879648541657805,-0.0044514798591629105,-0.6044802867383512,6.561381971289135
40,-13.6220802551905,-20.0805303230755,-26.6068276442163,2.27833107690192,3.88339693466015,0.507456802502004,-3.19607521181507,2.23310072908085,0.130624320099941,-0.953076432335325,14.0968648663302,26.4068529910736,38.7941337869263,50.4297369805525,62.0029446435683,64.5948291165166,72.6149608697391,82.6258723891508,92.9318702728195,196.695984541798,3.01756802366649,3.89488520476348,5.92030169599561,19.8731463760084,32.4928856980123,46.1768527994247,59.9633282963039,-2.19899665585896,3.28278103173334,-3.25398352499047,-7.13865037355533,-7.70224655480656,-8.38774135709347,-7.96257846592297,-6.91527681150295,-5.57170038010925,-2.00530600972142,1.92381411976429,5.83978082002873,8.81787063603664,6.24705581993956,3.33384373502811,1.66815077463225,0.188009958548808,0.41183689461691203,0.13148933000327429,-0.21473688189404286,0.3603536476490548,-0.47548746421247545,0.14748597161043336,0.28713829719965694,0.23889067142856063,-0.20227367535482263,0.015799509162459705,0.037018929182971276,-0.08754123976128,0.3913114418275059,-1.8151293895001055,2.2380825163047984,-0.7310434446027754,-0.06969701414046629,-0.028836297267374845,-0.0197504597747742,-0.019089095588286233,0.004719349670201838,-0.005089084568471204,-0.02417129255436165,0.053116706808573756,0.033169268698364895,0.07906874736086465,0.03821871575865576,0.028341247625892744,0.0005530298847630577,0.08689560612339978,-0.04557380669845972,-0.007428030029560386,0.037379620092837657,-0.022659169964880738,0.020570486724371312,0.060922097412591275,-0.019170884319850808,-0.01806893170981406,0.12660571466140896,-0.13681342705790758,0.009954500501905598,0.03458861788374417,-0.02373985723361563,-0.03141689519054462,-0.40465949820788544,7.873559845684053
41,-9.6369250844566,-23.4292083543619,-37.2329441722974,1.81115702404498,0.956088817783049,-0.273977786412052,-2.69821106107694,2.11361110093082,-0.384305509263464,-7.71527732413967,5.75539607454392,20.6794217524114,35.7459900814288,50.2523560069553,64.5948291165166,78.1833518518519,84.7993726026831,97.2409877880818,109.822779986865,233.001272844914,4.19760669018614,4.6847764239212,5.86093778108441,23.919998223057,39.6340925732914,55.4545503565303,71.4754828112672,-2.38078915617823,3.80194043279139,-6.0793229218675,-8.90587356560567,-9.71596535178161,-11.6456764551591,-11.9180380831687,-9.0704248233214,-5.34958083533801,-1.45719057576404,-0.694187078820871,0.0251551543191313,4.97463844202722,3.64818822749731,2.26056770711096,2.12885004958861,-2.26723054528654,-0.3040032819945123,-0.0271643443656772,0.16503612553456648,-0.3469543180420688,0.3110098240534968,-0.10167846147629257,-0.07179120846131058,-0.17771451049939938,0.274869417627018,0.005711708133884921,-0.1331624649216912,0.29464398105973544,0.3039882566906505,-0.14782219993462675,-0.7307357951956723,1.276803141958084,-0.013241444637637769,0.0932709695745395,-0.03863901989949098,-0.24562702966361344,-0.06997553806331765,0.1264333765242239,-0.030089687295485733,-0.2215361241916676,-0.0793968671084109,0.11301032773220705,0.00821619119735103,0.0290437742864475,-0.03360644767883882,-0.02558338410278689,-0.10137675166833743,-0.04843656770738487,0.025481039881883372,0.06477675302460585,0.010254235581680425,-0.030944293647070152,-0.035029642338045064,-0.09459205228476603,0.02520079701003702,0.08532944756829694,0.015334817329191596,-0.02105931488889175,0.0030867692937317716,-0.005158704719456026,0.35,8.841569535543556
42,-3.79309159361754,-10.0352593494818,-17.0974530922826,7.55666407387601,6.03785010420308,2.38873689394854,-2.10612791348561,3.61075222690485,0.591024274185173,-4.94520255781125,8.74684605797926,26.3363950543218,44.0762949159696,58.3649058891188,72.6149608697391,84.7993726026831,106.913395459976,118.206426199113,129.598327575446,269.925643628934,-0.0301680901464084,1.28236720792629,3.5793951973254,24.8743216794271,42.5815348985144,62.3234675659944,82.5132955484685,-2.07329858905167,6.67241146213293,-4.11977287923453,-8.43453385732762,-5.59243338851201,-2.99761510723554,-1.55165481243798,-3.27749226389156,-5.3775873668748,-5.39647357391987,-6.13399275007142,-5.22047142979905,1.33619315357869,0.638342018587975,0.003677818795202,-0.204598680767551,-4.89726614798832,-0.037301865145885536,-0.10872863239852001,0.09867684491431265,-0.018426637732496517,-0.11703614393143733,0.01364657244067832,-0.04566027319670947,-0.1647881504094053,0.054218568757936174,-0.06385735196485519,0.0004544361559516924,-0.024208666722928804,0.020858890642958573,-0.012128527687707868,-0.06960221601638036,-0.016236822153943772,2.049193226208879,-1.820447428208945,-0.7878767840158337,0.3325599761859158,0.43409675678643556,0.1185400942057967,0.04391259292860207,-0.26949253386370686,0.08590374145599387,0.10777268020277225,0.16557669926119487,-0.11315356247942249,-0.119656870910409,-0.021066730917405144,0.0652010793209972,-0.0734327091729191,-0.010689423777239877,0.031423848736671055,-0.02279330820868635,-0.0029255567536177153,-0.004096584061634989,-0.005584835022996961,0.025358225255297063,-0.014454113610410681,0.04148102519917683,-0.09236150894195119,0.05974520985883193,-0.00602135057746611,0.6261648745519712,10.339409821647275
43,-2.86752083860579,-9.56765539744884,-16.9533693970442,5.5862083420629,4.31835830039054,1.3786577349343,-2.38946805605266,3.23095743537687,0.12902521847021,-6.70480563755192,8.22928868291075,29.0074738447943,49.9511383679651,66.3468678173795,82.6258723891508,97.2409877880818,118.206426199113,133.380997013142,148.529536135786,311.753144191462,3.85046333347883,4.92241852831272,5.66874476791977,28.7561664427976,49.6640012513566,72.1828977623107,94.9255708637154,-2.64074678989359,6.95758179618318,-4.38068399905686,-7.82137040438016,-4.92478555900742,-2.07772898108512,0.217356048335097,-2.44639217087143,-4.94821474369134,-5.26857978526983,-4.55514698798534,-2.04506388841733,4.49935793624123,2.47475698033126,0.431275662782162,-0.487431661624514,-4.27454983003217,-0.05014767423709372,-0.05258264998536416,0.04713922439453705,0.036422326719224365,-0.11745927728603009,0.06156540699521788,0.08459840481815117,-0.0677935696348939,0.01176641458867616,0.09283748170748773,0.03046425702801303,-0.05570085732097058,0.04959786414856155,-0.002033793434534913,-0.02746912165836163,0.09390238696328243,-1.8067735689802078,3.8612059905819898,-1.5163450147043909,-0.2504830567928999,0.04903891841167363,-0.01731698481014512,0.010224922581131807,-0.055901328268956524,0.05384477862767923,0.07415876133301011,0.021771184941687085,-0.003928309777059082,-0.03576068241631696,-0.0033857803583419222,0.12179759203110309,-0.015868981754107857,-0.055229472729110295,-0.005289995189428376,0.004743866269734543,0.052279022684618204,0.002100601468784212,-0.017760585091186103,0.007335767452528064,0.00389687217674017,0.04056289207252077,-0.08807535384196043,-0.02660566800744823,0.005861719800217823,0.5646953405017922,11.548636153812371
44,-2.25025278100998,-9.32719723630922,-16.9558352316522,3.83860155483727,2.86491719016135,0.594517150022143,-2.50824153089476,3.20266644469731,-0.0204445012532325,-7.8450008251756,8.66358529591539,32.3572919804643,56.2552044637494,74.691213991665,92.9318702728195,109.822779986865,129.598327575446,148.529536135786,167.597333333333,353.652980376417,8.15147374467016,8.93527707935045,8.09268865561011,32.9944955645903,57.0150334456795,82.2409518634682,107.462380422503,-3.04841474016746,7.34237581414577,-4.55040187366055,-6.74732770031629,-3.69304252845432,-0.569263728474996,2.5621099761425,-0.979594855031639,-3.78573387045423,-4.18926819244125,-2.01341335557642,2.15151978343024,8.81329508381373,5.10085036010316,1.26756684963017,-0.809576176732872,-3.90240656612221,-0.017177323866589534,-0.01809046252270753,0.015430257489602115,0.013966774853662395,-0.004651085130574196,0.002237881413465186,-0.022393410898442774,-0.09876764989603472,-0.009186286985963821,0.032933121575488875,0.0055529132627206955,-0.013631713344272874,0.00686672301973619,-0.005694717436006105,-0.019034709612167196,-0.03851651973351294,-0.7843615826633976,-1.5278109048180715,4.786135700897453,-1.282148817831218,-0.7944310370892267,-0.1680598649194963,0.024485492073413676,0.009851890596701074,0.056079042168370154,0.00170647651686305,-0.05455775356481168,0.01467500504470141,-0.05314385053740406,-0.008774616386249608,0.04150423834259076,0.003726378714152762,-0.017160318333446535,-0.009438733800416984,0.008622917941084017,0.027380012760173874,0.013544602106238784,0.013458729062260694,-0.00962844847740509,-0.020348436958790177,0.013263608388555682,-0.0021680700274292726,-0.02896716568709766,0.01378442687384716,0.5666666666666668,12.945552646887398
45,-0.0707708275202464,-10.2526686836338,-21.0284565233036,5.41226805089605,3.51846216583878,-0.489165953634572,-6.50762764097824,2.58024996108279,-1.31645701027192,-15.8875866049895,17.5384339208288,67.8605548613545,118.95318333555,157.999187690015,196.695984541798,233.001272844914,269.925643628934,311.753144191462,353.652980376417,754.536631421744,12.9152789557943,15.8486568931315,17.0996023996433,73.2798760345995,125.555328828115,179.059988310818,232.15312404284,-6.42138049704348,14.7966444610186,-8.5470932102013,-13.0816397701533,-7.02985734537469,0.0398631519889318,9.2903757201645,-0.772200455468316,-8.84077079426328,-11.6207666304501,-5.97523896916491,2.9083994833109,15.5859311477986,7.30362327420796,-1.45080384531649,-6.10563823115328,-9.75746641664252,0.047520983294195365,0.0036539844552865384,-0.02800157763478485,0.010166233472600037,0.09575566223163692,-0.06206057144559491,-0.0994195537257515,0.15323786058045358,-0.058048751264407665,0.012602660711205978,-0.0058812566303729115,0.02045847076764927,-0.063439455604448,-0.035009720686167076,-0.02354148800292213,-0.24367165973248825,0.33782302015191157,-0.2534828863128691,-1.2791845775728425,1.0042005123154494,0.023028486281233385,-0.02694579552029524,0.010973687274888991,0.29143972174146837,0.05888344035795629,-0.24673877756220533,-0.8900037961380739,0.5832806044953446,0.138826986041914,0.00015011734151931254,0.010405989069215828,0.04489079319001092,0.025285713419369842,-0.09133697404411041,-0.0020686576642449384,-0.002962981234185511,0.009886834530159594,0.029743029224244714,-0.005380028328943808,-0.017495257722951428,-0.02275494707719822,0.016078716408076076,0.024231785420056585,1.8874076038758626e-05,2.930645161290323,27.468648154245674
46,-2.75895974562323,-7.50232276824736,-12.3259321662771,-3.68673192799448,-2.67216416864119,-0.789040039291854,1.72019665676012,3.76945511255222,0.947915936336754,-2.14180372034454,-0.503103680651623,1.045850446887,2.16577599959666,2.72620178053552,3.01756802366649,4.19760669018614,-0.0301680901464084,3.85046333347883,8.15147374467016,12.9152789557943,16.347660692951,13.540376572804,5.05693861808713,-1.15586712643091,-0.660159444386313,-0.285543417688082,-0.155936715255445,-0.389678002450386,-0.297579396455218,-0.484392098472242,3.9669447586546,3.88830387507798,3.19975439278621,1.70054877730927,3.06703661175465,5.52038692242768,7.70299193088351,10.4508259866149,14.2877245818814,14.1727400759594,10.5645722764646,6.93165230539043,4.38586160861529,4.11326226134863,-0.06505090964957005,-0.004413199367977239,0.006368674836397594,0.06310836167156915,0.14723076211552824,-0.04385123836304751,-0.03792051321834267,-0.17658645396543954,-0.02596317445014092,-0.0019842469199589526,0.01219524478420509,-0.052460224745156145,0.01722655159841124,-0.016146705501199846,0.0029418600998585144,-0.07165758588719887,0.43007988975101036,0.045809564685851824,-0.7979782319863095,0.023928797737734247,1.3251089565367498,-0.8345634003528316,0.23595210778061607,-0.18338951709326515,0.009335185258721705,0.16517234228227462,0.5543413563819479,-0.436739013871875,-0.20465060767171336,-0.0018122338328670792,-0.1270957051985309,0.0552001678546101,-0.05142866176304281,0.017926633525945,0.1109304815062799,0.03407113825214815,0.018067390798469096,0.08447748972111639,-0.060110083739936114,-0.21375085397518445,0.017699787027221782,0.23594440714072326,-0.215125543964375,0.1367280309988311,-2.1731182795698927,4.04198722078027
47,-1.19215571435822,-3.60259297115504,-6.15829719826077,-3.06501614281317,-1.70166755773668,0.0217359828510429,1.5598622985256,2.68572029993377,0.777164454815117,-1.16247176324451,0.372047309591363,1.73819598656078,2.91729006337798,3.51491316539909,3.89488520476348,4.6847764239212,1.28236720792629,4.92241852831272,8.93527707935045,15.8486568931315,13.540376572804,13.389674432497,6.99171827571215,0.623860604581315,0.967550090114607,1.33860611182405,1.51656081734368,-0.671571137109601,-0.743984818214839,-0.39827589372924,3.76095055469064,4.16178652838922,2.98551322115627,2.60793793213022,3.34694472425277,4.91075289791144,5.53166329584638,7.6377129904619,10.3469243397064,10.3149581617049,8.10238849951702,5.63222020656391,2.83012757918938,3.24665195031071,-0.0795911660705829,0.03783244463146059,0.024859312767044197,-0.018468755166249715,-0.1307245595567305,0.08739495980072971,0.037751362739892644,0.034449748051714586,-0.03892517851245353,-0.04399687590784245,0.008273995817050144,0.006536019497742798,-0.016976498799127174,-0.009171023532276192,-0.0025773194289734347,0.1251766491132374,0.1158977581389615,-0.01594303661978736,-0.1671976086546563,-0.028376993433151296,-0.8326268690434805,1.3935735473296604,-0.5362294518329428,0.21233119734731706,-0.17976466843228903,0.017932023263733474,0.1051300840901753,0.010588942563803857,0.13243139812213597,0.04086389792294834,0.06586501015640002,-0.11004593498103808,0.10881024798423697,0.057912238990738225,-0.16942709842580028,-0.11753172122428299,0.0028919172104942856,-0.048150849879432654,0.004232254382677161,0.251070371794826,-0.030447781377888845,-0.24740994515273948,0.24398748782009202,-0.13514961242045845,-0.6801075268817205,3.657823729008413
