,Cov_0,Cov_1,Cov_2,Cov_3,Cov_4,Cov_5,Cov_6,Cov_7,Cov_8,Cov_9,Cov_34,Cov_35,Cov_36,Cov_37,Cov_38,Cov_39,Cov_40,Cov_41,Cov_42,Cov_43,Cov_44,Cov_45,Cov_46,Cov_47,Cov_48,Cov_49,Cov_50,Cov_51,Cov_52,Cov_53,Cov_54,Cov_55,Cov_56,Cov_57,Cov_58,Cov_59,Cov_60,Cov_61,Cov_62,Cov_63,Cov_64,Cov_65,Cov_66,Cov_67,Cov_68,Cov_69,Cov_70,Cov_71,C_0,C_1,C_2,C_3,C_4,C_5,C_6,C_7,C_8,C_9,C_34,C_35,C_36,C_37,C_38,C_39,C_40,C_41,C_42,C_43,C_44,C_45,C_46,C_47,C_48,C_49,C_50,C_51,C_52,C_53,C_54,C_55,C_56,C_57,C_58,C_59,C_60,C_61,C_62,C_63,C_64,C_65,C_66,C_67,C_68,C_69,C_70,C_71,Mean,Std
0,32.4935872162485,19.0976952800532,7.23400958936321,-1.08239569012663,46.7683695936475,103.459174265817,91.1821460832873,72.8611570203537,53.9577005969126,32.1598357553047,16.0437848698466,-4.25918010560113,-1.67505536257273,0.12496813898239,3.97420813279387,0.883282963842346,-2.59926056179431,2.26591355600499,2.58666494568289,-2.05024779089256,-3.46413311605377,-4.04598564947464,-5.26078885786146,0.86827901017827,1.69284216126705,10.5586645776752,8.28458768692572,7.12777453754543,0.0390268031795497,-2.34124329440186,21.4360015394606,-0.163971749584283,-0.43142544177322,95.3511558233978,-0.333685436905119,3.64313864635525,-1.0610012189067,-3.92634014181559,-5.47179771092078,-1.87533899210826,13.0346121143576,8.01446132122609,-16.0004649062763,-19.5600069708972,-5.15928109876779,-1.0042078240858,2.62375854928427,8.48887062698899,1.9093671770536484,-0.4817541964933858,-0.20671420910830898,-0.009285126268298326,0.5153137417432725,-0.279132984722576,-0.06802420083603364,0.015497590370498254,-0.010568379286995336,0.027993214621145252,-0.002491326060505853,-0.0016289802000190284,-0.18177387315876598,-0.028531410081179882,0.12922149562868002,-0.025802924914966847,-0.03260077537704447,-0.44920655298364326,-0.10020626798566973,0.20632028685361906,-0.38905529776646935,-0.009222432963511508,0.32210093329251605,0.398183826282615,0.4129780960860833,-0.11902382716947366,-0.24934882544415063,-0.3703025661400327,-0.0003404628539289002,0.026361917844740772,0.06021480773967835,0.07019008515751754,0.3095352504349544,-0.2139982333010836,0.09742909655072453,0.04288576786790725,0.7505509175661947,-0.02843958676375764,0.12242395531372986,0.04740178939116841,-0.22850663609423794,-0.20055637735309645,0.18824276777201407,0.21700604381793037,-0.08173159547852331,-0.20023624883050636,0.21599361022588248,-0.15558594557709435,1.3870967741935487,5.699437447349387
1,19.0976952800532,47.7001583034648,6.52875369252761,-3.61047044101104,15.4295543154669,41.2611704268986,40.3115041464663,29.6324120011513,17.0244540457667,1.97600334789179,3.94205985533212,-3.06991190233872,-4.01132479021319,-0.951413359849653,-0.962702241507233,2.0776329190124,1.83105756756661,-1.73005552487448,-8.68593967482766,-4.68687123963307,-4.0398769872695,-1.11596816879633,2.12884076931673,3.71063290975773,2.28776916364746,5.27681504604405,0.377082730997764,6.86136752982065,2.21373923402224,-4.47131900977392,4.08777349391082,-4.58340278182757,0.828597349068563,45.0175625990383,1.28695321671057,-4.29577094070092,-7.42855572253463,-7.11882134425866,-4.25803535729151,-15.4417926259766,4.09364993226117,-6.28870712892489,-22.4326764899893,62.9002687353493,-6.00511308866776,0.521027822321422,-0.263501631086992,4.7667206490141,-0.479940549550265,1.3236654788045668,-0.12297358672590156,-0.07810840937477442,0.08839763967952263,0.3335785161101925,-0.11293282247303489,-0.035720013148062404,-0.19111018838715083,0.10240049571396001,0.2369355226077408,0.0853383999916184,-0.13145654466239778,-0.5793463377161036,-0.010634680564920373,-0.13326341034775563,-0.24882103275448397,0.2363009549275351,0.19534304325245183,0.20507819066114602,0.23775084393296037,-0.25218777133112213,-0.3612604820266081,-0.3791288523686368,-0.14657133864226066,-0.1255881092410819,-0.3673537802834168,-0.33727774514864434,-0.160910166056803,0.11946656711300983,0.2521582857817116,-0.09008489104937614,-0.042051651043387206,-0.3319381870676482,-0.02083000304998489,0.1882020074443954,0.023395323416670517,0.12395682231541673,-0.08855403256959242,0.03264678665140775,-0.022044109017496167,-0.04213173666605318,0.3381345449098626,-0.35477639985143095,0.2070341307466436,0.2784333562207725,0.12671513436464096,0.00434902427666505,4.17741935483871,6.905806129878303
2,7.23400958936321,6.52875369252761,12.8945131421744,5.166772694511,8.75375677174213,12.0583882540108,14.941656659551,11.1106428838077,7.28070084395651,3.1239980660303,1.52522588467392,-2.47166840711034,-2.11601416298468,-1.20927324843494,-1.44385043156239,-1.2099306925873,-1.93711848315615,0.807415943559708,2.82311078523858,-1.41793300802524,-0.766699501698228,-0.42184785968142,-0.0937590745987202,-0.857176121735248,0.254560099210932,1.29059325699,3.95227767698011,0.91330507306478,0.620531971761417,-0.222974437147721,1.36020976679364,-10.819514760815,-1.93695798754487,15.5968646575266,0.232981895413305,-0.895823373890058,1.51785390088896,1.89111413464541,-1.94597298400799,-4.58785113658367,0.114483134721827,-21.6626211602071,-19.3282604746201,-3.9112492217253,1.77152858080475,6.93698371537692,5.69299002904695,6.43332167516612,-0.2097494049362998,-0.11842608239394407,1.1838120013511602,-0.3387512711992325,-0.14891021101522864,0.03857562843119738,-0.03937751534861244,-0.14116685463897619,-0.09439561477089752,0.14004746782738142,-0.04192362760431652,0.0386020324161275,-0.05491023469085614,0.09118907520768153,0.13884505488565313,0.07485859629086462,0.08619129947729354,0.1157335783490212,-0.576817424590989,-0.22386713208495054,-0.3560416907040076,-0.032059090907896125,-0.013578159110113362,0.36949460478334956,-0.20611868357086474,-0.05321815781369405,-0.015478584001411425,0.06085590999614017,-0.3175068418841841,0.07517013804224762,0.01743701925156067,0.020964244496851716,0.4981888152411173,0.1972528737378435,0.12462056555023936,0.35464895330941515,-0.35121723053072296,0.14295456841073437,-0.14826357139556226,0.13989711683547726,-0.013313578783090613,0.003877782243762547,0.0772176507606926,-0.056627274984199664,0.06941836634631723,0.02506363428096735,-0.37422190322548043,-0.17066664301357695,0.6370967741935485,3.5895004028658963
3,-1.08239569012663,-3.61047044101104,5.166772694511,33.8644989545998,22.7081162470264,9.91105067983709,6.90347657923335,6.28943119468239,7.81576277276193,7.28388975978101,2.423130755791,-0.251576247492999,-0.660357440323762,2.92872879866973,-0.95173968267336,3.54794209671256,0.870980172943814,2.07546242743586,0.258763408350739,-5.11824071685811,-5.05244112252084,-3.21020001559247,-1.47192849087681,2.52573628635804,-2.55050782867239,1.93308844232989,5.33779904743468,-1.06553691761527,2.42773006179804,3.21489094512992,-1.08152158207243,-16.5747029648344,-0.538626038939383,6.2579807521602,4.50493122119251,8.32802080350795,0.517446363583547,15.0971504495337,-0.777956609297199,-2.69829523276591,-0.903488681643217,-8.79178758965979,-4.81636666856857,-10.5566994875765,0.451241338241447,10.6117504017206,2.43007930266816,3.21751949743719,-0.010037051409984019,-0.07753918565020011,-0.338647391299125,0.6916109715015375,-0.27600079928755067,-0.06196692561788899,-0.1585719626310506,0.3533994280603577,-0.16096099077768905,-0.013293893566739816,0.058325202883991914,-0.18378166243889119,0.03996419431455177,-0.1409162386591565,0.03481014669331143,-0.18722049009870426,0.21209078616617014,-0.10140021542361687,0.027982492097378436,0.13136467674797767,0.4012953335295995,0.07719379916376418,0.021524003213124764,-0.21554861409717466,0.03460443223446406,-0.3268693364071038,0.04175280610578181,0.06843753034191055,0.02273341627697033,-0.14626975953375745,0.04734138492930009,0.008426733096624594,0.028253661158741585,0.23695586760815518,-0.22684818676451193,-0.26716529184434856,0.13315696855204384,-0.16767296570188606,0.1684903780935383,-0.04954142062906839,0.09169341638150813,-0.005142039348264073,-0.029997568581659837,0.044547967295538844,-0.09449221053161652,-0.008699894975801835,0.1727294816357464,-0.03377939608852349,0.9368279569892474,5.818461906260086
4,46.7683695936475,15.4295543154669,8.75375677174213,22.7081162470264,186.396885516229,324.213935433268,271.074702103651,224.846814510974,175.997547100907,128.558601589346,50.0035065632518,-6.55686733119066,-6.41176297483871,1.01242427509372,1.82833773131773,11.8318621608516,-9.26619673915945,2.75458744797573,0.922465941916937,-1.53885656439317,-7.83057049389448,-8.9086752265619,-8.32979517104064,1.28105207911865,8.91388994613525,22.8914070489166,14.0073686386883,6.09706760410885,2.57325784978628,0.393254949384643,67.4082690580805,-7.60974574515741,-1.28208322228609,278.440750587271,2.03589168323299,21.1941603781281,-2.2970394475874,-1.97121522487425,-9.74725540570164,2.17001425465273,5.77618124458969,-18.8320264562077,-19.6535393865035,-37.0007167629339,-19.6127466330206,3.5110431912686,-1.58465898996734,4.17326578399275,0.5220250394292641,0.08638238783161721,-0.14625185782437272,-0.28177908849932054,1.0018199495517126,-0.3235184726930597,0.13218705090488114,-0.3501722218943298,0.2862756782290652,-0.1088693799164691,-0.2160756863119257,0.1215835507350541,-0.004594823901184499,-0.16946570820481316,0.18230803829354952,-0.10697281803789187,-0.38914048303488774,-0.4808858525553069,-0.11316535131339674,-0.006730677301587515,0.005328705791968799,-0.002792225530813531,-0.3092827568827644,0.06059462705198192,-0.00692976963431226,0.1624972283821998,-0.07325447308493323,-0.26718792162235583,-0.21586711450141918,0.15836528219625237,0.21864555036318997,0.013710404764805496,-0.2488616384346908,-0.29201825030367407,0.05434286027963951,-0.2094346704067732,0.0044466578324394565,0.048718986838841814,0.004116555814077675,-0.025002952237022487,-0.08676693994140237,-0.026850144306828333,0.08588275676160692,0.008120623279540344,0.008888623013376049,-0.2507267655328251,0.10962839370993802,0.2582322927719616,1.3644713261648749,13.652358240107407
5,103.459174265817,41.2611704268986,12.0583882540108,9.91105067983709,324.213935433268,637.91737375446,533.738538050721,429.400596948512,325.123411866622,217.53528934199,97.4561412119479,-14.1982009969334,-11.7547472197768,-1.26124260823285,7.94989744622611,21.4432390255916,-19.8448200460176,-0.0463785010441934,-2.72320169337111,0.419901597131555,-11.0846941502089,-17.490617845216,-20.3995988607739,3.92253982703953,18.2738009540904,45.1590845436996,25.4549624518421,14.4761610156235,3.37660294522436,1.67347450087015,140.630575794653,3.72759049106467,-8.02400550246827,551.418639253045,0.438663126488804,34.6106827079704,-1.16923715137795,-12.6740433818989,-16.6843273929875,-7.46196666925686,5.50437647776889,-19.2873783918772,-31.3824034649458,-61.2544057560216,-39.3583470450379,-11.4349498457752,-6.48146252911059,11.750638600914,-0.2710908270086924,0.3390295659957016,0.03861026640348754,-0.05196861397392745,-0.32981486035395147,1.5624732369286116,-0.4614739447212174,-0.10798900220140717,-0.08789714907943642,0.02060355754482895,-0.10021066779878264,0.13910921232921353,0.008537012489930555,0.1929282915179561,0.36506946534808205,-0.2976607286749466,0.11764597839642295,0.36530227387903436,0.6815443723268341,-0.3870649804581346,-0.18832179466367513,0.10327278973496629,0.344183254092115,0.00962827052037568,0.07928842496083613,-0.2975981578726356,0.05249170554881361,-0.22357576886034067,-0.25744674376925325,-0.02202993806431167,-0.43680645273493324,-0.09073460936925042,0.12457366002674813,-0.7815698708031994,-0.3254064030957481,0.00650498891922501,-0.01662342800339965,-0.03787106199814234,-0.031155519921617896,0.019034762025233628,-0.1415361979446539,0.003369552147658372,-0.02685729847623885,-0.03391816203975345,0.08699995916882933,0.19491079495823443,-0.03577749401960957,0.24199737620425793,0.9376600102406556,25.256828259986644
6,91.1821460832873,40.3115041464663,14.941656659551,6.90347657923335,271.074702103651,533.738538050721,458.708096163869,367.840242726492,275.843412278742,180.722195317021,82.5345713098745,-12.7314849406293,-10.1657385481135,-1.14506686835497,8.83572683458879,16.9943674192439,-17.5429703533268,1.4379765883293,1.02411302936011,-0.0391783993501169,-8.9722645845082,-13.383081455469,-16.1268204770916,1.98989151196586,14.8558336528268,38.0164600512111,21.8714576911015,11.2896797333534,0.961698006570268,-1.17918176521492,117.330107402041,-7.21358040536389,-5.18369451745869,467.567160472995,-1.52598896447954,28.2207983216248,-1.75974291793496,-16.4758328335013,-20.3713041999234,-11.9783606885986,-0.246031401381179,-16.3231061855136,-29.3887435198366,-43.4086718030385,-26.8424878925801,-6.99675318184747,-5.13434002024959,13.8925122264886,-0.06600315956879751,-0.11181036628239045,-0.0354658077506457,-0.16061043714524817,0.127877424721873,-0.45984118377829764,1.4605593422220557,-0.8420738848965882,-0.2774386960561303,0.46637397726000845,-0.02509976351361315,0.3540904388681164,0.23246432777280437,-0.08851528421579792,-0.0299197938168494,0.058701643907939006,0.0438259215350235,0.1394920465769375,-0.14403344690590342,-0.20675724186564234,0.2984255667254505,-0.11826309499523564,-0.24370151753697647,0.0885025832355464,0.056481276676691054,0.41595992927570574,0.18794738301730274,0.433604896829879,0.21858284295934424,0.01993097948505418,-0.3799837426079918,0.04414467850492327,-0.12309929553680653,-0.2106162455664712,0.24686464789735704,-0.14900056598993072,0.13033523283355755,0.15817861221685167,-0.1045050817422872,-0.07946553298396918,0.05232724945055779,-0.0684975558159955,0.09984815384624013,0.03877381483666792,-0.11723483684675032,-0.2282586835038169,0.26961101623223765,-0.1461481838740487,-1.7418394777265742,21.41723829451101
7,72.8611570203537,29.6324120011513,11.1106428838077,6.28943119468239,224.846814510974,429.400596948512,367.840242726492,329.641258396728,285.545508215341,237.679310498539,65.2324519811198,-9.61832611332743,-9.10362870429403,-1.54670232509513,5.74032487811773,10.4670929435626,-17.2802209861091,1.14816296024028,2.86395328299635,3.83433308514996,-7.54189825129688,-13.1502899797622,-16.0707567115586,-1.67726917656699,13.475156668099,31.4138299067135,12.8606743202322,12.4189575425698,0.484782314683136,-7.26053589317277,84.6050510600959,-22.2010239006705,-1.21763026429084,366.012765275042,-1.99167374826604,20.8246956785625,-5.91226080379412,-20.8692202883862,-19.387065359501,15.612658924443,17.1486926958004,-15.6776683587369,-24.5992802745046,-38.8895818203518,-21.5448490841748,-8.4196489087376,-7.43984198916281,9.56942281217195,-0.004066813492807827,-0.0379542299896465,-0.13330038355956217,0.35678940713424817,-0.3593620895404588,-0.10906997953383721,-0.8408741093618484,2.3172930719318745,-0.9734178737452351,-0.11653878362492914,-0.37111627296638416,-0.09364760357389629,-0.7979052392316713,-0.0060015718115321685,-0.3585134008655461,0.22500078235318963,0.08293125505096517,0.03453762561473972,-0.24320489898049102,0.28369620829983166,-0.018884343245088003,0.04807579459897623,0.13520728349795855,-0.05958470634623755,0.006843941991538318,0.01749441482796033,0.3375811058401377,-0.2002265503926628,0.1517548875997834,-0.10967972194534514,0.44424748599122343,0.014211973195013244,-0.1512731576246081,-0.08928937253631211,-0.035771644049108896,-0.063283044343355,-0.17197561932388472,-0.06678723148324629,0.12522245418432174,0.08451386567751984,-0.0648301779616463,0.08868214901607019,-0.06572962885943115,-0.0704201182464411,0.03270092782477093,-0.07142591362758187,0.21105643205844782,-0.22275315193110443,-1.2077188940092163,18.155750009204464
8,53.9577005969126,17.0244540457667,7.28070084395651,7.81576277276193,175.997547100907,325.123411866622,275.843412278742,285.545508215341,292.343028510015,292.574702668612,48.065221327587,-7.74690688976315,-8.63806318576632,-2.33359374611381,1.7784828849516,3.17843282363461,-16.085358692653,1.05269813198601,4.4146224613867,7.9532499654961,-5.19978152915907,-11.5421729679459,-15.508700279719,-4.89015898971688,12.6810594595801,24.8774147221508,6.24577930714054,10.5435287053059,1.08212345131807,-10.4941999984049,55.5200912604124,-33.1487397199917,-0.790537267294031,262.475389840148,-1.462544703084,13.2396331136902,-9.65165781156142,-24.169985317258,-14.9086089654677,56.1126833313111,35.0210984908427,-14.9358159732431,-19.8542093520687,-37.0335880563684,-17.84880807682,-9.87771247600423,-10.2722477448964,3.57593894261804,-0.0030127682305446045,-0.18739880441688556,-0.09684690984672832,-0.14979581609986437,0.2856562205446136,-0.0999240283085708,-0.28173955996926225,-0.9751830685461003,2.5962683883162687,-1.4371568950592581,-0.023788801471107457,-0.12455951443278077,-0.02502061680469293,-0.076586325294967,-0.07933465604818163,0.1804506776624538,0.008670745736304965,0.20855559888922437,0.049172939704017087,0.09529943574779566,0.0036280971616379602,0.016612784818707402,0.08272607998278551,-0.0010107165613697127,0.3650429498528139,-0.20503653380705247,0.0033833384423812545,0.018224443562691258,-0.07943625430868712,0.06370448982008226,-0.22777788300284052,0.07147201703141139,-0.011320994401461287,0.1033924868876658,0.03732427977026093,-0.17332644806466385,-0.01747720102408087,-0.045663502078632,0.03794135952657557,-0.025273976527972683,0.007007868281957948,0.01496156231775572,-0.08416718339138053,0.021596939638042524,0.0026312141389664054,0.1180586163684245,-0.24133006304629048,0.19643646055651304,-0.3577380952380952,17.097749223509364
9,32.1598357553047,1.97600334789179,3.1239980660303,7.28388975978101,128.558601589346,217.53528934199,180.722195317021,237.679310498539,292.574702668612,342.530071730305,30.4984152910161,-5.47896507156059,-8.54049518214538,-3.43425093285272,-3.41323025438022,-3.92114853846358,-15.1427139349365,1.25260968089903,6.92337895016545,12.3743012788,-2.53454318163126,-9.40488587905143,-13.8189490286382,-9.53704324643227,12.7859225453848,16.4981029179204,-2.21479418871508,7.83179251746886,1.24808628071753,-13.4609511733027,25.4156009026852,-28.7863154727993,0.321339900290808,156.928154772084,-1.25675666202354,4.28836996096359,-14.1351262825349,-29.3993605571685,-11.358033281032,93.4574016830064,48.1187894837131,-20.5691163786967,-17.8129432650655,-40.5165006875823,-18.1814774088748,-9.67559119589541,-14.3806180625645,-3.25994327968319,0.028315513330788116,0.09830273927536423,0.13561556539242062,-0.011170298860441264,-0.11307076459318464,0.01958119013012813,0.4664240245074112,-0.11460010938508543,-1.4333241803393542,1.1383884125538914,0.15387548928162678,0.018008325473138475,0.438922919427103,-0.00047224109334512106,0.0955219573660229,-0.22004857708282827,0.05119919539129881,-0.1416381583362014,-0.02876312631424892,-0.1796485367041136,-0.05511169309978767,0.059100646192266494,0.00825523564665974,0.07026846105583318,-0.2696566972301014,0.22263101107273786,-0.15241655730738848,0.051603778833152356,-0.0716543262543049,-0.0698016005807134,0.06730728330875656,-0.03784596337118854,0.06423493933347012,0.035597455389764256,0.018273750433784423,0.17078050959366817,0.12959482649891604,0.08630576018347368,-0.0244606550775932,-0.054618063995314166,-0.027292226334005597,-0.020643515624796615,0.06736503831321244,0.01229508670306451,-0.028931771661090594,-0.05860138503850701,0.10078277345963743,-0.04614400996113254,1.2341781874039937,18.507297796553257
34,16.0437848698466,3.94205985533212,1.52522588467392,2.423130755791,50.0035065632518,97.4561412119479,82.5345713098745,65.2324519811198,48.065221327587,30.4984152910161,16.5053595544401,-1.54670535347769,-1.16741573072294,0.616236548077918,3.2592970511782,4.09199829435658,-2.79224428139212,0.779348834868244,1.10275791506004,-0.286893011554109,-1.15907475301349,-2.17121353767589,-2.98680398300582,0.546303401597573,3.81655952761464,8.34184365771884,5.07288663779214,1.56661548609255,0.175718263726877,1.37227161916295,22.8473121018577,-0.900437675835834,-0.700045745545693,85.4516755505788,-0.393572738693517,5.49880465517268,-0.276067031443838,-3.45545472215893,-1.69478075281889,-1.74741402337025,-1.55448190478778,3.57698628009068,0.521271017042905,-15.3122146296811,-5.04053091195182,-2.11481477098235,-1.98391237465253,1.38991320562461,-0.0030347498988215144,0.24734496708841405,-0.0443625868406671,0.06712790684439254,-0.21877340956132987,-0.10956984991856858,-0.027334795141451724,-0.38389532524568715,-0.025807996144476864,0.1542213657383393,3.8605475028516394,0.08268555680086813,0.1333638091661722,0.05838114849609266,-0.7287858177675386,0.1772969676886188,-0.5280812008598842,0.006134440259538483,0.1645213758483429,0.5753144174054138,0.09191204674749823,0.3612405344259819,0.03040056363793703,-0.008468372525853769,-0.32440299932810085,-0.697201326894523,-0.04282224234662527,-0.027665808214537336,-0.22587001932267758,-0.19077667406279789,-0.26710254057492505,0.02767979393784149,0.2960211960926056,-0.042940595434222184,0.11840258851420263,0.22160670825339532,0.18777717167955027,0.1744723153349603,0.0009158615444925919,-0.040237050502608875,0.1789849794008011,0.024526995524891307,-0.13990727949805368,0.09635574242418339,0.017618072548017193,-0.14281120250180243,0.24689270688531553,-0.053611308349309605,-1.120142089093702,4.061447962788647
35,-4.25918010560113,-3.06991190233872,-2.47166840711034,-0.251576247492999,-6.55686733119066,-14.1982009969334,-12.7314849406293,-9.61832611332743,-7.74690688976315,-5.47896507156059,-1.54670535347769,3.32052867383513,1.39202873818634,0.818858575229599,1.68493857759946,1.66139387818056,1.14303578400402,0.365776653277636,0.368348827784498,-0.334333948079809,1.11602162543731,1.09075832879087,1.59799382301561,-0.306619473972731,0.443991965062733,-1.09075797323736,-1.90793563400764,-2.21684830520936,-0.703326017553442,1.3063960240758,-2.59650546819459,-0.650807174929329,0.307465889566964,-11.3273299124779,-0.726171028120796,-1.01965686866245,-0.110429185182836,1.1740847689197,0.575085120293496,-4.0349562247542,-1.73741023744591,11.1458922309767,9.95951759147733,4.61838438312693,3.18306377344345,-2.20461072954515,-1.6625454634564,-4.0481176559788,-0.0013262301236616548,0.08950281849227891,0.03752864276454295,-0.1909757994547696,0.1259929564182167,0.15595932354491399,0.3729921813615872,-0.09038084773112334,-0.09920236361459299,0.022730459309800357,0.0911655917730865,2.41033827003456,-0.5692812725731914,-0.0980365180054538,-0.3387383768049744,-0.2877130294004372,0.09070634613289091,-0.20464638217439193,0.21520384712347004,0.6775248380525299,-0.34509664104622767,-0.12658712632228,-0.37616597126526646,0.2561888483005182,-0.363681744657468,-0.006891024211308154,0.6109591426740446,0.14766100803338222,0.5724736421153114,-0.007927965471835736,-0.08265730308190117,-0.05342228075782522,0.030338289606676644,-0.39373529791412953,0.2847685035452834,-0.38081427689364256,0.018365439242399438,-0.032678464438309636,-0.013044337989189728,0.06861424344071138,-0.14618431666704618,0.0774154724915307,-0.08725440609643939,-0.015105241149411565,0.035137107299241147,0.12419207630259244,-0.24095641684246868,0.15273510000422658,-0.5940860215053763,1.8194858267750058
36,-1.67505536257273,-4.01132479021319,-2.11601416298468,-0.660357440323762,-6.41176297483871,-11.7547472197768,-10.1657385481135,-9.10362870429403,-8.63806318576632,-8.54049518214538,-1.16741573072294,1.39202873818634,4.11085125448029,1.68821835799318,2.50563416855358,2.24510195852989,2.02113367025768,0.86552220937826,1.23251385066476,1.74357358858857,0.964921611833934,0.836225891500579,-0.562151235169067,-0.987451293170677,-0.569030709546241,-0.723067579866736,1.30460285435589,0.0736023642275512,-0.851562512629549,-0.723544702983441,-1.2262083006914,1.12999536876754,0.413167140870525,-10.1606282041763,-0.342662470539591,0.133623767790535,-1.18014351459359,-0.439742432520319,0.416451324878136,3.2591990390831,-2.5089117241507,17.0298483868924,15.7009205019538,5.22691490374028,9.5623484483219,-0.750472063196652,1.52580953627617,-1.15977231358672,-0.17721945414217125,-0.11950423271605459,-0.055638215775728084,0.043798528637097295,-0.010201231927499867,0.003995130573052932,0.23237579330336577,-0.7996602626738091,-0.02406217231141121,0.4356777462241696,0.12912470285177322,-0.567748484047095,2.41057244253772,-0.009284098819066564,-0.23995018647904723,-0.5986494738368467,-0.06985018777185187,-0.04008433725732802,-0.019013709092546214,-0.5010310096433154,-0.05043188114324652,0.04726426310170918,0.45642407211120123,0.023245631560021268,-0.16442114021466908,0.3100274584859961,-0.4416309444181874,-0.2076478893397849,0.3489847360517869,-0.1239451221092513,0.057446804924812626,-0.019496946982993108,0.10053713670219143,0.33022518781544835,-0.032542444905039096,-0.31746020316861484,0.19528583327711838,-0.021905298647545784,0.08095986684102979,-0.21627381613529037,-0.029637573089636146,0.09258405355921355,-0.1563863485713843,0.0619420596333803,-0.010938073788992244,0.02101976026277042,-0.1554154140723743,0.474246791161421,-0.04569892473118269,2.0250558645331953
37,0.12496813898239,-0.951413359849653,-1.20927324843494,2.92872879866973,1.01242427509372,-1.26124260823285,-1.14506686835497,-1.54670232509513,-2.33359374611381,-3.43425093285272,0.616236548077918,0.818858575229599,1.68821835799318,5.02995221027479,2.45695128463844,3.7203775554464,1.85657443901124,0.767412250168364,1.38002921178783,0.211376124745381,1.00641380627842,0.576107984146412,0.211655790601634,-0.0542442749656273,0.491360941566954,-0.542282223095122,1.38804420965684,1.53914555712765,0.181905931833903,0.789256564206051,0.923004397672569,-3.66821279291125,1.96715038741806,-0.282873290677709,2.0720194420332,1.09772828891136,-0.105061208492494,0.46787451387843,1.2420033994059,-2.42890477277553,-2.39828861611518,30.1444945200491,22.9598366972281,3.77456100028176,2.73467983043739,-1.00036241440874,0.129203020436596,2.37641055175055,-0.0277913407326604,-0.5772594645201875,0.08633301780868677,-0.13893124568278245,-0.16812239665362064,0.19625855312743662,-0.08720311896231725,-0.0070950318265987425,-0.08535337007169917,-0.002948937592739435,0.05707753812767693,-0.08167129534458752,-0.009003632741820542,3.6012720562486327,0.18165950276920015,-0.13135902988370943,-0.23073577811048615,0.022344722593668064,0.12926327446994582,0.48413224350962825,0.13895295138375588,-0.050207414942762985,-0.4763131698641242,0.39565292851962036,0.18595031169183293,0.7365059590931394,0.029128209904885682,-0.4753630506926854,0.01484534722765332,0.1455593476157759,-0.12860738103204147,0.09898155540531756,-0.02973579652598428,0.007933000510685082,-0.4846757444888893,-0.06575544384981472,-0.014269938196185267,0.009912992403419961,-0.2895727642819568,-0.024128317170696773,0.2913865461530258,-0.10523526597134937,-0.4897192114161318,0.3330810753896571,0.019404275879152107,-0.012412755708723617,-0.20125891191293074,-0.08521259886378765,-1.403225806451613,2.2405249854163176
38,3.97420813279387,-0.962702241507233,-1.44385043156239,-0.95173968267336,1.82833773131773,7.94989744622611,8.83572683458879,5.74032487811773,1.7784828849516,-3.41323025438022,3.2592970511782,1.68493857759946,2.50563416855358,2.45695128463844,11.0856869772999,6.4452428356751,2.70719225745271,2.05798320875779,2.62084324199457,0.912864531400613,0.251626197017155,0.0249025324184114,-0.494719028304452,0.453803838978435,-0.118997056815207,2.77640973372464,3.96708714927375,0.0415043103306194,-1.20047179198277,1.80879974332149,4.71835390329361,-3.12128262292624,3.02985715311122,10.5701803517995,0.228993652004677,-1.63017201498578,3.58017125607018,0.404257843607818,-0.539063490960377,-11.0043506402613,5.08196910795283,53.8519160964339,26.3548887818544,12.3633866960387,24.8321102679046,-1.45785252359025,3.09354031655255,0.128497188080697,0.1297799613477954,-0.014015107811636965,0.1349086297837721,0.03678404774183923,0.18520135681036526,0.3679778897929774,-0.0374279551865819,-0.3526586879549789,-0.08709191095015803,0.09536615440968221,-0.7318052327500961,-0.3356231304332491,-0.24176737865170536,0.17934805396314205,2.7226221617668975,-0.5915439028797399,-0.18697632015693688,-0.12783184361772612,0.2272266788617757,0.0855150737971545,0.42040943239427897,0.11919608230056414,0.1172813390564332,0.11333506051543384,-0.36353751047828314,-0.4104299240776143,-0.31284226464886744,0.09140200605749754,0.02062866332434836,-0.04359580043180423,-0.3961605446663017,-0.0010975520517066699,-0.21130574734012683,0.01738092230917506,0.3055123538254267,0.03316225488962171,-0.42888768790556875,0.04381517627640537,0.02944445978564645,0.04359591379463885,0.08636910681446754,-0.3258002788972172,0.28004001175374194,0.06897247079310945,-0.2889248131905572,0.01743730462676278,0.10142598068749266,-0.1030031485637012,-1.0806451612903225,3.328015471313179
39,0.883282963842346,2.0776329190124,-1.2099306925873,3.54794209671256,11.8318621608516,21.4432390255916,16.9943674192439,10.4670929435626,3.17843282363461,-3.92114853846358,4.09199829435658,1.66139387818056,2.24510195852989,3.7203775554464,6.4452428356751,11.0472909199522,3.17230153039614,0.933094094971542,0.0654569226712734,0.874773726597684,0.199002183566496,-0.486770550786326,-0.394966163221842,-0.006320619201168,-0.648929755693726,0.335808228033246,2.9455692232344,0.468601937483696,0.321035971041137,1.73001519769633,7.74555648352669,3.51075219581942,2.07165197642118,21.3925915145977,1.28044094559998,-0.14007208713185,-0.329219997685582,1.4091950487124,-0.884241364577856,-19.3986537965119,-10.7282107494936,31.0797550407389,27.4458299148676,26.7616428646598,20.0252241926362,-0.750085616267012,1.922292094454,0.909192706339509,-0.025039279497414454,-0.13573914328608183,0.07594318654439135,-0.18932329398568024,-0.10543545848739894,-0.29958498011944457,0.0576039561791856,0.2207051861884354,0.18494212974140758,-0.22228936807869173,0.17656080973385785,-0.28909573402254096,-0.5977758141198337,-0.13420123542632298,-0.591979929671736,1.8993835913348458,-0.3968035740609514,-0.005364192145694512,0.17552676904602824,-0.26842340463724434,-0.17235671534392757,-0.043379178855942425,-0.0011014993806148633,0.3748610497193517,-0.11902838290021327,0.16509173769072366,-0.13669628088532337,0.420225945396361,-0.28502866969489793,0.03545762197973015,-0.06977250483411894,-0.006574561297288827,-0.40599616296536756,0.017494293815006116,-0.28590126113079617,0.22739999069162922,0.03182632268285755,-0.07627400442345528,-0.1401397208066654,0.21625647453511795,0.02418631855019186,0.11365605811709553,-0.11342075136999769,-0.022377383081086694,-0.10805653353372473,0.14522646045948845,0.2093704268018495,-0.40872883550528527,-1.303763440860215,3.322241851514156
40,-2.59926056179431,1.83105756756661,-1.93711848315615,0.870980172943814,-9.26619673915945,-19.8448200460176,-17.5429703533268,-17.2802209861091,-16.085358692653,-15.1427139349365,-2.79224428139212,1.14303578400402,2.02113367025768,1.85657443901124,2.70719225745271,3.17230153039614,4.66943847072879,1.19907586183198,-0.114008829645469,0.223003405416614,0.772030879303661,1.73930998062718,1.93349932172294,0.568038433360925,-1.29717674109774,-1.79931760242397,0.842315683605989,-0.395262680182689,0.62091731783969,1.29509805494098,-2.25563262510506,3.91022824764197,0.374230600095933,-15.5471974250214,0.683771921369656,-1.96013821193208,-0.482508334605519,2.74075778389017,-0.614348556875406,-0.361061199808272,-0.0137157160985654,22.7472094592154,13.7416516443891,17.4729914775843,11.4067360804609,-0.662694197555151,1.69214889325309,-1.04014675474767,-0.03389652931064998,-0.25569320348840463,0.08082440970959376,0.2162939461527033,-0.38786154392206557,0.1135698073584636,0.033874423434298716,0.08033571293399007,0.007519370918891298,0.04424003868000215,-0.5264417684043804,0.09563178048469848,-0.07605533527744351,-0.23187568007568415,-0.18993731451567009,-0.3986343419474472,2.663893349624566,-0.03751905641387838,0.07634096953400081,0.21105091565893794,0.08380474468679344,0.07568906634969019,-0.1712937702590117,-0.08651381151879892,0.15864318443343142,0.33428526558853516,-0.00693427943292413,0.2399579641565351,-0.9342996914947411,0.0014665581440799923,-0.23939732268058145,-0.00526888224180034,0.1296479355215715,0.2183358025513851,0.05572769916336246,-0.05414378836280115,0.6592492714464631,-0.19078904414587436,0.1682110273686344,-0.13421057708172682,0.06670324051893387,-0.15160828196768658,0.15940756368422776,0.04096803168593254,-0.1545346796692539,0.41790126663849947,-0.3207581423313853,-0.003294768173183943,-1.1935483870967742,2.1585732488680556
41,2.26591355600499,-1.73005552487448,0.807415943559708,2.07546242743586,2.75458744797573,-0.0463785010441934,1.4379765883293,1.14816296024028,1.05269813198601,1.25260968089903,0.779348834868244,0.365776653277636,0.86552220937826,0.767412250168364,2.05798320875779,0.933094094971542,1.19907586183198,3.94254679410593,4.61011252811346,-0.0926798539986328,-0.127533604739443,0.617086158213324,0.283315549137211,-0.671546842843359,-1.10522924245858,0.434721350102226,1.97442103127318,0.0979775333388104,-0.880859508605028,1.60946643785941,3.06469499648752,1.78868698897027,1.89216984660516,2.0477262292275,0.113456430853128,-1.09242818105127,-0.209431932709868,-0.588490224054121,-2.85812766119007,1.32838891491378,1.6316019394022,8.13101840910714,2.70540701540592,-5.89472910176304,2.80033370321743,-0.947203184031124,0.895064550426559,0.207148684883513,-0.4480549403077463,0.23449672890475015,0.1185548472363938,-0.10012163440293717,-0.4831786791185573,0.3563265139726945,0.13707866587045778,0.029650026430346275,0.21004798072970335,-0.14034464792685516,0.004434045354338394,-0.20881541274524473,-0.04181617719792962,0.022549980192088807,-0.1327936434745619,-0.0058634043127339065,-0.0369793034619562,3.263557085070462,-1.2171289009991455,0.2770733337607302,0.014023812712874955,0.02991155646403025,0.2682817210750913,0.0471769618093234,0.3824799435845709,0.10989026910253047,-0.29821315376077356,0.10308576013361717,0.3898393483635145,-0.09799505942431566,-0.5783751442201976,-0.0010488580989206132,-0.2608763318949409,-0.16633824315649381,-0.0035935497126125234,0.0117215227718872,0.20913643130229748,0.0815790885338158,0.04784834072702755,-0.07619767144049959,-0.042306998380373426,-0.08011448682250193,0.24028161236175144,-0.20510505049586555,0.0921868692508143,0.2596791213092306,0.11640281064989064,-0.03254662174796475,-2.1729390681003586,1.9830649999699792
42,2.58666494568289,-8.68593967482766,2.82311078523858,0.258763408350739,0.922465941916937,-2.72320169337111,1.02411302936011,2.86395328299635,4.4146224613867,6.92337895016545,1.10275791506004,0.368348827784498,1.23251385066476,1.38002921178783,2.62084324199457,0.0654569226712734,-0.114008829645469,4.61011252811346,9.19997909199522,1.59736189989796,1.60749241418398,1.14931671862068,-0.19515533322647,-1.82922115896379,-0.657470657129277,0.131686199793991,2.41113573259981,-0.734221278587625,-1.70166755101526,0.973885271827343,2.39788014213426,2.59275874979072,1.51902900639365,0.642637440052109,-1.40276648353909,-1.71806958399361,0.620775305965883,-3.02997289723098,-3.82071884731437,2.11287868537592,0.719060654398282,14.0077083310999,10.5009178512837,-20.7105055582283,5.11532544964563,-2.41279457606195,0.250414622660365,1.19481463711093,-0.10189726475764636,0.19563211599111202,-0.5779712205604028,0.030417294288919323,-0.11278656065613768,0.683503312677724,-0.14098958263977793,-0.23309668625084504,0.045140776926024986,-0.02910634144702692,0.16523784667213526,0.21742756162262952,-0.01752668439307988,0.12922761196806887,0.22511673488467984,0.17626555926930243,0.07661779743057384,-1.2167653244622074,2.556741607389649,-0.22276917459434747,-0.06137319722080081,-0.08961188533244063,0.16744226371909823,-0.11980093181466307,0.19293079046348724,0.07707897138342697,-0.24135391507962126,0.32512217350416434,0.2980701751165017,-0.26950576036869706,0.029517335638740476,-0.053105866099388756,-0.4081518434155142,-0.44310417947969927,0.1026783765055679,0.37471885244838193,0.22894072953515318,-0.05923779739179044,-0.024493153765771544,-0.00020098878726579873,-0.026503292948740445,0.034981366425644755,-0.27556536943009735,0.19483927902883397,-0.04615057804045861,0.24816266478823631,-0.012972501539607035,-0.055535693099562515,-2.0474910394265233,3.031497829785669
43,-2.05024779089256,-4.68687123963307,-1.41793300802524,-5.11824071685811,-1.53885656439317,0.419901597131555,-0.0391783993501169,3.83433308514996,7.9532499654961,12.3743012788,-0.286893011554109,-0.334333948079809,1.74357358858857,0.211376124745381,0.912864531400613,0.874773726597684,0.223003405416614,-0.0926798539986328,1.59736189989796,5.68299880525687,2.73791966605466,1.71379586008423,0.0836348536130924,-1.5605586976713,1.00717100388333,-0.667478231528276,-1.30869056207408,0.73719436411697,-0.781389685036938,-1.38725148826105,0.795223767719764,2.07526677623852,0.70780216472389,-2.63734764799589,-1.16980927642717,-2.04037168542988,-1.97879670636376,-6.32683410772343,-4.4866538725269,6.87222938173353,-1.87983008708589,18.7594871474758,18.7113336237,11.466626291156,8.59078619317265,-2.89505718129348,-0.0686691875598775,-1.26902147912114,0.21168211432557593,0.20172710357165882,-0.21788138763355122,0.12313282618369666,-0.005658447855315204,-0.3815603706115659,-0.21042106790630122,0.281564232968992,0.0949621913655373,-0.17990185635497022,0.5737413578084808,0.6885377871966601,-0.507364446056618,0.47649106197214686,0.08499379739271744,-0.27067762785411614,0.21129304626527934,0.2805862183172,-0.22685712436770414,2.372919872286124,0.019820511759912823,-0.06663641592137634,0.07305478501229258,-0.014522591120048414,-0.5030600310684432,0.26727553872038445,-0.02941634975105453,-0.3015478444980063,-0.022739358741361664,0.015885508138243125,-0.0007798901602881943,0.015827682398117767,-0.16326096527856274,0.31709436096114535,0.5455855470926189,0.021766270758582583,0.1668119911734748,0.05634451375161734,0.21497201066062002,-0.06367838758228979,0.07258831856498586,-0.11280965263546917,-0.004736660817510148,-0.033315560469087756,-0.031131847709215846,0.2531639593521901,-0.2208680634246335,0.008513562482356548,-2.198924731182796,2.381805786636868
44,-3.46413311605377,-4.0398769872695,-0.766699501698228,-5.05244112252084,-7.83057049389448,-11.0846941502089,-8.9722645845082,-7.54189825129688,-5.19978152915907,-2.53454318163126,-1.15907475301349,1.11602162543731,0.964921611833934,1.00641380627842,0.251626197017155,0.199002183566496,0.772030879303661,-0.127533604739443,1.60749241418398,2.73791966605466,8.09153001792115,6.16759683339271,3.36631905689475,-0.0330205174976312,1.45527456951039,-0.413328261424189,-0.448238201171117,-1.79837839728825,0.542762173074513,2.62704488991096,-0.106154475034877,-2.53780183846533,-1.27421177872536,-9.08247341424028,-1.22824260345364,-1.04134450204866,0.5862786751063,-3.03160285991309,-1.86846173922134,10.4673627906594,-5.80678471737573,20.4801468104195,21.543765005468,12.5378431140376,6.10213650928004,-2.23210893740964,-3.20918772017088,-0.639681389070114,-0.41065805711878334,0.22759474086120507,-0.3564495128207205,0.40770890243858116,0.004306398375163031,-0.18889855454100263,0.29319269364581896,-0.045362653207472944,0.0012706243415813471,-0.06051373727452174,0.09245729978760596,-0.36316181437330086,-0.04517194422944222,0.12856190062048423,0.4102531236138425,-0.16015534315621838,0.07487210659557254,0.013310442845179684,-0.05559427809990533,0.021491200458529744,2.2779143403766735,-1.2161947691276245,-0.10799751458594418,-0.17736785730547544,0.19209021160275289,-0.16392531408274963,0.16721859533570654,0.15935686131331056,-0.5192677922188652,-0.35752034341782646,0.13521642066535025,0.02797756137698256,-0.020677671736624558,-0.016016120474763147,-0.07188906327081662,-0.5061991421586278,-0.23927944877040244,0.21973864021810952,-0.017768954132185072,-0.06442102283848894,0.23423418115322128,-0.07805585310358526,-0.006444701621445137,-0.03677533997852564,-0.09318819842798852,-0.034192946170528586,0.2653821710611204,-0.15010243496701584,-0.3252688172043011,2.842803197184277
