,Cov_0,Cov_1,Cov_2,Cov_3,Cov_4,Cov_5,Cov_6,Cov_7,Cov_8,Cov_9,Cov_10,Cov_11,Cov_12,Cov_13,Cov_14,Cov_15,Cov_16,Cov_17,Cov_32,Cov_33,Cov_34,Cov_35,Cov_36,Cov_37,Cov_38,Cov_39,Cov_40,Cov_41,Cov_42,Cov_43,Cov_44,Cov_45,Cov_46,Cov_47,Cov_48,Cov_49,Cov_50,Cov_51,Cov_52,Cov_53,Cov_54,Cov_55,Cov_56,Cov_57,Cov_58,Cov_59,Cov_60,Cov_61,Cov_62,Cov_63,Cov_64,Cov_65,Cov_66,Cov_67,Cov_68,Cov_69,Cov_70,Cov_71,C_0,C_1,C_2,C_3,C_4,C_5,C_6,C_7,C_8,C_9,C_10,C_11,C_12,C_13,C_14,C_15,C_16,C_17,C_32,C_33,C_34,C_35,C_36,C_37,C_38,C_39,C_40,C_41,C_42,C_43,C_44,C_45,C_46,C_47,C_48,C_49,C_50,C_51,C_52,C_53,C_54,C_55,C_56,C_57,C_58,C_59,C_60,C_61,C_62,C_63,C_64,C_65,C_66,C_67,C_68,C_69,C_70,C_71,Mean,Std
0,53.0587007168459,21.9161246762511,-5.9462622443829,-10.9500554332099,-8.00751372421358,-15.3621481602384,0.516354330082954,16.89122520544,4.78522137387445,19.6964051042181,18.0732384278754,4.88356918363661,37.0176038104661,33.3463290693955,21.5424775295653,12.0686360615873,14.657479584114,18.4071515151999,2.76742941861159,2.70099086467529,-1.24153108476411,0.567187922243535,2.11812610735078,1.22865142376459,-1.45997386277183,-2.90162770829223,9.73138889117107,15.8833029949822,-3.63642872637789,-1.06729585600597,-0.0098071884540185,1.08384696900945,9.12485393164697,-6.15883631694654,10.7274291442995,13.141744502625,9.06560391468186,20.731551886892,19.7156363940907,-10.3225243082613,-0.654610009243223,-7.70455625936022,-12.4502579527274,-11.7429251404141,13.7453852893852,14.303269728868,-0.5640017825218,15.5573665789024,-0.432922235232964,-0.104224820732053,2.21749658484586,-13.4516366461136,-13.4436215043408,9.03621823144272,8.49173764403075,1.25252145957322,-4.80404633613708,-13.1069231406007,2.092424023379071,-0.9555382407528431,-0.07420604800802917,0.027919419502886494,0.1454336792224905,0.0784015865015359,-0.04445991838805693,0.036628637753570246,0.07229669579673809,-0.06880090531775443,-0.24601184390481906,0.3178765338738558,-0.5011066290000693,-0.2618703155059404,0.06177789120502219,0.18142163136964393,-0.2423656664792079,-0.17941502519498817,0.03302511948877302,0.023694696456063216,0.2540840704484878,0.11068223319022924,0.12127443449803696,0.1770777905758594,0.013665655128420034,-0.004174776907937167,-0.34961801845564433,-0.3464358475782142,0.30526209675493965,0.03299138712096061,0.19665018074736662,0.3900260934857301,-0.2131480165855775,0.08766347843732536,-0.1417849117774878,-0.1558049794885617,0.024512235898329418,0.034543674003831605,-0.6395022652558835,0.010459965463181172,-0.057148003394685405,0.4150128137939165,0.038993003167236605,0.17015747612858656,-0.08624522353426041,0.1660869538265117,-0.13992236896547952,-0.19571612082864084,0.03441122666407335,-0.07622625624934332,-0.018971407620682182,0.04858097521613241,0.31004026811725954,-0.39171304562562137,-0.17416927291927775,-0.016605287164746442,0.07604403927353995,0.34136263785192583,1.8091397849462363,7.283453900234823
1,21.9161246762511,49.9413769414576,44.6858862394995,44.0608967396421,47.4124303556778,39.9981358756499,5.89119667464317,-8.89957381400864,8.65973229946554,5.65250027431049,-10.5834415942569,-7.41362073103445,-8.13672524942247,-12.6031784880641,-13.0100337321178,-20.7001673474202,-17.2706676798223,-13.0613432801121,-11.4727748603399,-5.91510056493744,-9.47126026932186,-12.2958937091164,-14.3641836359094,-12.7004371088003,-12.1155471023863,-16.911170806888,-5.75446128476179,-3.02545478099107,-13.2709625854836,-6.6826189735477,-8.94125361622492,-1.82293872771174,3.80474452415766,-7.15917426799484,-10.3636872190906,-3.74051333748642,-2.54186237021931,13.6198692656216,15.4827488953159,-4.21360299239892,9.87973706674055,14.2670205358327,-5.01888142883911,-8.31378930232699,-10.1662743607219,8.31009673607339,0.798283702022234,3.79826386135827,4.13906636224757,0.63956321849881,4.99326349061027,1.83852502651821,1.63220757121471,-9.16301021797461,0.527642715144649,-2.93504894620504,-14.0478332532272,-0.892685523706683,-0.9555382407523527,1.6417957066494508,-0.24991355752118827,0.08030429591910752,-0.10219128141865524,-0.19865302802146162,0.1184514229138876,0.07758743513017943,-0.24800678274045376,-0.005603565250484509,0.24212130915483224,-0.12540755112056404,0.18051176671395014,-0.006987931481859697,0.2118366606021341,0.10736610564176867,0.008049114142807927,0.0446637456373945,0.21915478310525746,-0.1256531950921932,-0.15574672351883123,-0.006444486011936641,0.09603497303526166,0.21060506055598435,0.21535735139456258,0.4058729508826094,-0.0041654288352213995,-0.39018605020153263,0.06502953090825019,-0.17045855013396727,-0.20578413741531046,-0.1651116504918361,-0.44807793220428743,-0.44276704459361327,0.180948068745327,0.20865154197492256,0.2049843638300964,0.01033050579684503,-0.4262312666911143,-0.2173927413146555,-0.0019474006267937482,-0.2537796852957538,-0.0013955912300596728,0.11446377398377615,0.24912303846735617,-0.19044102037574837,0.013860271831177771,0.033078969259240934,0.1870339047009038,0.05515229487927391,0.1734541182069715,0.35227680581926607,-0.13901368443021253,0.046413991466963615,-0.024096352128449235,-0.014185683785314429,0.06520209893445347,-0.31120065626861787,0.15161290322580653,7.066213762791045
2,-5.9462622443829,44.6858862394995,169.978224462366,137.017729096022,98.3048353322608,103.965270188225,23.2320687311221,-35.1622038161734,-15.6642621553649,2.87924417684537,-33.7207533424676,-68.7677103487077,-61.1260422013961,-61.8793271206732,-47.009575711191,-44.7244841852715,-34.9157714329422,-23.7692019960065,-10.4008244576135,-0.481384992844526,-14.3662554671016,-19.9590008798033,-25.2795718919133,-21.6532488849945,-27.8547538777804,-38.5545222515443,-23.8455878444342,-43.4264522857516,-43.6356088447709,-34.3443800285193,-31.9955740039409,-12.6922545015351,3.00318028169238,-13.66043697025,11.0586163688347,28.5289217366907,6.78269269347251,25.2915673791559,12.9241541732879,10.1903513013221,31.7027656085357,44.6756887701392,39.372648010568,31.1691039897306,-1.08585969747923,23.1073205685481,17.5284252852842,17.6691223162262,18.2615183998756,8.53024999293193,14.0796808372701,33.7495459407783,39.1703277349383,-18.096189200079,-13.1131717664751,-33.2927136170287,-31.281080092917,-5.22648428699027,-0.0742060480073362,-0.2499135575209645,1.2578006275143128,-0.7064194348324205,0.29233762486870823,-0.21409212082205906,0.01382720228405246,0.2675193870805527,-0.0804347185668202,-0.05515632169871957,-0.1615696332736052,-0.014450163428800646,0.00958069852519742,-0.16996452289393474,0.26553481083942226,0.2691463647042858,0.07433951329539239,-0.01802314774409723,-0.3367914134783214,-0.0794637824445973,0.04226088621265868,0.009806528670769565,-0.006460504450596403,-0.02743794416938971,0.010460812570799317,-0.1433561220218589,-0.009566731638673574,0.2454574041129359,0.2712127860496557,0.20341074541464574,-0.10535770228227169,-0.3789850887359934,-0.28398301892584005,0.1738427505998765,-0.25182033501635476,-0.12964800740685545,-0.1047249764465299,-0.2921716638612259,0.054776240754273946,-0.011344283152845936,0.025078604679534783,-0.06335678745115919,-0.22436830347469897,-0.3435409653706415,0.3369913608459568,0.05716372127958749,0.18233607265413881,-0.23886739984626262,0.05880363653089437,0.034486980844383765,-0.35578361094962996,0.1149148541519776,-0.5561759546507021,0.35692905258240903,0.14313611678561777,0.16396252615740706,-0.0803576461278364,0.20918982888369453,6.5586021505376335,13.037186217215954
3,-10.9500554332099,44.0608967396421,137.017729096022,199.420580645161,191.715866708345,147.258696767784,38.6659558521382,-36.5681051352525,-8.19107328357329,7.28107679071555,-30.9447604325811,-71.5478728694085,-63.8325630193551,-54.6255119347774,-30.8520075420477,-27.3154270089336,-29.8698784081392,-28.6426137133995,-26.5161012952449,-13.0134897792958,-24.5949767223843,-31.7149851188076,-38.7105387420537,-37.9326057266003,-40.6983429019048,-46.7486845854451,-43.3997241859693,-64.8143710687591,-52.0626197658239,-39.08802215332,-49.3783902695398,-31.5779733324378,-13.8137976515824,1.66103752805719,-8.6835669864103,20.8792301174734,-4.93094512754437,20.8883171428146,14.1621259039379,13.9338210230058,33.9922599758804,47.2926103358147,35.6269984745369,15.8780372950807,-7.92770556808778,10.3827395345442,18.5066491482068,3.55551318721327,13.8205021423565,8.06138865767113,-12.0812057991647,34.1966095811312,11.6905953548715,-22.6838064271088,-16.4498332973068,-5.49518979528868,-43.0637976552601,-17.3209144029727,0.027919419502085915,0.08030429591901317,-0.7064194348322411,1.6256250376271248,-0.9742758786935348,0.33094805307480496,-0.2927189465711312,0.03235725863559014,-0.018151225174279435,0.04346981194660622,0.08261806863079492,-0.011505535187931975,0.1613286960838813,-0.004812945659797234,-0.47050106454932583,-0.3793643914048014,0.0924549558596677,0.3593747256219058,0.3237737616610318,0.2479851254957207,0.38616573274163596,0.20645490324814608,0.1766010830546084,0.04521533404683077,0.0014291637072326164,-0.11439391095910187,0.010611028043024443,0.04277541086654406,0.15203797570241334,0.01005438935729975,0.08473730693096707,0.19528449521307012,0.04051841411119936,0.33673949894646626,-0.03829059906653694,-0.23912501549564788,0.13706773250873638,0.15550672093342408,-0.13047590896714703,-0.4754181842896113,-0.02857776733561683,0.12187338961951442,-0.18385791919747996,0.08467720171656336,0.11381623022881467,-0.15148414784146155,0.06080286902264345,0.006618214998356657,0.24633578297740089,0.012155147264267332,0.008417271637795367,-0.2048333213825242,-0.03791450991893611,-0.12595845672572498,0.1542361292711042,-0.026195023739560553,0.017714504577518126,0.09968905867407978,6.03494623655914,14.12128112619961
4,-8.00751372421358,47.4124303556778,98.3048353322608,191.715866708345,295.362930555556,284.453937704961,13.2563129885463,-29.6716034438577,6.99559542139922,36.0959559286774,-16.6545437225595,-63.9089352002358,-32.0993709234473,-22.3961475423723,-15.5552721537058,-31.8755342616942,-30.0909380366191,-23.365715120864,-25.080413234874,-15.3422587241793,-28.249880099946,-37.1143796826827,-44.6547458928353,-46.5241629839149,-53.5967088538376,-64.6363938590485,-44.3045386011435,-95.4381136445719,-64.6760615948097,-39.6719055530974,-54.6245801671828,-52.273809065203,-16.8349207972159,0.021653417080328,-26.8706793231541,11.5266888752313,3.16096907709149,26.2476756375758,0.0667468782764623,-30.7413048357454,35.2036555207006,57.042787031344,25.0820917026871,3.40404056777483,-5.84174880277915,1.77569566274499,0.611530099383814,-4.62136955264313,32.8776154442166,23.805373130359,-16.1873817037746,33.4770514341803,-24.0876224390789,-3.61586341551726,-2.81558344517427,19.8970843600065,-37.5318656191661,-5.19534713695752,0.14543367922328998,-0.10219128141892087,0.29233762486849674,-0.9742758786929779,1.5245341770662757,-0.7959304488006352,0.35898869555213936,0.11362260679559907,-0.15025679671950937,-0.18273382867239032,-0.0872199957264351,0.1051360430550976,-0.20767694431115868,0.08611012171460106,-0.05861226115302582,0.09964739843789835,0.05245421329902562,0.14095745326313874,0.04296035642797943,0.10910371238938542,-0.06071970199635846,-0.03229529705684574,-0.0799496217344651,-0.11948173633996349,-0.0016721332331723383,-0.12723117076825255,-0.12386671085267378,0.033191301611819365,-0.04756316413559375,0.043703120993784414,0.049387873065733605,0.09453398537640907,0.23693807808694678,-0.42815975302539694,0.3204931583971107,-0.2066472750452106,0.2610861832001307,-0.26675076831583816,-0.1052779358608479,0.2111438871818349,-0.15244213846321256,-0.20249735952547696,0.16867311995714435,0.018590042960810883,-0.08409128089999712,-0.21375903590415699,-0.127114161554256,-0.052027173978026815,0.22205160323537648,0.09326770515830074,0.42406960941908284,-0.06584668765766127,0.3112901126502345,0.03215521417358406,0.0011684891788033111,-0.12623555446611448,-0.05771660550372377,0.0395463152668577,-0.1500000000000002,17.18583517189536
5,-15.3621481602384,39.9981358756499,103.965270188225,147.258696767784,284.453937704961,416.855151732378,19.2625753336332,-30.0903652659757,5.45395485448313,27.987196772328,-26.7795095697215,-68.4637535145162,-35.7525917212225,-23.442912287197,-31.1960363787838,-60.0215006779639,-46.4425858226867,-29.232897885327,-29.6987115197534,-18.8926229768223,-48.8095253546662,-57.0089899276694,-64.7622710828826,-68.8941130103163,-62.8347235419745,-82.469597810429,-47.841641659,-120.994223394306,-75.8237632411834,-28.4226770704705,-45.3005829490773,-64.8210184005288,-10.6071463110793,-29.8009667632871,-37.6651115506734,-23.6882066281584,20.7205975535951,2.31712377443808,-28.7333029560316,-86.2118206470793,24.2658122308459,41.0690186523046,3.51114590826666,-28.3008676412548,-37.979686517366,-35.8964508708697,-36.4811429464898,-10.1802889568952,69.2361797161616,58.5458284131173,13.5580672614191,71.402580094017,3.72560561065228,17.2285626248646,20.8708786624204,45.6555238092162,-43.4972721736267,1.86215115061478,0.07840158650074212,-0.19865302802072277,-0.21409212082179463,0.3309480530741217,-0.7959304488005113,0.9168187821270152,-0.05335116620633533,-0.1572639133503549,0.14694043868902545,0.1292604312950948,0.08080943973750869,0.0995709378983847,-0.14177669600017476,0.07641727816332605,-0.05015878249848611,0.028592079283199456,-0.06357239456795229,-0.20869605306491865,-0.05320091033634921,-0.1718797612451546,-0.07536865768085359,-0.02179162099133597,0.07971388577367826,0.023331482412366704,-0.09703546847725497,0.08863486786021225,-0.10836115864337988,0.24992732540090964,0.16919690137462182,-0.206108373811263,-0.09665383722667964,0.1621251226445473,-0.2432973628187828,0.15764533613463316,0.2334666476046144,0.04176098383738763,-0.36890818487085875,0.21025730088692726,0.22814407808047663,0.24685816384266843,0.05316966483491292,0.0214888124600368,-0.11816436430055033,-0.0625729699714921,0.06464640044564426,0.26481595111766826,0.09538062174621796,0.0008640737285350651,-0.43132133021504565,-0.3082658193441766,-0.18674882184670635,-0.11314232322259467,-0.05262147221413678,-0.02118079622151013,0.15844138300126434,-0.13325586950907478,0.25623639520054353,-0.14248704523928638,-6.278494623655914,20.41678602847122
6,0.516354330082954,5.89119667464317,23.2320687311221,38.6659558521382,13.2563129885463,19.2625753336332,91.231747311828,-12.2294611531354,-3.57227467887536,-8.08660741606856,9.88990098557972,-1.72847969164826,-21.3213880529479,-34.3216974371245,-23.405944793402,-6.17530030806887,-8.72795247960207,-11.505169235251,-28.0463315280321,-14.245304540844,-19.6851274885134,-23.2711534297796,-25.9920809776254,-20.9980227958487,-9.98516811194255,-16.8172944922346,-26.5371830410849,-23.2556340206366,-28.4574104193372,-5.37197563381762,-3.87119711706496,-8.42549838846739,1.41722722250237,3.30258173840077,-8.89829741139031,-10.0440580559896,21.9018188057332,20.8035739646259,-5.69102765519107,-11.2330424600835,-13.5934674642473,5.74885163559095,-13.4084433287377,-16.7085989316607,-9.5622571881089,7.61170203532152,28.8243064409091,10.5881220967624,11.1435830557838,-2.01107861103326,-18.7314668514357,3.42009016229136,-0.727298155497577,-12.6286566557322,0.84317939119203,-4.37345024981604,-32.8694794616476,-22.0267076969277,-0.04445991838772991,0.11845142291368595,0.013827202284246288,-0.2927189465712362,0.35898869555241997,-0.05335116620646878,0.964436220851666,-0.16254519666841452,0.09185122054199919,0.39481963016901844,-0.2764179547188356,0.10897006920464629,-0.0952432866986429,-0.09500302568283703,0.2792064051754588,-0.35185319420000144,-0.2845815437262007,0.1989711346577969,0.6018269497201346,0.04778159908732028,-0.024704983831940586,0.027462089227070805,0.05669641622041498,-0.0590581817877123,-0.03817338608728459,0.13943484081791338,-0.32172588628264104,0.12664429230270147,0.2723791541192834,0.06674896060998332,0.06412191948737415,0.1019165019654469,-0.07909827341050732,0.051390544303450816,0.4347846639501529,0.03804956866401248,-0.21590532423914927,-0.18045669792837407,0.27042189592445576,-0.14203244226236295,0.012835673125694618,-0.2214842457736318,0.15558875178544349,-0.003551893106126883,0.2892614164879616,-0.05281123111099457,-0.2573285480087291,-0.13304254162391443,-0.21438314796946656,-0.004406043658042958,0.2519189225375299,0.05959416943715862,0.017306345058617435,0.09916783991399936,-0.257474384582867,0.10394805519892071,0.2950244035767885,0.012431911800905852,-3.101612903225807,9.551007659500016
7,16.89122520544,-8.89957381400864,-35.1622038161734,-36.5681051352525,-29.6716034438577,-30.0903652659757,-12.2294611531354,180.653682795699,18.8052256544213,-3.48510313489687,14.0252127431673,-0.0765325241161105,56.0686182222403,58.7332233771746,34.4058861384858,26.3766990280291,24.367959158925,22.5360207145083,2.7710699062831,1.48357794662773,27.1442017534912,30.0760090909906,30.9704049573974,29.9402654651812,27.3730316218896,31.2872047181068,38.206215679693,59.286796759953,31.8077484584195,5.21524455196677,12.6250350247597,14.8597381852404,13.8507214415335,-0.745299990616767,37.0105590351584,51.0095060029119,39.6429210981207,42.9826021428686,44.6592381148046,27.4302885309315,36.6002195411427,22.5095360628489,76.4479257956945,61.3376313083507,51.5359723721627,30.1712817471282,-10.8149050338183,-19.0112912312434,-11.892537396823,-0.426037697344378,3.50164987085074,-8.99934068276009,8.28082558604024,-8.80552620824643,20.9065617243824,51.0990480624308,33.4037014855189,33.6236845968087,0.03662863775378873,0.07758743513004245,0.2675193870806425,0.03235725863547838,0.11362260679545617,-0.15726391335032266,-0.1625451966685028,0.7832528259916736,-0.2290654711001335,-0.2301994890624585,-0.1883874038619836,0.2998499673543249,-0.2985960647560168,-0.011522246011375487,-0.15476359494147005,0.042682064662697375,0.19976678780197946,0.08371989786212987,0.3686162566306668,0.18698169690123387,-0.009330872486631366,-0.09513047900576509,-0.11210719535876772,0.24639864194292402,-0.1801811091372611,-0.0209646778119441,0.15268369108156551,-0.19686416550868605,0.054727826516050786,-0.02230024479930793,-0.0051215183047734324,-0.2966562393562485,-0.10267252705708585,0.19026824969433773,-0.21600861368174099,-0.240654791328463,-0.10808629990867712,-0.0986679741217879,-0.18972916958345537,-0.022476652823334,-0.2753001588081147,0.1100450665182269,-0.26200763691352286,0.0012191260709629257,-0.03985784439459914,0.1363746567951408,0.11927656508496735,0.012568999434491628,0.14296098418710818,0.05538104836587014,0.10511326864974636,0.09355152148672193,-0.29494442718803715,0.2324986659401572,0.24829936936645383,-0.21120654563210478,0.0641719779842896,-0.4065104923673283,-5.658602150537634,13.440375098772316
8,4.78522137387445,8.65973229946554,-15.6642621553649,-8.19107328357329,6.99559542139922,5.45395485448313,-3.57227467887536,18.8052256544213,84.4626321684588,14.4746085496486,20.6678574870233,60.1147789976689,50.2012227128174,42.5382093305331,33.9466406263902,22.9018983207004,12.3608329356142,5.03090011380151,-3.4909684173638,-14.7748172714931,-17.5181518616007,-15.8438650786233,-10.8511890068022,-6.81137308239883,-2.34463688128271,18.5807041493272,20.0868381394825,9.36891814357327,7.45169791360682,6.69799675991409,-7.01239753123794,19.3595726186501,-2.72684413512044,7.25743798036339,-8.69676311521816,-19.5668765478891,-11.7865960715244,-17.2326899599061,-13.9307156724438,-25.7506770612861,-21.6610616536786,3.10555548881491,-7.45238852910674,-7.72735551130239,-2.98447487204415,-5.90374153901908,-32.8570108458192,-13.3604394046064,16.4813060355919,12.8738767813401,3.27157049969659,-30.3551675189587,-18.8040887995152,-12.8728351472871,6.97596350139869,-19.6029387495631,-3.22042572310396,11.570844431746,0.07229669579629593,-0.24800678274045881,-0.0804347185668872,-0.018151225173868597,-0.15025679671948075,0.14694043868912468,0.09185122054198802,-0.22906547110002737,1.4478637517828732,0.019005815059211863,0.23143498562939235,-0.013299166064701011,-0.19303837605048046,-0.2276407519471931,-0.03990154737097968,0.12128467965321549,0.09172060190201707,-0.03420084150950476,0.12302246749707975,0.3856236961926385,0.3245169022315619,0.32864606333918833,0.10112340717678545,0.05100083834298654,0.08761523641483368,-0.4353655555683502,-0.1483366177306539,0.27897045289282035,-0.15712489832592133,0.044369351942323366,0.4432657361141359,-0.8064094885759874,0.048626391565019036,-0.41388012499227145,-0.01533203934514354,-0.03751094098177705,-0.17697188532519925,0.009219202754910498,0.0950172568796116,-0.016173888601723373,0.4975684830850772,-0.11218440232520994,0.14752715536338384,0.0057371359485783304,-0.005334541052347595,0.010835368997395598,0.08539986840801157,0.3704339965518914,-0.3242691854206468,-0.4215906351820509,0.031480096824508454,0.3666454248725925,0.051550703455464905,-0.048109696027352364,-0.22560762777758248,0.22403828563897468,-0.10855160563299006,-0.16074198577008952,-0.8696236559139786,9.189811323877045
9,19.6964051042181,5.65250027431049,2.87924417684537,7.28107679071555,36.0959559286774,27.987196772328,-8.08660741606856,-3.48510313489687,14.4746085496486,89.1052327510433,74.667705357902,35.6001575347242,16.8261391482645,24.6582928453898,27.1137372607846,23.4916455152645,11.6776429306009,2.22431418721331,3.13072106747545,-4.06348382268678,-8.77944319266935,-10.2043433987828,-8.98515458201811,-10.9891652023544,-15.1489969973903,-27.6799458296375,-2.5885959330342,-36.5862317399175,-26.9480946398351,-16.9083355170264,-27.7365133798576,-10.0146618829978,8.90927738483356,8.64514160818169,3.63148928301624,-11.5721111078575,-11.3391109146836,-2.491935484928,-11.77255510614,-44.4208372262591,7.23965348049122,10.5833476049779,-18.9948966486011,-18.6086645519512,7.16331524336855,9.95997007393979,-27.2253926174271,0.720729957054094,9.09059793210972,5.24125786182068,9.5970692982903,-30.1506495552832,-7.3199369201156,24.1064214374663,18.4955829380661,0.86906345925795,-16.9841788643924,-2.21231967690541,-0.06880090531782398,-0.005603565250509069,-0.0551563216981742,0.043469811945598145,-0.18273382867167354,0.12926043129513964,0.3948196301692922,-0.23019948906266252,0.019005815059370917,1.935910329987867,-0.9822277908963446,-0.035521925728004854,0.14084802949522335,-0.0778335101710717,-0.18175033053073886,0.12302305645298574,0.17940687582750683,0.06814820539692706,-0.08543160952822162,-0.030894757111932063,0.001032922209105299,-0.0468166687414754,-0.27186690838696254,-0.06071079286374926,-0.15948226543521501,0.6469395062593908,-0.16497842677546135,0.3941911269559554,0.29905981540393206,-0.03264180254144306,0.009302013623713974,-0.17950541707712647,-0.13823660282597455,0.1705812110924555,-0.38972138479980173,0.0008171831192714173,0.4145129522982886,0.03159004983981543,0.09715805943500493,0.12572461795085407,-0.2309393668451845,-0.20200426150088766,0.10539049641268296,0.08485542919338585,0.03569508476422147,-0.1439270216203015,0.10305296087861819,0.18504761081723234,-0.07995110437499495,0.023430377838608463,0.08727983738419519,0.29750508649551477,0.1478778952374979,-0.28010483902936834,-0.21830471860059608,0.14012828249477183,0.5452659638749526,0.19860587427878768,1.3258202371105599,9.439027108290523
10,18.0732384278754,-10.5834415942569,-33.7207533424676,-30.9447604325811,-16.6545437225595,-26.7795095697215,9.88990098557972,14.0252127431673,20.6678574870233,74.667705357902,115.578062344173,81.3757342394819,37.8090953555405,43.3246968579885,47.5523227642144,51.9857314881583,29.9330332827378,11.329567106399,4.63001756955135,-6.22441543764276,-4.42369343290347,-1.05172113734783,5.18956786962359,12.5537182902007,17.1414674023491,3.55708512390448,19.8726575030817,-0.400761692155245,7.33572665015531,12.4742980998288,8.32376511537341,3.72926509915194,15.1765875288753,21.8697170330247,6.64818794134774,-17.3682608864849,-2.573266254521,1.62318104099076,-2.86258246774974,-26.2762615210477,-12.6409983218455,4.93817293309001,-29.3702560860554,-30.5229815894125,-1.50802016748798,12.567295250306,-28.234359172914,7.69853745377405,17.9427153705742,17.0634444202946,9.1678221713558,-35.2788387586332,-9.1312058806109,13.7628607497951,17.1311503119096,20.2136866355522,10.740807781776,-4.54839721924957,-0.24601184390499764,0.2421213091550598,-0.16156963327395327,0.08261806863133607,-0.0872199957266143,0.08080943973741281,-0.2764179547189022,-0.18838740386194242,0.23143498562932777,-0.9822277908964684,1.2529047526851256,-0.2866115060956179,0.032137053338146135,0.03617323839468281,0.11204737547702448,0.002918062000272062,-0.0643475014048233,-0.16967185931545115,-0.20425006118247516,0.1356764903298157,0.06390351450258852,0.1833570393008262,0.15512442598153792,0.04324038058242373,-0.28027029381007706,-0.18436981096165678,-0.040964540264093595,0.02224413187039302,-0.1837412947850942,-0.033364823555994585,0.05272051828642634,0.235797471844371,-0.07564715580388967,-0.30534381929490817,0.17990616627615927,0.24102177427696025,-0.17312520171916448,0.19576289195480975,-0.006937631112297665,0.07450663198422273,0.022664705520572027,-0.2088945630245093,0.04679184748902304,0.07567261894808003,-0.05179723767036013,-0.12822388748151872,-0.015496721603719763,-0.04659232006435028,0.029676868969786968,-0.37544370120035336,0.16358052475157248,0.19177620706197768,-0.15197955646609357,0.06205358854792367,0.2530038230468381,-0.040232086455626336,-0.611980668678293,0.28708978133903745,-3.5972598190340124,10.75025871056939
11,4.88356918363661,-7.41362073103445,-68.7677103487077,-71.5478728694085,-63.9089352002358,-68.4637535145162,-1.72847969164826,-0.0765325241161105,60.1147789976689,35.6001575347242,81.3757342394819,189.338217891987,95.4181908843481,66.7578690201996,60.6351594426907,53.7182227731423,30.5301195611446,10.7364020345229,10.098462063272,-11.2748028207308,-2.97542564159086,-0.426086543269851,4.71708255130236,19.0365804751983,26.677852766529,41.1537916001355,49.4614643060734,37.2068590831039,50.0583726583898,45.6141329013478,43.0031137044747,24.0456754160646,21.7909723564213,7.11199111702223,-7.01826659572394,-32.8237748539847,5.13618316506601,-6.27290061188962,-18.0170571714831,-9.38483628011179,-28.3914719566403,-7.85099407506903,-30.6804946343854,-38.942285598676,-8.02388613058681,11.4448019440643,-42.1724665744084,-17.2111394744827,4.97297339149044,11.0200245330085,14.0414119669124,-51.6071899873119,-44.0758151891631,-16.7835758325305,16.3330343798437,-2.40714701824332,-7.12145908791334,8.22902175426858,0.3178765338736159,-0.12540755112077553,-0.014450163428198898,-0.01150553518852625,0.10513604305513082,0.09957093789876131,0.10897006920486042,0.29984996735431285,-0.013299166064961851,-0.03552192572763024,-0.28661150609588676,0.8415486183547127,-0.7360438271541744,0.09864466264864934,-0.026109675236110862,-0.2836865552833184,0.054709158080949304,0.49246877212554646,0.002772347571100742,0.09311677508585625,-0.09282538147845845,-0.011838459198081396,0.18282378969529808,0.01803093313379478,0.11834320804333859,-0.037736873886678096,0.0835253989297641,-0.13941288883451158,-0.2236964988770052,-0.013150966382476474,-0.06346555237963465,0.2544671489739473,-0.2948162779440337,0.05479696311295811,-0.09182499224500852,-0.024908449708739545,-0.09694376974532827,-0.11272191975131045,0.08232264503430632,0.009542397316865946,0.22183349522607979,-0.04575861903057857,-0.12661147737552453,0.19034080163994313,0.0939836701851463,0.0077779171738580725,-0.05599681495624236,0.18170706390179023,-0.10578384565834144,-0.05062727214201661,-0.024575770115036946,0.15995112305216744,-0.008259865861842311,0.14251277870860798,0.10373950485497434,-0.23144043109534487,0.40225567822294006,-0.46368947573832003,-4.461200090232348,13.759659076153985
12,37.0176038104661,-8.13672524942247,-61.1260422013961,-63.8325630193551,-32.0993709234473,-35.7525917212225,-21.3213880529479,56.0686182222403,50.2012227128174,16.8261391482645,37.8090953555405,95.4181908843481,137.810242682027,113.056584074533,77.6937751759003,57.7598773131717,53.7903304753794,51.188291187143,18.216648115417,3.82456367403825,17.3389012297749,19.7857690098672,23.7366159696082,22.2951940818132,14.7279806713221,26.9637475984447,38.7886014238737,37.1377241867507,31.1291304293281,21.8270227799282,23.4443599261434,15.1407349524323,11.3611039387772,5.16441832578056,9.83833710440103,13.5078762885319,12.9968564265157,17.5842332536536,-0.643565172792846,2.62313070196968,-8.81516050656292,3.69906896914172,7.5725744771243,3.36989938084919,21.3866398968797,7.06739788727432,-40.0487066650925,-9.21191160967243,-12.7098930524647,-0.875575194140569,10.4222891157984,-36.3183975936967,-52.9012329156805,-2.47772604446234,11.1177505677494,-14.623989441093,24.8823541980216,11.9739496054539,-0.5011066289999058,0.18051176671387167,0.00958069852474247,0.16132869608455258,-0.2076769443114251,-0.1417766960006497,-0.0952432866989228,-0.29859606475587497,-0.19303837605028032,0.14084802949504024,0.03213705333835097,-0.7360438271541182,1.3914130913855387,-0.1886633814558594,-0.2634981705125869,0.33982633072221996,-0.07500543290743411,-0.5150517306625891,0.05305854631078852,0.3184050152884616,-0.11893795566627562,-0.11270391196924429,-0.2723570778985936,-0.022631538761433645,-0.00667995434311555,0.12734108351361656,0.1421890936219149,-0.23238089450039526,0.12694197243555708,0.07052227604659125,0.08246588110490143,-0.014498270902052676,0.06726122428652727,0.07098146538918683,0.10287156221495697,-0.3901536623626012,0.2201798585524362,-0.06178944463502903,0.3296216106088065,-0.08222342870444231,0.16301475450968908,0.041812562890181364,0.16783617529629521,-0.2498420342809745,0.009033584772587604,0.09224724243793915,0.009574788173638516,-0.12108558795587783,0.34929960131528065,0.04328803775990911,-0.3604348963986716,-0.2794997552092973,0.1864846101404718,0.04344493916532963,-0.3554454314290234,0.3265212079590356,-0.2405435916199984,0.37302329115063404,0.5498916406174468,11.738834809384915
13,33.3463290693955,-12.6031784880641,-61.8793271206732,-54.6255119347774,-22.3961475423723,-23.442912287197,-34.3216974371245,58.7332233771746,42.5382093305331,24.6582928453898,43.3246968579885,66.7578690201996,113.056584074533,180.400518387969,123.300282875914,100.848980547893,83.0169785360521,67.6957272975087,41.8519183265691,23.8772275863185,22.8973677805598,22.7269643792273,23.2623515016443,11.7209769606352,0.0844385692398592,24.2637006048809,27.2850371681206,28.3726577964879,26.798929029828,16.4488873916713,14.479159770593,11.7200940997831,-8.29734430435712,5.37491918504683,-2.97523746880336,-0.170652255886542,3.56695077265759,9.82115176304344,4.38813376322329,-15.4192552896055,5.72920562119811,9.97361318561827,33.0761571594224,1.4449539375101,-1.01709174116023,-23.328125700158,-48.5186923643353,-23.6332367774652,-22.0325431828337,-4.94533159306838,-0.857602550505299,-61.3814938000045,-62.7464907959124,-8.46731659660029,-9.61587700265072,-15.7835872641871,36.3804818317173,18.0680623617835,-0.2618703155060988,-0.006987931481704851,-0.1699645228933001,-0.004812945660375055,0.08611012171482385,0.07641727816331553,-0.09500302568262968,-0.01152224601129848,-0.22764075194760297,-0.07783351017062162,0.036173238394331675,0.0986446626487381,-0.18866338145601436,1.2391952647267188,-0.5009098611036942,-0.31841883070927773,-0.23132809612646066,0.10509733805714501,-0.17944236217035373,-0.22518795187811202,-0.01625017303905235,-0.08107989746754381,-0.1814633969188639,0.0594981424140539,0.6216819289901097,0.1501269063581889,-0.18629833325653092,0.22175539943997372,-0.42641134246896656,-0.13475372458981824,-0.26588345082219916,0.04618293258919716,-0.20352480908066695,0.5010948774985187,0.10832356184942377,-0.011471718916417975,0.05585996510373439,-0.11380406664719375,-0.02962880768112174,0.2913997011168216,-0.06525831559039877,-0.15924373715856358,-0.05519968045416608,-0.07534342355738016,-0.1232975550437947,0.40638546381438573,0.1599691629661993,0.15470735485699308,-0.0003091406942311651,-0.026204641933170326,0.4894645594122241,-0.016944871859499302,0.2578204563773601,0.021058736946390093,-0.061024045322695085,-0.1350864190579503,-0.414510324944144,0.004960854696253247,3.6007124595834274,13.430953740817086
14,21.5424775295653,-13.0100337321178,-47.009575711191,-30.8520075420477,-15.5552721537058,-31.1960363787838,-23.405944793402,34.4058861384858,33.9466406263902,27.1137372607846,47.5523227642144,60.6351594426907,77.6937751759003,123.300282875914,124.560280137448,122.531923481912,87.5987942032242,57.264496384144,31.2833850327397,19.2248094719405,17.1281336045483,19.6752276373016,22.5810376792351,19.4992546577462,13.2285096397841,28.9594597926391,27.5101971498695,27.1180963173927,20.5713285179779,19.5616347994727,19.9606900803074,18.4684063154479,-4.23501060239401,40.9736968771982,14.057016261244,2.59947631158595,-1.84707854559645,7.37959060413396,8.77832468805407,-25.5640773370176,2.620176268763,2.18355356208425,21.9571109736297,-10.0343936424282,-2.2738503802204,-8.33689798229938,-35.8912726928513,1.82687286731345,-13.566782490004,0.648816213076701,9.9927956057817,-52.4644870626842,-28.938295288615,-0.874186920480446,-6.62866811272465,-29.5711272743032,16.62937465439,9.88648073672746,0.06177789120519704,0.2118366606026813,0.2655348108394093,-0.47050106455063834,-0.058612261151888286,-0.05015878249821155,0.2792064051756537,-0.1547635949417282,-0.03990154737106747,-0.1817503305305496,0.11204737547672979,-0.026109675236485375,-0.2634981705130301,-0.5009098611039738,2.6441224938110204,-1.342282280311363,-0.2466783648892052,-0.242882204623829,-0.20525953149540366,-0.24087135425345135,0.03233199760868226,-0.0010643369444853171,-0.013221031309258944,0.021349607036448236,-0.048955875457242726,0.03410103430196258,0.40414545148811937,-0.24653726573116136,0.020138549076500617,-0.3544458260923961,-0.06263509751134672,-0.5203241892072722,0.2609826977462087,0.2589461824756746,0.16573029511054432,0.05044895925887316,0.04473225117231441,0.02015821190190558,-0.17805614731653968,0.15062982656916954,-0.022304871463115047,0.03391507825974813,-0.07386018260388533,0.1919222536788125,0.20869765024827178,-0.3164603267171822,-0.0244982959080171,-0.07088686555088076,-0.15456561484410025,-0.061420349740858346,-0.46591863437917336,0.23507724593707077,-0.04022415552991741,-0.25117211846017434,0.013414068897829593,0.06701074793064776,0.11148361593621038,0.07166523467074379,3.069096002563745,11.160209681607578
15,12.0686360615873,-20.7001673474202,-44.7244841852715,-27.3154270089336,-31.8755342616942,-60.0215006779639,-6.17530030806887,26.3766990280291,22.9018983207004,23.4916455152645,51.9857314881583,53.7182227731423,57.7598773131717,100.848980547893,122.531923481912,146.445623718885,103.383207684225,62.5801744512632,23.6643821969596,18.5391059948389,21.0580641403674,22.9018861396935,24.7966268684096,22.7372582834164,17.1357664269155,29.7335948311269,21.8476632197576,19.8423156095164,15.4486679046515,16.3603690118244,19.9289317889856,18.6292986494138,-1.10551845018552,72.1522439127659,28.1377932382939,6.0451847730398,-4.41983283001882,7.10988827442717,9.61331953747878,-27.4383490320806,-6.19530317040418,-8.33776200805148,15.5836098801114,-9.54711693152452,1.96557472763912,-6.38835065657275,-34.1122512908964,5.30857189202399,-23.2081486844957,-8.67517154286043,1.21835525670921,-47.7339604881142,-4.93801554834428,-6.68255459333486,-13.4209069215942,-36.7769922627565,4.7654552453631,-0.511512303782435,0.1814216313703452,0.1073661056414868,0.26914636470287806,-0.3793643914022584,0.09964739843674301,0.028592079281946663,-0.3518531942008358,0.04268206466277479,0.12128467965457669,0.12302305645177453,0.0029180620016847586,-0.2836865552831567,0.33982633072366936,-0.31841883070937466,-1.3422822803144683,2.9770423572359066,-1.38657728961534,-0.07291908746719576,0.018028866102321416,-0.06526813323733167,-0.023780163232850145,-0.07333076580814936,-0.0226198619730274,-0.2017887841491335,-0.05861399547418425,-0.026920198243066712,0.02588084730181826,0.09855042938107293,0.09043219142664856,-0.025096905342809332,-0.010747851577394062,0.006773341383771364,-0.18000850621034967,-0.7744797526994246,-0.15531635283945372,0.002109239126400166,0.1875152504795718,0.049728038546144944,-0.26101370677650804,0.16234272506886044,-0.0039502215374467905,0.08025743896216833,-0.07182134196150866,0.014267355231858684,-0.08975057913773567,0.006731137380817499,0.14708033865714837,-0.1164887048488086,-0.07777371178536073,0.02146359450621988,-0.08524660865101158,0.2662914374476078,-0.32053485933696235,-0.04378235878112786,0.12652556168197107,-0.012416768970399256,0.16684835311959506,-0.07436514512103358,2.347156964898901,12.101058785035505
16,14.657479584114,-17.2706676798223,-34.9157714329422,-29.8698784081392,-30.0909380366191,-46.4425858226867,-8.72795247960207,24.367959158925,12.3608329356142,11.6776429306009,29.9330332827378,30.5301195611446,53.7903304753794,83.0169785360521,87.5987942032242,103.383207684225,81.9525315768822,60.666878287478,23.5698081010477,18.8028872887088,21.1699379525686,20.3732879551442,19.4752231968422,15.4652465188538,10.6218769177758,21.4853213093147,15.7516248459386,16.9404771515541,9.76140885175272,6.60374967393121,9.86649846353261,9.78160011612712,-4.43082243697577,47.2812212370277,21.8086991864447,10.387124039444,2.32286908642388,9.56001612562899,7.00654152475022,-11.9043388978533,-3.49071440464848,-4.33901345240749,21.1134629399256,2.34513532222069,6.70371281790025,-7.21975804563358,-28.408433722115,-4.6021461764402,-25.9632351498147,-14.1170180482511,-4.78513238728182,-36.7734161972365,-15.1689458911215,-10.1683746849569,-16.9399979811187,-33.5579951087544,2.67445965814041,-2.18445214921974,-0.24236566648053962,0.008049114143285421,0.07433951329623437,0.09245495585805115,0.052454213299483694,-0.06357239456673597,-0.2845815437253904,0.19976678780131554,0.0917206019009081,0.17940687582885229,-0.06434750140601082,0.054709158080538306,-0.07500543290865257,-0.23132809612636454,-0.24667836488556225,-1.3865772896171344,3.840733305539882,-1.27277742074306,-0.05781182180150674,-0.2388949512492584,-0.019355704998838884,0.030897840181770594,0.0663997374876308,-0.13414374183300795,-0.2224955490418465,-0.10561500459723767,-0.15700321816414464,0.04868361727095866,0.08564447548673962,0.21544566080790453,0.05617296704832398,0.23345692856868155,-0.10930800848640072,-0.4734629232237458,-0.256604085500204,-0.04760119491004595,0.015238928085791791,0.22593056105822215,-0.053730374186166906,0.07564917584999412,0.0007222974782774477,-0.11826650666797138,-0.09725093105633921,-0.04089306652338705,-0.0728389231329421,0.07413965256371466,0.10010968048118485,0.14826553837476392,0.2267336175314625,0.044988468894007816,-0.02200973356446673,-0.01085762359422434,-0.023753720840540768,0.10771577153937455,0.02852842025016157,0.006166379292308664,0.03275220352695402,-0.06781352094482963,0.3201104003523359,9.052211419144067
