,Cov_0,Cov_1,Cov_2,Cov_3,Cov_4,Cov_5,Cov_6,Cov_7,Cov_8,Cov_9,Cov_10,Cov_11,Cov_13,Cov_14,Cov_15,Cov_39,Cov_40,Cov_41,Cov_42,Cov_46,Cov_47,Cov_48,Cov_49,Cov_50,Cov_51,Cov_52,Cov_53,Cov_54,Cov_55,Cov_56,Cov_57,Cov_58,Cov_59,Cov_60,Cov_63,Cov_64,Cov_65,Cov_66,Cov_67,Cov_68,Cov_69,Cov_70,Cov_71,C_0,C_1,C_2,C_3,C_4,C_5,C_6,C_7,C_8,C_9,C_10,C_11,C_13,C_14,C_15,C_39,C_40,C_41,C_42,C_46,C_47,C_48,C_49,C_50,C_51,C_52,C_53,C_54,C_55,C_56,C_57,C_58,C_59,C_60,C_63,C_64,C_65,C_66,C_67,C_68,C_69,C_70,C_71,Mean,Std
0,30.8598195084485,24.8921194428124,19.1465485498964,9.99295596455238,3.88669442565702,-3.24745680956379,-0.731137636280114,3.54922569638355,7.45450594650491,4.97961404070679,4.19824303419099,8.95770272284346,8.8776069599807,8.58042060711238,8.50539395431306,10.6744768632198,11.1351343989927,11.4972531369095,12.3847991773106,7.16049023949857,1.41950666464614,2.50821443996038,2.97147568437591,4.17026000881058,6.16362035560989,9.74690904066715,10.6246539405916,6.28788830108291,5.12888903378339,4.51610129845509,7.75266199129434,11.6408729366385,15.2875207573689,18.9577422950831,23.0071056865959,27.8360584141028,0.241353156391918,-1.74296037513325,2.50100264598091,7.52153672772339,13.0315706738287,15.7074645321492,13.9955243384456,1.4054035515899068,-1.4287865179892207,-0.11793325112065949,0.5072576187138491,-0.11494491252068836,0.05083149963659698,0.09801630407402273,-0.1091129984334922,0.008674886167720233,0.02857345255455485,0.09126576622350022,-0.056192851610018094,-0.14706546151846447,0.20541249409079754,0.01577686680546888,-0.03218421636437998,-0.05603915586374502,0.07145317326062095,-0.12558562204722806,-0.03989302646340257,0.2574132247226645,-0.058170241831232546,-0.1519540002617194,0.04365394935517138,0.22507156516311821,-0.12286732450473414,-0.21361105990007387,0.027372000607353134,0.07468981340668514,0.10962837298132963,0.06306974780222453,0.15239764778047923,-0.031020753687216,-0.10551188847667134,-0.09753481203242931,-0.027830029220933482,-0.0412082351134497,-0.0643958012276818,0.02626161501409545,-0.09888268329227698,0.07475457087897303,-0.132047555928769,0.0939339977534516,-0.2933179723502304,5.554261382798665
1,24.8921194428124,24.5312082479945,24.1418614754517,19.900314681574,16.2816767873572,11.0631629018227,13.1658578156266,13.3915580663841,13.6367793839184,9.266939273549,8.47187831408017,10.5860225135791,10.0962860842109,9.84798054185949,9.6563621930192,11.623539666667,10.2190896208263,8.92095726482046,10.0614160066058,7.5303396412881,4.84254599454533,6.45371112799731,7.96184277080573,9.4952400849942,11.4612271125239,14.1266137032352,15.3136097752905,9.78419152469963,8.19585616228932,6.84965172104144,8.43469117540693,10.7468378149845,12.3985247998316,14.6105945916661,15.6958712037049,18.6712388627466,-0.799511313774427,3.22922871364653,7.39409573465374,9.79450775262084,12.9514811971781,15.2966899088307,16.1591186821775,-1.4291663420992322,2.959027231207656,-1.2061223415495168,-0.22633656947571926,0.01381741859136568,0.018725625602202985,-0.000961535494764007,-0.007353558916969879,0.05546552159039049,-0.0578574865714422,0.08333338081431266,0.011055975136089904,0.06041574222770143,-0.4019910754939364,0.1534376546700536,0.009687160026247343,0.05071463099620973,-0.003041875418546601,0.009108708808710458,-0.006474270809734003,-0.047717768160617416,0.023063830497004806,0.024849272564014396,0.08416073509616563,0.03138558169909967,-0.06741328175920841,-0.01186444441914592,0.011645154894119727,0.03742439987136839,0.013686107829669229,0.0018678952980166238,-0.0800453979006762,-0.19054066653236668,0.24663033568963286,0.09677043292273536,-0.13670248179337494,0.027606827340304344,-0.024105993068976865,0.008836190362584102,0.02433197362441888,-0.015549895471721824,-0.01857431412371822,-0.022350082379444667,0.09266513056835649,4.9518893614452395
2,19.1465485498964,24.1418614754517,29.4718872674518,30.3692065513918,29.4130273849188,26.1007021338259,27.8924491159566,23.9970763756069,20.5400818883284,14.3064322657372,13.4403717618783,12.6628614855071,11.2942058597302,10.6647399778994,10.4290032315804,12.3322357267065,9.38935306031319,6.79537322538531,8.47279949420168,8.42085468007975,8.56298193232679,10.846033753839,13.477921410286,15.383291539927,17.3702674992128,19.2756013851489,20.682767649234,13.9794312323972,11.4240203056543,8.81366794859687,8.25837834509019,8.49277193075618,7.66608282386654,9.35281983622178,8.43411615055582,9.67107552496874,-2.31673349727817,7.85093877281403,11.8189676132734,11.6522458631093,12.5210283919638,14.8087185110057,18.3717614112709,-0.12022044905563457,-1.204779060696098,2.288573391348695,-1.2043615855430263,0.3057239529902986,-0.03321949316203272,-0.07381080616773379,-0.028939347261711407,0.03761841097087218,-0.03713758108962625,-0.13709290421739537,-0.08821904898396112,0.025059381912144622,0.17399574586921063,-0.12437749978982583,0.0031475269968336984,0.009511072806253096,-0.04409906086511198,0.1035649132907994,0.018431609815097363,-0.2875543360611728,0.1771862988882837,0.03907597264388232,-0.18376056187881853,-0.058945881299486476,0.09740190667915276,0.19787090398984472,-0.07843143411424583,-0.08666130017372123,-0.10795178730340382,0.071718235966893,-0.3051584607886575,0.15464499780790864,-0.033561765347280025,0.11683184342704614,0.0013902499592230435,-0.014452764518672506,-0.06704896454577364,0.007592084484492142,0.32593992308094866,-0.17352325190452858,0.025103634684268884,-0.09787727702884493,0.35768049155145926,5.42788055021956
3,9.99295596455238,19.900314681574,30.3692065513918,38.5578358294931,42.4576056064338,40.6810249280486,41.9041518013468,33.2914885541715,25.4667824536159,17.9602551491027,16.7445433655182,12.1521105118611,10.3059993721009,9.62081426836996,9.71798270366354,11.7305003308821,8.01766289792331,4.86492529949398,7.78822397156194,9.66160354601863,12.0691655233403,15.2201531716813,18.9665004974053,21.150904011319,22.9597498630544,24.1952081687021,25.4048570942484,17.4356013335914,13.7440075507565,9.62144745945418,6.69645041745291,4.20672514917455,0.760779228063982,2.36206921729752,-0.27341429168939,-0.250864366692063,-5.62871985926789,11.2797207115734,15.2256591960006,12.2215834217122,9.78176195763453,11.3968232262911,16.6416889739002,0.5182271747994297,-0.22426267447824183,-1.2068113756035534,2.34953419576338,-1.0144494684104128,-0.20351054103783098,0.016243803745232037,0.2565545835193622,0.06758242829679278,-0.32545228575678375,0.08029870606061615,-0.06774969293650049,-0.06730807462609793,-0.06328839197082275,-0.01667287243209401,0.0002666640113663756,-0.0077786466131272245,-0.027524858118620297,0.03529272710571341,0.08008876913749607,0.04329063687053304,-0.24058278214037987,0.14587043864196864,-0.04673931980103439,-0.07914504927925253,0.008407000195626907,0.02925357609061988,-0.13371305509399908,0.0008391981086945216,0.1796281204192218,0.054666137693497076,0.0638827611372984,0.09359273881709414,-0.3962869563329644,0.19117234521433657,-0.13836488473998126,0.07214839888783679,-0.0008050831127211023,-0.04415245305184172,0.02909437301135016,0.031688471205451145,0.0854922963662425,-0.19610540156152823,0.33237327188940075,6.208690347367398
4,3.88669442565702,16.2816767873572,29.4130273849188,42.4576056064338,52.1008270548363,53.3237245459415,55.204776074117,43.6598984283228,32.7403416282807,22.8686926671931,19.5282438425193,11.4746656912169,8.81183465204998,7.61405241540423,7.47695571806993,9.0936718087593,5.1190864634422,1.86374974904013,5.76907069174989,8.55894072671651,12.1218906262543,15.7072396074409,20.39774367424,22.8975437553292,24.6981592911532,25.8508773805837,28.2025015904507,19.0078875524941,14.5777729933278,9.42904180039784,4.51044985015372,-0.358264140523818,-5.94063957877397,-5.13809396717449,-9.25035632181343,-10.3435916158983,-6.77202159735306,15.1223421327772,18.6814370711289,13.0712314642973,7.303186342399,7.74348411492065,12.5327337784008,-0.11857500785030643,0.0127298933407103,0.3121461994783843,-1.0208799405423223,1.5595784657744487,-0.9709294620473046,0.19178507981575565,-0.0014847956356226649,-0.10922882355892943,0.2831549683675046,-0.18927196283927264,0.06842829345980295,0.11926689203385525,0.03904079912789205,0.0689055955086957,-0.06107014404007419,-0.010448790598138597,-0.012857627301823,-0.10868982917787891,-0.025909321851358094,0.3592819315135345,-0.09315550424285125,-0.15601222104513687,-0.23126907716063638,0.1298213623669049,0.09142157972650261,-0.13597472605501973,-0.04614016710767382,0.028503569792535165,0.20543202023721774,-0.05484943456919943,0.12351269195558942,-0.18806562172145824,0.014482102953962822,-0.10224240310668967,0.03628601017944692,0.058616591785794564,0.039068903625332344,-0.03800288833193743,-0.18428729845821812,0.08170713579971296,0.009371237242146852,0.10622644991095176,0.8245775729646697,7.217397526452057
5,-3.24745680956379,11.0631629018227,26.1007021338259,40.6810249280486,53.3237245459415,66.20688627996,72.5390133939534,60.3959932338638,48.564768925652,33.2032800468349,24.9407365823307,16.6535938063893,11.6234411159039,8.15402715769005,5.74904368464545,4.50838579428749,-1.2708126204318,-6.27573094091197,-4.4095244553576,0.89902074665497,7.02966552380445,9.58498146095751,13.7047855978929,16.9185315397815,20.1384228037792,22.0134368412929,24.9670960263837,14.3210962357678,8.57017597527932,2.42001215958024,-6.30991095838634,-14.9451962848831,-24.3976706240521,-24.446541627736,-27.1513699383871,-30.172844724192,1.67399270732823,16.2723986791565,19.7750927928159,12.1492357697478,4.67077310669138,5.31828797260669,11.7020658911297,0.04943246406288485,0.006350422041282348,-0.03687954945667765,-0.20338269638429757,-0.9705649171055111,2.481002173683516,-0.9596814956463754,-0.45185000809671394,0.11131180087769044,0.11005263214412975,-0.15412647137152213,-0.0003895405410855895,0.031635252447889804,0.04596686726284233,0.0283745516439142,0.00135202152603976,-0.0012553614524589479,-0.005210353756519358,0.12358028519414561,-0.021424335545615188,-0.18625427622529966,0.29101718798283455,-0.34889633166740514,0.18166515671405115,-0.01684247093626482,0.03763316781045635,0.06154604385583361,0.33125102091404945,-0.05524688184058977,-0.6092753623719765,-0.09089559256299064,0.09717469728086862,0.16460910472983073,0.11337725221153874,0.1883679488270111,0.004648730501393183,-0.10570064376745422,0.010535834694576796,0.07695154503487596,-0.04407580894875317,-0.006066791030214778,0.07491673736267741,-0.03962763649864596,0.017050691244239684,8.136146893951707
6,-0.731137636280114,13.1658578156266,27.8924491159566,41.9041518013468,55.204776074117,72.5390133939534,84.7713675775447,74.0161597452755,63.325228058648,42.1695028545412,28.6753476014301,20.8207882937034,15.217331613211,11.3282355785335,8.67240219822982,6.78182569015102,0.381311482420279,-5.16170351121506,-4.25592254893848,-0.866584697737831,3.43655658773868,5.53613980135956,10.2916427489483,15.5024121681418,21.597596874293,24.9937278208686,28.5325473236922,16.0673523373232,8.78760814537066,1.51805703677991,-7.81431870531475,-17.0279044701322,-27.1832445071703,-25.7587394157388,-24.5330643714311,-27.3722634195497,2.34929127641385,11.3745299815987,17.4288447192922,11.2253357689399,5.26386393191705,8.40535404942774,14.4748082267,0.09840575020805743,-0.0036316956383545583,-0.0813268415468669,0.02088348090046396,0.17963524781683657,-0.9619032770922745,1.5536000704458246,-1.387482855871817,0.576330675032707,-0.05206160931585291,0.17193003294388162,-0.014332425954299238,-0.048451916940268173,-0.06798784742670874,-0.02132797735390154,0.026968702352388775,0.06975905421699877,0.09464890299397474,-0.12042131213030081,-0.0168050942330473,-0.020992199560012813,-0.11623071601639044,0.2041407154673114,0.10790768421061277,-0.0742979105603809,-0.13680588015550071,-0.004814522014774887,-0.20290937836680356,0.019833373495844814,0.3127947664912677,0.05869162924894742,-0.06514425475066718,-0.03013621474721954,-0.017066411782626772,-0.18716670920919554,0.09712536316782346,-0.020411652017593283,0.01608368748571949,-0.022990891036928116,-0.0005244136521314325,-0.027627775995633715,-0.03805256372958966,0.058177188456447704,-0.24862341959116158,9.206593701122292
7,3.54922569638355,13.3915580663841,23.9970763756069,33.2914885541715,43.6598984283228,60.3959932338638,74.0161597452755,73.4867520069766,72.5614566797311,47.5337403878903,27.0242309984516,19.1468014647954,14.066500506723,10.6671518933877,8.38043914111342,6.07417139610255,1.73721692267959,-1.75264347569046,-3.391717458578,-3.42393804403173,-2.58452060698874,-2.13896597145657,1.46280950016397,6.56154274300583,13.2365476830598,16.7084125522274,23.1223523881592,12.2025104352424,6.88716475619171,1.80893969476985,-4.53171314106104,-10.6367996763091,-17.7789481476672,-16.5998710516432,-13.6689845257757,-15.876872478561,5.23683746618097,8.58326033039267,13.67224731729,7.64336990913904,2.33609397064548,7.63742028891747,13.4141730263303,-0.08261587592813423,-0.002379094115042976,-0.0197539239306486,0.28105298818354674,-0.0011170312555194109,-0.4535662033702285,-1.3851198154137994,3.360970045116272,-1.5120226794562537,-0.20270626341297265,-0.03224382870815223,0.08019959517371579,-0.011927053979395613,0.03715799136667843,-0.05226299276904905,-0.04074959739143001,-0.05603430972818651,0.0027137772705179393,0.06923821851715913,0.0070819516040491635,-0.04744571927843963,0.007099095371254129,0.07150198384949118,0.04116307890673234,0.01330494613781249,-0.05873613527259603,-0.021914480501753108,0.013648276279722203,0.014471821605044462,0.01872876484764055,0.0010364514698150955,-0.020713657938804097,-0.00893445729998702,0.02379586293105508,-0.02816890485129749,0.01666233216857592,0.057641936381095396,0.046888027373057695,-0.089335716522761,0.014285329779013579,0.08346176266357508,-0.1314773223170992,0.05163260889492585,-1.6817322462483748,8.571858142023617
8,7.45450594650491,13.6367793839184,20.5400818883284,25.4667824536159,32.7403416282807,48.564768925652,63.325228058648,72.5614566797311,81.3727987778121,52.7347805506286,25.5601977829587,17.7138138444168,13.1052628585241,10.1249055220007,8.1742017952445,5.32622859723885,3.07908742439524,1.65783937690506,-2.44719915477899,-5.7771295981204,-8.27810160952898,-9.24015966035064,-6.59161793245093,-1.45249446052368,5.92964037353785,9.28559672875745,18.1581325857464,8.81106097768303,5.48498838226518,2.59945971718499,-0.732843585581185,-3.69851478849039,-7.81325042398092,-6.95971158578701,-2.47313788359026,-4.15416129114423,9.10000782161057,6.71455321884191,10.6727859499832,4.48273636292342,-0.525000025600256,6.82607911851303,13.0329449263726,-0.004218000157285748,0.045034416196977366,0.03242553154647324,0.05346206041823561,-0.1098546775057291,0.11162701570515271,0.5713694760127044,-1.5114633476906711,1.2767748322697505,-0.5050140331638561,0.06050299364520814,-0.026309593847426954,-0.11896568828093713,-0.0024026354015496063,0.02950968650760962,0.021589146648696184,-0.08170958790735597,-0.07355510546648537,0.06276061212893679,0.03987445585112175,-0.05064249357781025,-0.0018546211135738676,0.055964481807199,-0.01366242162568262,0.03308366350664975,0.030247301066819547,-0.09018303785135648,0.03710401064655,0.009110203730293599,-0.0160429215996443,-0.02014220027081387,-0.043348436397746895,-0.02203279941478872,0.024476687450079502,0.02811260964259048,-0.029064719717429115,-0.02529571856063727,-0.018027058491123314,-0.0208488268119787,0.11498647363776167,0.06586148971959038,-0.0903807148852205,-0.07950216648460964,-3.2083894600023637,9.020132968965152
9,4.97961404070679,9.266939273549,14.3064322657372,17.9602551491027,22.8686926671931,33.2032800468349,42.1695028545412,47.5337403878903,52.7347805506286,37.8381435262192,19.1391797818612,11.9454172125209,7.68327100521302,4.73293358042939,2.85118979725731,0.704255950053099,-0.219334957314272,-0.497016939041717,-2.20087336314666,-3.66284412975383,-4.5405194915814,-4.86924770475138,-3.14536124956527,0.0527580134540768,4.26098739167904,5.35340589924003,8.84059010323766,2.81101366618672,0.668516400742559,-1.23659986226551,-3.68327802494429,-5.88571232608392,-8.88508107035896,-7.60539421047927,-2.25461710120033,-1.89596443430344,8.76147431215775,7.19412593741758,6.62947478627115,1.22485642862533,-3.49661485728866,-1.51140408657935,1.60853990341496,0.0295718672735383,-0.060175621334312604,-0.03273428100906096,-0.3237655780917424,0.2825928306313936,0.11549847389000656,-0.04860799924239801,-0.2026752684344059,-0.505192878165433,1.126484850696517,-0.27644869367253844,0.05683045504557095,0.13715018503380785,0.026369550526562525,0.05501121441492106,-0.01919491769684309,0.03020764828904102,0.017834830492986394,-0.11478824343513713,0.010633956052920073,0.22591414002141094,-0.0443901481406529,-0.07811293782769316,-0.051662134278646646,-0.1166260685693722,0.17803187627273517,-0.054718842530281024,0.0057363553999531395,0.05128774795129427,0.03784351560048667,0.03798481050780135,0.06367796401938317,-0.002608832730331529,-0.005100122887174815,0.008117177224297523,-0.04634522250478688,-0.0035746169625313763,-0.10088170098684436,0.07957380786285764,-0.07792296953730977,-0.1045828423383201,0.17591412438770437,0.05857897256341435,-0.4855843081649534,6.150458806155782
10,4.19824303419099,8.47187831408017,13.4403717618783,16.7445433655182,19.5282438425193,24.9407365823307,28.6753476014301,27.0242309984516,25.5601977829587,19.1391797818612,22.3778915143192,21.265885934451,15.5122886903004,10.8054996350757,7.10810658690542,3.91723475918474,1.7577400184411,0.105533160262032,0.764165621640354,1.7504387696138,3.02658015148698,3.40327426122987,4.38684390983464,6.49301210993595,8.52188946453855,9.11044260945903,9.48421219745901,2.17754105769613,-1.25339030143445,-4.09037291761186,-7.58248005264662,-10.7739707095672,-14.5649607855289,-12.0512694877997,-4.85431917533329,-4.84285486133191,2.27611114549913,-4.59190669067539,-0.71639239548761,0.780447497374542,2.68662656471051,2.94581447629349,1.84645277328596,0.09138774196131914,0.08424074377688213,-0.13940939716392403,0.08048557762519565,-0.18940792968050385,-0.15781639957773577,0.16792746461614014,-0.02937896998723466,0.06279440467250533,-0.27785087927443597,0.8344252980907412,-0.38790654370978134,-0.01149840018930119,0.032726619418703924,-0.11534248967580862,0.05425891259123352,0.16076660575597193,-1.0027299052332957e-05,-0.06199455442345102,-0.06346142238219171,-0.17839795887126692,0.028556053804275856,0.17576461222146986,-0.0374185777386263,0.2008049681127203,-0.23221477729078369,0.03701350479115926,0.046192453964734016,0.01605354549006144,-0.0718221928342246,-0.027168683696468465,-0.07036264145586486,0.011046039056089599,0.17820043747768183,-0.14530706411446698,0.002038375923513702,-0.04743145718982466,0.015156711991465215,0.03561713325779355,-0.00239512205373266,-0.04405400324401858,-0.07779697153934213,0.074279050733917,2.3189412737799833,4.729470532133512
11,8.95770272284346,10.5860225135791,12.6628614855071,12.1521105118611,11.4746656912169,16.6535938063893,20.8207882937034,19.1468014647954,17.7138138444168,11.9454172125209,21.265885934451,31.6492961195591,25.1192073146428,19.0963084550467,13.7604513525381,8.96114411800979,5.43650632499118,2.10636655572113,0.981321669727132,0.556124689285257,-0.0783880959616646,1.50056362361294,3.83356995287048,7.66101555944322,11.7081871566862,12.923164682454,12.2248947698795,3.80782486623091,-1.27423483989058,-5.67362213441342,-10.4897882782447,-14.8134024173687,-19.4941544137898,-16.4423950057493,-8.31219749713752,-10.4407350637303,-1.11949891401556,-9.77415676299003,-4.21217625808694,1.0677193046121,7.0455901327479,8.33284864068286,4.51289599545358,-0.05576538064343541,0.013720737142006043,-0.08372493395588672,-0.067701086714868,0.0679419500319903,-0.0010157365297220585,-0.013951708953957158,0.07754735164554521,-0.02714574442885645,0.057648600336031926,-0.38713317444303696,1.3407829031382537,-1.1227300452646731,-0.14277884499726468,0.36221783261032886,-0.015456369867168567,0.0677407885348739,-0.12946376330246692,0.048334449675282005,-0.011012261280672368,-0.08749017709341764,0.2332983574677587,-0.038236771449723296,0.07788982633826601,-0.20980382178471121,0.13543879558341343,-0.16657717586484547,-0.007953884148331949,0.06533494105369464,0.05529814222554362,0.1079625015415771,0.08626210680744982,0.10505238579041577,-0.19492362180158443,-0.2575503823827578,0.2988328322738353,-0.0283033706368072,0.0037582997251213866,-0.0202452308070054,0.010729353954068455,-0.0019316808394760092,-0.037176312934854204,0.06060088437332838,3.3081058726220016,5.624881876053856
13,8.8776069599807,10.0962860842109,11.2942058597302,10.3059993721009,8.81183465204998,11.6234411159039,15.217331613211,14.066500506723,13.1052628585241,7.68327100521302,15.5122886903004,25.1192073146428,22.8089466578969,19.9599550366314,17.1542470805272,14.2716203277704,9.41625325050703,4.35151610852532,4.0788257778769,3.94142587828898,3.71254885997111,5.9182391579893,7.28757081652584,9.74241993927925,12.4661741469896,13.3331073520537,12.9646496907311,5.26802257180338,1.31834743590131,-2.2499468675451,-5.52877849749721,-8.38673935643668,-11.6322734540935,-10.1641868952033,-3.48105301940081,-5.13755695778028,-2.51347092754735,-7.45357813598856,-3.01798746123729,1.4823347905261,6.97144694186342,7.87761464538974,4.84406781774967,-0.14923336518782238,0.05352058554761457,0.025869310216687477,-0.06330073295420481,0.13057668539739586,0.03073344209691592,-0.055229023194322956,-0.015115126140856647,-0.11401792649699265,0.13785810790855277,-0.01151807175380574,-1.1201152416898146,2.383401171821101,-1.0069572860093872,-0.1596162122672168,0.1370052048454901,-0.20378729692485684,0.12539922025593758,0.0026087367663741516,0.029235325390874204,0.14710908836763134,-0.2990226507759798,-0.019208621380564835,0.015090378668913143,-0.05321205939864533,0.03366109810281962,0.12478409186866608,-0.053068590619756016,-0.01664165213055696,-0.036869798736951905,-0.07122300704689982,-0.010255512892008033,0.044932373181928796,0.009610482884913172,0.0657567301919275,-0.024733295138994617,-0.018450600093818437,0.10514479061337936,-0.01441420605388254,-0.16584113509905868,0.05295077088124787,0.04929303937880303,0.02509828512987552,2.279605340895663,4.774824254137203
14,8.58042060711238,9.84798054185949,10.6647399778994,9.62081426836996,7.61405241540423,8.15402715769005,11.3282355785335,10.6671518933877,10.1249055220007,4.73293358042939,10.8054996350757,19.0963084550467,19.9599550366314,20.3711272868885,20.0355666242682,18.9490002557113,13.0734119822609,6.93841325385338,6.76355448037383,6.06334935511121,5.39532563645445,7.66202472380016,9.04522692762366,11.1027308300843,13.4284720514254,14.2458089624434,14.1673201309196,7.27131347419678,4.41564799251111,1.60915483648744,-0.180169622908405,-1.60609797418008,-3.45928062055557,-3.23071490231078,1.52365377263526,0.105094341522334,-4.47577091401378,-5.21610285197225,-1.58450727040135,2.23700465918456,7.30010546058888,8.10530602451568,5.91009462784359,0.2078263608708677,-0.4005189329147802,0.17293601702499456,-0.08086167658512732,0.03662541899621168,0.04407431420427747,-0.0547095919165965,0.03094165616861683,-0.00414815348991852,0.028077991842018132,0.029882656469373554,-0.1427078260573572,-1.0029839139765457,2.4173398669574837,-1.087362889967679,-0.08607224575684304,-0.07214930945949793,0.0019353773517879196,0.04169675342064835,0.013034594453865454,0.003701265714911429,-0.05443544399818341,0.06332382094077488,0.10531158058056665,-0.06514410091934611,0.002009246761535624,-0.07518031322945236,0.0803324436468538,0.004707092394326167,0.004906646977565504,-0.033176317684695,-0.050957421554702585,-0.2904184670504791,0.369051640578802,0.11626134277741001,-0.13519432030120374,0.031409361835982585,0.02412970274977169,0.018646201477500388,-0.018314868513789512,0.031392872343378904,0.0016207041194190028,-0.0027658438829166136,1.0736854543306156,4.51233058262452
15,8.50539395431306,9.6563621930192,10.4290032315804,9.71798270366354,7.47695571806993,5.74904368464545,8.67240219822982,8.38043914111342,8.1742017952445,2.85118979725731,7.10810658690542,13.7604513525381,17.1542470805272,20.0355666242682,22.4587130705382,23.298719781273,16.8540456831261,10.1521230935039,10.5030768707067,8.93872454177268,7.51753405501038,10.0894420848267,11.5788388955374,13.2850392154689,15.2799392775703,16.2774598567527,16.3466178787674,10.262846802788,7.73389497958046,4.92682891363671,3.92510840412735,3.20342235425555,2.04450630308443,2.39643961255894,6.60841254652284,5.55866260081956,-7.08643089615733,-3.45350677882214,-0.799347415020712,2.42386509497337,7.14387299575639,8.22829174804447,7.03797690912354,0.010032601860782194,0.15425856935882618,-0.11599728342525102,-0.016218829598581966,0.07201245870698758,0.025703904616988578,-0.021368907330202698,-0.06058742787149536,0.03343776841490708,0.057859491912472964,-0.11373286098564764,0.35883002903585115,-0.16053953373577903,-1.088371413612199,1.5611111054791245,-0.36346432316505695,-0.154091432877702,-0.05377613919754836,0.00186001379129845,0.023362078154395904,0.12377123119095071,-0.01937585597918569,-0.009777487272077582,-0.10889449265058411,0.03559692867132633,0.06419585730635519,-0.2275184084796934,0.23857642175405502,-0.13423545172079954,-0.015723265584952233,0.023725452036171116,0.05735659312663144,0.12499584465179145,-0.15933128027845178,-0.12482944509125468,0.10251860114251818,-0.0468859772322491,-0.10218077955278937,0.03409357355017362,0.10132987338585697,0.002902492109838777,-0.08696836601177692,0.03567118577479359,-0.30642798062152876,4.7380072889916685
39,10.6744768632198,11.623539666667,12.3322357267065,11.7305003308821,9.0936718087593,4.50838579428749,6.78182569015102,6.07417139610255,5.32622859723885,0.704255950053099,3.91723475918474,8.96114411800979,14.2716203277704,18.9490002557113,23.298719781273,29.0986591468977,21.38427187633,13.4089176761714,15.4762475339474,14.2627980442145,13.2616118447703,15.5799222630826,16.2825211323902,16.6142331347745,17.1524168074733,18.1263127258066,17.5553458549716,11.7477576485692,9.03146211433205,6.14930082955736,5.93831762271144,5.95760834411059,5.55497840487107,6.79686287590939,11.5540099056956,12.2681622194392,-10.9079944605884,-3.55107796462505,-0.118888764955203,3.8128203126438,9.58569025110654,10.8119556277162,9.82168193061547,-0.02796589094436025,0.009269800640293787,-0.0018322287076858585,-0.0008734641113339046,-0.05624894021395859,0.0013940904387825471,0.025786704156279247,-0.042279225417860264,0.022636944250313436,-0.021408811521747916,0.054129003213020055,-0.01492272058383996,0.13298284604665705,-0.08645607062676292,-0.36328882246239724,1.2582651062890868,-1.4759029850695071,0.5781850774788891,0.0979267760330527,-0.03043616629710196,-0.192091227110803,0.12097802763851677,0.03734546887642261,-0.04886946936344807,0.009107075580198397,-0.00894172987296074,0.020693597781552154,-0.14068148896055258,0.11365805860352925,0.040490241753281954,0.015176019018355306,-0.011683318494197237,-0.010709146361910496,0.022647208752204568,-0.12910422643201575,0.0864142010318961,0.004097352772504949,0.00986430691153998,-0.01059910151854861,0.03032722266661483,-0.13085244686842007,0.09331724658283566,-0.020564058882542157,-2.0333156091220608,5.393390320280715
40,11.1351343989927,10.2190896208263,9.38935306031319,8.01766289792331,5.1190864634422,-1.2708126204318,0.381311482420279,1.73721692267959,3.07908742439524,-0.219334957314272,1.7577400184411,5.43650632499118,9.41625325050703,13.0734119822609,16.8540456831261,21.38427187633,19.9091731255619,18.215370282496,19.3907552563646,14.189731379576,9.47480978374672,11.2869313337228,12.1595823563396,12.6249460529112,13.8767100048712,16.008163903911,13.4106021708768,9.87613586150838,7.76913455138555,5.51965523313752,6.42305846323951,7.43005458333327,7.90616966213843,10.5827848994444,14.4100956071998,16.2640832303232,-12.8189474620508,-5.90970126541028,-2.46695955026112,1.5633068990293,6.85489837121073,9.85334712499703,8.60715412451217,-0.061529905336036465,0.04909922652623538,0.01724913365122928,-0.0063212804141076105,-0.010273902430806857,-0.004577964808069864,0.0667179822450365,-0.045516031677039694,-0.08554657173725268,0.03349657854346721,0.16122779721824002,0.07010509913926141,-0.20111817541586435,-0.07139398168816882,-0.15298799869302168,-1.4756437542209073,3.536263268052887,-1.3447067872530387,-0.24561972238607224,-0.09206327425442837,-0.019156592101450726,-0.04244002174823391,0.001373181835509352,0.024422256278559002,-0.0005539121566275831,-0.10192588000292471,0.18862930194311037,-0.1190414753477867,-0.00886133171832217,-0.03836343975294501,-0.00853252668986463,-0.0023177016202511644,0.00854897037996983,-0.06185258781472154,0.1400189109864648,-0.08659308102595967,-0.003949485614627555,0.0071025815737912725,0.022450748618433155,0.018957574813952077,-0.01654011048654054,-0.015080416097544198,0.0026007001229543846,-1.9494505494505487,4.460848924314952
41,11.4972531369095,8.92095726482046,6.79537322538531,4.86492529949398,1.86374974904013,-6.27573094091197,-5.16170351121506,-1.75264347569046,1.65783937690506,-0.497016939041717,0.105533160262032,2.10636655572113,4.35151610852532,6.93841325385338,10.1521230935039,13.4089176761714,18.215370282496,23.2493600585873,23.0995843498815,13.4881986496231,4.63467213084597,5.68699369645919,7.19167449173995,8.26459896054969,10.6831560660058,14.1514616309338,9.49461327037322,8.27606268412142,6.75601711357338,5.10762994981005,7.10385943639166,9.07909144101015,10.4065812504059,14.7063169721981,17.3429599162446,20.239743587402,-14.964062791686,-8.313736125109,-4.70224347880857,-0.500338018347717,4.35547721742956,9.247183869546,7.77005555208443,0.07491844132190044,-5.5081758513219137e-05,-0.0489584814852411,-0.030163743120684774,-0.01870224170201901,-0.007011641340591521,0.09884637805164416,0.005912842472594162,-0.07166880909721675,0.014754966116372508,0.0009289519079920776,-0.12979610075407252,0.13145170099864004,0.00511077703243652,-0.052606721970351676,0.5774003772847178,-1.344815391027172,1.4694087198878116,-0.4267438206726639,-0.23103026630120896,0.08140032064945965,0.176591519293489,-0.04360040396487254,0.16493452490856456,-0.040766782726429356,-0.16626019054630636,0.06840087973979812,0.04842137475767679,-0.017741039067702316,-0.03695868153566057,-0.007721494089955925,0.006549839061367807,0.011810661879099918,-0.10346771831695413,0.22548657567090108,-0.13293355140833252,0.031451113273187135,-0.10601606727432575,0.09153115932051058,0.11223893354803792,0.03907087510193932,-0.13665334104038673,0.006314102451158057,-1.954295167198393,4.820721943712091
42,12.3847991773106,10.0614160066058,8.47279949420168,7.78822397156194,5.76907069174989,-4.4095244553576,-4.25592254893848,-3.391717458578,-2.44719915477899,-2.20087336314666,0.764165621640354,0.981321669727132,4.0788257778769,6.76355448037383,10.5030768707067,15.4762475339474,19.3907552563646,23.0995843498815,28.1858749055178,20.6478626241042,14.1546256493353,16.1408547911944,15.737357718935,14.0316273897393,13.290965865046,15.6278596663608,12.3120160543618,9.79941000937712,7.38574370294401,4.68209442703282,6.06435119680331,7.29443725493343,7.85022516862651,13.0161139504029,19.1007366382738,23.1018554981564,-19.0451778036541,-7.89207211434989,-4.27345204879444,-0.420188614305002,4.02653257441222,8.07147945048707,6.15205622271211,-0.13167119377405967,0.007204573830786137,0.1117213139539494,0.03683142309697467,-0.10239226262401419,0.12116366343910227,-0.1214184786576418,0.0641888484405109,0.06245439847173659,-0.11402690347677427,-0.06179354924146188,0.04547799895822853,0.0015781751480614349,0.03654179900980751,0.00018496398485116905,0.09799710600453648,-0.24621720463887226,-0.4265899535971127,1.2327005465512717,-1.012977628107175,0.4098058733027682,-0.08074009582586703,3.437101809581496e-05,-0.05969363666828046,0.045435656762515556,0.005582525855201705,0.031117918790018653,-0.03343884865443579,-0.0035480746719859795,0.07912827720097823,-0.06087346360762643,-0.31325873103396557,0.2350592270469885,0.08014268598534306,-0.163563888576826,0.08750141580468646,0.04026512579256555,0.13308236714108074,-0.13534181240817167,-0.03231879675497795,-0.03217155223807883,0.10365297838094513,-0.02348932760485973,-1.9619047619047627,5.308095223855517
46,7.16049023949857,7.5303396412881,8.42085468007975,9.66160354601863,8.55894072671651,0.89902074665497,-0.866584697737831,-3.42393804403173,-5.7771295981204,-3.66284412975383,1.7504387696138,0.556124689285257,3.94142587828898,6.06334935511121,8.93872454177268,14.2627980442145,14.189731379576,13.4881986496231,20.6478626241042,21.6331053568381,23.1019848296528,25.0190528632692,21.7328515582564,16.460380729506,11.6775153516719,11.3292492954563,9.02359970225582,5.32342902128635,3.45859449317316,1.15791259369672,1.20916389901793,1.1807243176792,0.7441297409162,3.96073601893,10.8208714761362,14.2041283886696,-15.180732712815,-2.01227495601319,-0.711581999942682,0.281490895958095,2.1789156459829,3.89065204555989,3.57727523697635,-0.032857325424479,-0.005675881341171754,0.019202299289556645,0.07554303264052273,-0.024977001055895,-0.022526994801234098,-0.01532392076579159,0.008708271126384165,0.0394569818965407,0.008997403674930234,-0.06540755334178386,-0.010714787189721135,0.034165847258938196,0.013080197709026829,0.02386522920054227,-0.028621235933767596,-0.09094154406652441,-0.2294657619917619,-1.013423863668318,2.905691165394865,-1.11729509475454,-0.1914874502791779,-0.18484355655155682,-0.025783569822954284,0.07147069519808454,0.07963829167418714,-0.051784701556278484,-0.016745848785444953,-0.0776233073501968,0.015098390621733765,0.07981295185351317,0.5134530143822607,-0.32612561815849633,-0.09169175743013401,-0.01270420033373322,-0.044585222467236826,0.03238946396797724,0.039259617008736404,-0.08772088717816726,-0.014382405934061605,0.01107883736662684,0.06299102705111456,-0.05628824006556675,-1.8109062980030726,4.650065091677543
47,1.41950666464614,4.84254599454533,8.56298193232679,12.0691655233403,12.1218906262543,7.02966552380445,3.43655658773868,-2.58452060698874,-8.27810160952898,-4.5405194915814,3.02658015148698,-0.0783880959616646,3.71254885997111,5.39532563645445,7.51753405501038,13.2616118447703,9.47480978374672,4.63467213084597,14.1546256493353,23.1019848296528,32.5855047180162,34.481595978415,28.3431550640539,19.4429129149103,10.5657494680677,7.54050472971612,6.12932703385461,1.2075926998454,-0.0874224075431294,-2.01406258934852,-3.29818028314065,-4.57807838588629,-6.30338941144524,-5.21204917977527,2.17886754732028,4.83145808599547,-12.4626490469143,4.08754575442364,3.04787482152439,0.973491980112317,0.1694811054993,-0.39305945506895,0.760718107303078,0.2552510069854361,-0.0512102544436088,-0.2873082502742055,0.04725907109515288,0.3558119535973437,-0.17975800136353084,-0.01916217060671244,-0.045106318643651507,-0.05663436079081164,0.22719860901166058,-0.17956256671716864,-0.08583066371584877,0.1474972113321956,0.003960654444457907,0.12512693726962926,-0.19191076336067597,-0.018874597470123322,0.08139809674580725,0.4116864065874387,-1.115375318049456,1.8905717672420839,-0.6569676571394648,-0.49323724061097474,-0.025216912925565133,0.2711479046452628,0.06124681826981535,-0.07039841772895776,0.19416963359169134,0.05045630397970442,-0.0847073550151866,0.005636512661177812,-0.10678131947387283,0.12955010743284012,0.0033581797483554893,0.1547153671183864,-0.29620289419703644,0.1522253233440916,0.11553976170897176,-0.28446971368368534,-0.010956140857641312,0.00622062760743056,0.1455722052100437,-0.060856778093364344,-1.7808755760368666,5.707495485588774
48,2.50821443996038,6.45371112799731,10.846033753839,15.2201531716813,15.7072396074409,9.58498146095751,5.53613980135956,-2.13896597145657,-9.24015966035064,-4.86924770475138,3.40327426122987,1.50056362361294,5.9182391579893,7.66202472380016,10.0894420848267,15.5799222630826,11.2869313337228,5.68699369645919,16.1408547911944,25.0190528632692,34.481595978415,39.4816628386121,34.4852312998194,26.2967326138287,17.8939292725268,14.8716891751341,10.920898648485,5.05307244882702,2.64211374667936,-0.721560434374745,-3.25004629047519,-5.78184735883027,-8.81045857602098,-8.32661608897701,-0.670936942666347,0.756572309074797,-13.7855528440251,8.14151283412045,5.37003336799994,2.82415066808052,1.53346979406492,0.770087036267157,2.17188653066987,-0.05812721641643727,0.025441767001280917,0.17788285024417919,-0.24594714225699962,-0.09261288023823197,0.28983289599238105,-0.11592766155878019,0.003810867452322249,-0.001940285136933243,-0.04251740669422715,0.02881559532460913,0.2322875117424437,-0.29872816397222507,-0.05671057110516043,-0.01939834011999343,0.12052817188285353,-0.039133624101266515,0.17622365461452077,-0.08182602417662924,-0.18907529769296527,-0.6557481125619904,1.555072600368594,-0.9485144019184002,-0.12076243321083835,0.4486942351940356,-0.15856485929977734,0.006091258765071369,-0.17536216987734946,0.08685599850023099,0.17353172038616643,0.012333043928450693,-0.11191837095234253,0.008596473671255359,-0.015890356159423594,0.05031875287944442,0.06279823732718416,-0.11779380341272865,-0.1365910715215795,0.186700458451528,0.06718968505760045,0.055759523415455856,-0.1810238754616252,0.04304326476798028,-0.6940092165898621,6.28264775700597
49,2.97147568437591,7.96184277080573,13.477921410286,18.9665004974053,20.39774367424,13.7047855978929,10.2916427489483,1.46280950016397,-6.59161793245093,-3.14536124956527,4.38684390983464,3.83356995287048,7.28757081652584,9.04522692762366,11.5788388955374,16.2825211323902,12.1595823563396,7.19167449173995,15.737357718935,21.7328515582564,28.3431550640539,34.4852312998194,35.6318759783483,32.804628850484,29.3386310567633,26.517467176949,19.2016415996801,12.7585407314047,9.27568494509018,4.3937161365513,0.803200357136119,-2.78986880750596,-6.9054558098532,-7.13328703039311,-0.88823800920025,-0.917639474760398,-16.1587359351572,13.024133210171,10.3609964112782,8.01629209623265,6.05116575312048,5.38753980249585,6.12495791230289,-0.15954015536791213,0.026899202799237538,0.04879983279958581,0.1504261655439271,-0.15818133294125838,-0.35548648730803367,0.20287530497506467,0.07384996784426164,0.06229186138742606,-0.08009218741542207,0.17880846331385347,-0.04101227982259625,-0.020092966925425455,0.06183880390279485,-0.009011498087179498,0.03148390597466973,0.0005947313915090803,-0.04639479430340747,0.0024206972155538485,-0.1920558741036032,-0.4885761550933463,-0.9492198728803863,2.873063634391822,-1.1114151795448002,-0.5328151636935076,0.2644861345681964,-0.11014367251281343,0.15098118983181016,-0.013857113608236181,-0.16681037366826373,-0.03557947587361414,-0.012049278677517853,0.0047873343427777635,0.09997671980179984,-0.15198846036610542,0.16330945409502556,0.011682590627429835,-0.1895523171588632,0.245590845273103,0.0391803872110868,-0.02887762351806834,-0.011023798747470632,-0.018708576084759097,-0.49155145929339467,5.968406485683455
