,Cov_0,Cov_1,Cov_2,Cov_3,Cov_4,Cov_5,Cov_6,Cov_7,Cov_8,Cov_9,Cov_10,Cov_11,Cov_12,Cov_13,Cov_14,Cov_15,Cov_16,Cov_17,Cov_18,Cov_19,Cov_20,Cov_21,Cov_22,Cov_24,Cov_25,Cov_26,Cov_42,Cov_43,Cov_44,Cov_45,Cov_46,Cov_47,Cov_48,Cov_49,Cov_50,Cov_51,Cov_52,Cov_53,Cov_54,Cov_55,Cov_56,Cov_57,Cov_58,Cov_59,Cov_60,Cov_61,Cov_62,Cov_63,Cov_64,Cov_65,Cov_66,Cov_67,Cov_68,Cov_69,Cov_70,Cov_71,C_0,C_1,C_2,C_3,C_4,C_5,C_6,C_7,C_8,C_9,C_10,C_11,C_12,C_13,C_14,C_15,C_16,C_17,C_18,C_19,C_20,C_21,C_22,C_24,C_25,C_26,C_42,C_43,C_44,C_45,C_46,C_47,C_48,C_49,C_50,C_51,C_52,C_53,C_54,C_55,C_56,C_57,C_58,C_59,C_60,C_61,C_62,C_63,C_64,C_65,C_66,C_67,C_68,C_69,C_70,C_71,Mean,Std
0,61.9674806683924,49.6229545367134,10.2401404293903,3.02098252142179,14.9502516964011,9.9955556060714,13.226167443315,16.9286106052558,2.04609537722654,12.0000992391812,23.5116240479513,28.2098031537018,29.6675759265616,7.38582278838582,1.13362695535703,-0.933028549118965,9.303678127783,12.2404184366346,20.8037576628395,20.9659227917312,21.1812868482008,21.941233998789,25.3179754710727,22.2275672565301,17.9103593343622,12.0616221000173,5.70766518825952,8.06300866612689,2.43649581082961,-2.46319174854479,-1.43073611711258,-1.89497017864072,-13.9255575112667,-5.43208355040872,-9.32760482779319,-2.60258759658686,2.79552150978351,-1.10104011808362,0.343567255021958,2.02682970017846,8.96318764825918,12.8886703498852,0.493992085295409,-13.4466125340373,2.27129345610988,-9.75282840891816,0.590247838024107,1.36449380235266,5.86099128065457,0.103227374806847,-0.880161133941101,5.35877068023244,-2.93657361627519,-5.1065144580243,1.65651942246106,-9.71099300434718,1.4361251843731895,-1.2573397563235746,-0.05957513675508616,-0.09442900793669527,-0.09468319360981502,0.05354572165234183,-0.057334568712481083,-0.1686553848969754,-0.09043138899728374,0.15100378063930153,0.1915846197167516,0.3166660514581673,-0.5102920389070226,-0.04481124213180292,0.07304327522384291,-0.2232706864920236,0.2541232839484317,-0.1585059887270644,-0.2913486571328147,-0.04141138111640934,0.020062578432970747,0.09822873198823404,0.0715102381892888,-0.14160589502509466,-0.10370458778183814,-0.0704399334072753,-0.01540345186784103,-0.0460632060015265,-0.14182817210268162,0.17457150621432735,-0.15666305064532562,-0.007253960506634848,0.39167446509126985,0.041504812129682045,0.1361249085516249,-0.3316519677782015,-0.041645665520028116,-0.2365326396665338,0.17963911475788935,0.017061019958294312,-0.012354865131329286,0.10864975705060503,0.31615865580514024,0.045166102319923136,0.014348516282939495,0.13787846759844682,-0.012097791978902017,-0.20351776795096368,-0.2175036260559298,0.03307741545179747,0.09772894987934803,0.054247369052013036,0.10538838439724506,-0.1727188688109047,0.25895591784361277,-0.01604362729170934,-2.8105734767025092,7.871307430687256
1,49.6229545367134,47.601591995221,14.5300514555388,2.86732497651461,11.2448904497419,5.72018968552939,11.4359490292556,15.7402703168221,0.0621599030804198,11.3529578015233,24.5902029643618,26.8630498117867,23.540950614397,10.1085449456463,3.45744875613971,-2.14235143290249,10.584162105201,4.13297513017058,10.969623831198,11.5797889057166,12.1659187503485,13.9054030575195,18.0927045254151,15.2685679253601,12.8764135871733,8.89269012193705,4.94835674891388,8.78800854511969,1.20151581502227,-3.96918628171394,-3.30462788709795,-2.01983102430709,-9.53261632080283,-4.17020217131761,-6.75470689244842,-3.2163650365141,0.0475986307469578,2.03290419159381,1.6245294657242,3.38140310059784,13.4106446176439,12.2546379319851,1.53224590516446,-11.0608749060795,0.758329401513966,-14.5686000386788,-4.45473730907531,-3.24806957356085,1.20232620170992,-0.239593503373673,2.92149887321314,10.5900544579477,1.83938578610824,-4.21620723182652,2.38878267036517,-9.04141890400087,-1.2659802217252214,2.646746753095563,-0.5763733887212623,0.39085324514346437,0.07276138427673258,-0.01391982640146034,-0.0764455512909484,-0.509221307060949,0.07965321688387307,-0.16252914332239107,-0.353725129736544,-0.2134619774761204,-0.016860926431873573,-0.14105725137498573,-0.06301077357531108,0.07136987435617215,-0.17389061915371246,0.016212129596077953,0.16516632979141302,0.05238385122352314,0.09208907812617846,0.048503915288460944,-0.023120376734763505,0.00775933284426996,-0.046022187730586105,-0.03466392023556007,-0.1021184141542515,-0.4078300298621577,-0.06404343480912622,0.04656651911754605,0.0010486660061031806,0.18508293751618127,0.030350812361945492,0.08999822444900427,0.05080617946888624,-0.005033823964307926,-0.03722027013686132,-0.1568323395921769,-0.2934333142813899,-0.03785041923062375,-0.18449845325277361,-0.34776152168044355,0.2178928446204967,0.004655020737416026,-0.25095885312109883,0.301849078845069,-0.028960480785911364,-0.0062013944300692795,-0.0055417245291400205,0.0923344795469673,0.03090811780147949,-0.4905164149164088,-0.027944922921041553,0.269693627397384,-0.17548953384344101,0.2938822340353443,-2.3709677419354844,6.898665957648698
2,10.2401404293903,14.5300514555388,39.7001545698925,16.5237030746658,10.3063742302218,-2.53441870983927,2.0162776357406,2.88965484325024,-2.42184764311913,7.82819298947304,4.45784165266926,2.97884647005714,-11.9327940813668,-12.5573212863552,-1.42885672820743,-4.69847897742386,-5.47040475413707,-3.46712932607804,-3.2698687360478,-5.87139723240583,-8.19977759708534,-9.06936009328233,-9.36144447452268,-6.75587359886365,-2.21174592574616,0.508827589988718,3.72524978226629,-3.25788789176942,-1.0603269889285,5.340061480707,5.70388276015042,3.86203663788302,-5.12261463682689,6.82206702107767,0.422385461401653,2.88403092233201,-4.6008026469187,4.17933887918349,5.56602538583918,11.6123602232322,0.892816159290574,0.387484445651325,0.511625611031761,-5.26305512405071,-6.22996012013472,-22.0922797795413,-14.1086380947097,-6.80941679480038,-5.57256784809357,6.87241939801411,8.17972354848025,3.18844432953687,-0.592779261001608,8.70771822267707,8.10540151013383,3.01751521010398,-0.056830687236820866,-0.5850100177576888,1.3790201376330768,-0.6421748966774645,-0.10305401881080602,0.2776195126200876,-0.1471935578049654,0.03745317431691447,0.42480610878899555,-0.12134102680495,0.1657220939559093,-0.1957860659648327,0.5215936415263197,0.1648777931138273,-0.14622450979193702,0.43939320321171893,-0.18321299131067695,-0.03428436749589847,0.071705534787359,0.012914028807964236,0.003444062425103784,0.018028924695339173,-0.009634839503119939,0.22457369426680168,0.0819010387550047,0.03020900018568186,0.04429736755027938,0.041079016014689065,0.03180355996440397,-0.30810025130380586,-0.24250181040951121,0.10660466360512777,0.0500927698403423,-0.2678110417652998,0.05048008539477727,-0.44484503864409336,0.028825486687050626,0.32833241013582865,-0.17114383673169364,-0.10353549405105275,0.06957345184984365,-0.02392828321962888,-0.28726893974161316,0.06664631650915152,-0.22056510066140572,0.13947303266195868,0.17512686371927294,0.08301096683206426,0.03764744005439572,-0.010933616004588203,-0.3233266968514704,0.03605658742305635,0.1473794947362765,-0.016828675682367105,-0.012582453922759378,-0.12302499938209642,-2.8723118279569895,6.300012267439839
3,3.02098252142179,2.86732497651461,16.5237030746658,26.5536827956989,21.8750787781674,12.8338804307537,13.2328750096609,2.36375386508134,11.0001258930452,10.2504005559254,9.70593620870197,9.52514163321263,-4.14337406782082,-7.75522287824805,1.79872928817734,-2.85782618998263,0.967984199240261,6.41896805804255,7.37671955311048,5.1690646901605,3.75415085909144,4.01377174267522,4.04688158015531,4.68728838426044,4.70219468738888,3.67347474091996,2.89696626922476,-1.34964148843016,-1.89221290859936,0.674374711165987,0.920779010504415,0.681138539371831,-3.01214172958756,-3.77891366326803,5.49891710810998,0.928948107178367,-6.24810969238178,5.00489295162446,-1.82015753583015,-2.33451030158865,-4.77305592902881,2.60286023911638,-1.4905297192066,1.51090167214638,-11.1321996803489,-14.9313133860379,-7.09089867924501,-2.82188858892113,-5.23863819186912,-0.555092077518655,4.48484599393274,4.79986605790625,3.88184505791844,8.90052799195771,12.6949568493109,12.633449835979,-0.09825133227741567,0.4009965398181868,-0.6407569468059547,1.2103185846142492,-0.21788332249613837,0.2151225274925725,-0.03794659545243973,0.011749786990905193,-0.30847904048778424,-0.38415429164461307,0.19282234904783166,-0.3690724829458993,-0.12445231404834632,0.08482287328887377,-0.02565817641746247,-0.06909424455001013,0.11206922167791333,-0.11243431863724954,0.06606504543364279,0.2296859059507552,0.20401841145818858,-0.0027902858325611697,-0.0797492947422939,-0.49140136458533307,-0.194922274564617,0.04231797477243653,0.13906053253974165,0.27864670920305923,0.27185578959732865,-0.0484967420942306,0.05331314170637309,0.056438665744377135,-0.2775089734625686,0.22624353150874094,0.0669114677767061,0.158028049628789,-0.08607144189167044,-0.4323024566492973,0.3049665267254209,0.15934003939612387,-0.014245365120251695,-0.014636100172665466,0.13639926352035603,-0.11047393353433607,0.28595396088800346,-0.02908419512932314,-0.08656797639819712,-0.17287126265444946,0.06429120225741088,0.055932902408815564,-0.08119498086984957,0.13596486576432304,-0.012694313762556744,-0.05307445322204791,-0.044153551395779436,-0.03357514538585935,-1.0080645161290323,5.152056171636614
4,14.9502516964011,11.2448904497419,10.3063742302218,21.8750787781674,60.4906115591398,42.435336551945,25.6424203627936,1.71804499726921,14.5273822708543,9.43400858654774,12.4118380820761,11.120797576962,4.7977587309511,-9.26806365019952,6.90033430463207,-5.44774293134178,3.2895527147193,7.04612205772834,10.7216859173758,8.71099992067618,8.93959666859952,9.55873983307605,10.2065774529195,6.71441764358264,5.00025879394841,2.49607591545319,-0.339568337334276,3.91666867160796,0.781298830658691,-1.92622462887156,-2.92965879330651,-5.0479738280416,-10.5688310507534,-4.38616240505407,8.61463337839138,0.444791669271343,1.20225913288845,16.95639072875,-1.68333651921243,-3.44228048380407,-7.54986072152988,15.3632016801837,3.33452539990243,2.56950275810183,-1.17587930658597,-12.7248388956226,-5.99302007519655,-5.84188632298561,-4.22162868651775,3.70544299089285,0.799018506933203,3.14488685958724,4.43557877481692,11.4988786629045,17.7450232368886,12.2338205410126,-0.08817301549807158,0.07440949020320774,-0.10287004198062573,-0.21888932084633014,0.8662024785469916,-0.44495792308258936,-0.2868792056615791,0.030655331275113256,-0.14250145409815612,-0.33295698705848753,-0.1494299931317195,0.020720848307879174,-0.14915235718680284,-0.017138035183154876,0.24518672750469134,-0.2614571870178156,-0.11958628176265701,0.42819389487212844,-0.3293539479865954,-0.08234379168135852,-0.0588546521680739,0.01721558948558378,0.1853623203575678,0.3054872713912178,0.061167424810302615,-0.03133800282105628,0.023485291946639272,-0.04704562602790448,-0.10700838850146578,0.03925417719815756,0.0486874871082896,0.24620667231700302,0.08912713615522666,-0.0968496398004374,-0.2417883583393584,0.1734053562026916,-0.08540887544266965,-0.11884249883819266,0.08293155989949808,-0.12440108914385511,0.2986526883111216,-0.1812920455034615,-0.34010475619450975,-0.17777679863717835,-0.15870518674661466,-0.06358279767000344,0.06174419788998129,0.155051209743063,-0.14376359048142956,-0.07165183433494719,-0.006166535770763222,0.16576889646478613,0.0030896255162400736,-0.16526199108482806,0.09945410220100265,0.040722037076493814,-2.7069892473118276,7.7769281570000235
5,9.9955556060714,5.72018968552939,-2.53441870983927,12.8338804307537,42.435336551945,58.6695728793309,40.27972664491,4.58514655346147,9.95153435874566,2.2939687654682,3.74030314804862,3.52283466099391,-2.2120811378654,-10.1781869007403,12.0144327416424,0.179087754112843,6.43329105941026,9.78494230866185,5.62389822453792,5.72835063374945,8.17021327393901,10.8454693488,13.5819397163121,10.5652950806373,6.56785543553555,2.59484716874782,-1.86116193933466,1.85728616758172,-0.340959553166918,-2.02202688837128,-3.22290685558744,-3.80148481127167,-9.1708291312831,-10.9675528222971,3.96721771545483,-1.46452249175208,5.18964498903499,14.2729796781282,-5.59031895765952,-8.68788246976013,-5.61103293372736,8.10523015004751,-6.24262929428487,-8.76119447920985,-10.5642354119448,-12.979786773189,-10.479459583463,-12.4316468720461,-10.3768556758801,7.74712141869531,0.699075490076961,0.523723899831204,-0.032368697475372,-0.699850206576467,8.1357683915963,9.68008213318822,0.05963307450323802,-0.008185470111367681,0.2863342612168071,0.21238010056245354,-0.4449341688167595,1.5169678255141101,-0.7899890311691913,0.1442095504706265,-0.041545938914123136,0.001631189518076572,0.17074705089205594,-0.008024953940060146,0.014557723313043417,0.23872667131955239,-0.4401676206403365,0.29139953159888093,-0.02674159398039473,-0.29955648553755654,0.2008864679573465,0.15134114599078702,-0.058699726676317045,-0.10823331962328085,-0.2642978350506349,-0.14355239537710693,-0.02685696890153079,-0.027532813267403207,-0.03956887280081103,-0.28775038911728573,-0.34615884921341067,-0.1400113898528766,-0.007787444031571557,-0.006678764797083203,-0.06476427121158977,-0.08975858431459925,-0.01735570193430645,-0.22696767086983707,-0.37526943358366843,-0.45140798635833007,-0.18848236775262672,0.033990404069052634,0.1428862877365502,0.0016045521706788742,0.3159486354274313,-0.0019396273949263548,0.3095789429871018,0.0003545755699324302,0.008143789232053522,0.24982310677587055,0.11074588239447564,-0.3283794848575927,0.09105993872716993,-0.010396440411794383,0.17134199221355104,0.034170870915264294,-0.1006400509814803,-0.012771455517796966,-0.6344086021505375,7.658953771849713
6,13.226167443315,11.4359490292556,2.0162776357406,13.2328750096609,25.6424203627936,40.27972664491,45.8593939167662,12.9016679162366,12.9065072545815,1.6079481658294,7.55696264397981,8.26411313076512,-3.11444958931624,-3.97193239244533,13.1618297822394,3.92627987789182,8.41436748107028,10.6275361839389,8.14466128630268,7.59865878793827,8.21440021965137,9.27045151670935,10.7753004543009,9.00594143278052,6.51657577017665,2.8799685736313,-0.931964449561049,-1.45055319867055,-2.91565794261644,-2.08375254718865,-2.14658546833797,-0.843060401493116,-9.28206322483135,-17.6710380294053,-1.72820429937793,-6.12057793128252,-1.37048274566392,1.98765172910437,-10.0480738066771,-8.28407630216462,2.74123257428768,6.4547387151461,-6.48182796957781,-11.3272524407737,-14.0587286601598,-21.2549566556386,-15.5085618091819,-14.2643644324801,-10.8369225610808,0.81978974168926,1.2370254803255,5.98843772279659,9.57958064618179,-0.1529114481676,10.8202227365392,14.976749452929,-0.06167237341959463,-0.07472609335276398,-0.15395523823987028,-0.0399676475485828,-0.28805919191342766,-0.7912999157029785,1.5291590243378739,-0.1764541915700187,-0.07726356886083148,0.2938497308940563,0.051115123002845826,-0.2162597171275166,0.36679026268305914,-0.09797887393254849,-0.4185183506320129,0.07775832175466459,0.05943584628045477,0.03950321347200122,-0.027600267484822673,-0.05798545833862837,-0.04946107250625724,0.012936968074055005,0.08540664283583593,0.03664374131160837,0.021328383915314157,-0.11834214357602578,-0.06258102779666243,0.24473697301514838,0.2209684061120985,0.11988664651584958,0.007803524999891144,-0.14220788895453845,0.20045119133505576,0.22983146007758007,0.30488182287614163,0.062324803644566114,0.2332727856469512,0.32247386206565287,0.06341636116649309,0.14265086739161503,-0.37046081079515314,0.2846675006739102,0.09761447002650611,0.25963143509020237,0.16715139040114033,-0.1479136019896636,-0.07916619383677999,0.055761190353261894,-0.17132861248190803,0.2535196411837553,0.026463160361704548,0.00016473187104674506,-0.37579995160421054,0.2785103683912407,0.018907962902846687,-0.1987893964445922,-1.9372759856630821,6.771218052667203
7,16.9286106052558,15.7402703168221,2.88965484325024,2.36375386508134,1.71804499726921,4.58514655346147,12.9016679162366,19.670513739546,5.07038504182692,5.66114532984566,4.97499755835625,5.40153877914031,2.98071132416729,4.65665147863962,-0.243661608600858,5.38886647680898,13.5199576332021,12.3455569930653,13.1160541869464,13.235345436157,13.0667215885062,12.5121205207258,12.9750316679422,11.1308693327478,8.35559499975125,4.18235298831121,-0.217087327992676,-0.490777823871925,-2.67097972047299,-2.16764092905719,-0.701418120871385,1.40993662553263,-4.78220290161587,-8.39767973127895,-2.49776408861983,-3.25011073843133,0.656454224623005,-4.68224525631433,-2.50356144608167,0.882671485976168,5.86048894982145,5.33417061365917,3.38966211007727,-7.85884690428366,-8.11281706469573,-7.41746804910044,-4.54201756879087,-4.19796273440881,-2.88493725103076,1.68195752202438,2.08622013352739,7.69621195467984,5.04039646877534,-2.54164749926121,5.80759083890046,4.84292408611359,-0.16233689481329172,-0.5142176835852675,0.04051579932426161,0.013000057775760814,0.032030036460835805,0.14138898406309455,-0.1814343442429992,1.5335508658832477,-0.3044718117855113,-0.013221853597359163,0.026596995573323193,0.08066219963387687,0.3402832391048263,-0.2969970749673067,0.05927875138881323,-0.2510940384620032,-0.025949869382314892,0.021247915665162546,0.046407362706337434,0.021553284972404073,-0.12011434801541246,0.007636452429773976,-0.01347664767291005,-0.153733600551283,-0.055141870553847575,0.16727897232017458,0.12334135667075231,0.22201886192943773,0.19005494450723828,-0.03307915134739953,-0.24602289386049234,-0.1962255404440434,0.21156303761772732,-0.09641374015119923,0.01550545083915425,0.4401064982265335,-0.1700196337520576,0.16661745179341123,0.02904800759260027,-0.2056119039919878,0.22863591603256586,-0.01169771862229371,-0.40536984694601663,-0.0954884305080666,0.4110747478238455,-0.40037352983905583,-0.1386090568621678,0.16594789257105771,0.540715328721323,-0.06694719524836039,0.13726461783576285,-0.36700124660331335,0.08338608739483455,0.2963541175977152,-0.4014247937912261,0.09849055734549525,-5.5089605734767035,4.43401778746387
8,2.04609537722654,0.0621599030804198,-2.42184764311913,11.0001258930452,14.5273822708543,9.95153435874566,12.9065072545815,5.07038504182692,38.5934139784946,7.32596314935024,3.94385258370892,-1.60333757741683,-6.29942975245324,-3.60542245746662,3.09931817400498,0.909463420489883,-0.0484028323058472,14.4095010105902,10.1694781694615,8.56106664808871,6.58180740649175,4.7684147273636,2.74859739660878,5.01241240629478,7.7243265822252,9.82090259422143,9.82122348991986,2.07616139899344,-0.0872126509011324,-2.52789043960485,-4.37088080951237,-0.574433204732305,-0.525965235199249,-5.54597194003539,5.62283968526335,1.01666301985151,-7.22922769013336,-8.096135297727,-2.42871863833023,-15.3885817502617,-7.57701869135086,5.26088029436617,-2.59979485387501,7.34561523954839,7.96266832622113,-4.89079260979633,1.15702721492041,3.39330416503149,0.462592594499996,3.05209209613786,12.0830458364768,13.2174984078756,7.26700846833142,9.99568742722565,19.4533403576152,22.1171878969825,-0.09950303390631794,0.07345820404770603,0.42464276245120025,-0.30799755636419307,-0.1443469287287307,-0.04147157021709616,-0.07858205127907758,-0.3047322756283652,0.9198577118897843,-0.17080313640849296,-0.0021721789042550683,0.07827266088770089,0.06037576971601259,-0.011854479880202808,0.10176969586448763,0.12616626491545538,0.22914367862520144,-0.28981016200300724,0.36451287183766606,0.14219706836093154,-0.11474739841508456,-0.015123709752860485,0.09666396445676281,0.10040757815754389,-0.02363677004147595,-0.14364841779665646,0.07480442481590291,-0.06666807357311808,-0.0043062851317600395,0.01271483409254055,0.16691466771130342,-0.402980280360332,-0.029070229725036652,0.09853071017699119,-0.12328610981743536,-0.12727267048178845,0.01617965686435782,0.4318434259679516,-0.319028023814878,0.251950907190876,0.025367971744955108,-0.17286199219968282,-0.10444611308115771,0.0975514352042768,-0.2944896697597173,0.21028980688217186,0.10319302596324266,-0.07679222060630418,-0.15066964624879742,0.24295952869256926,-0.23478962051892302,-0.1749807256255297,0.15853330944390737,-0.19066584087823346,-0.008300292250587288,-0.05920293839249973,-1.48494623655914,6.211554876075282
9,12.0000992391812,11.3529578015233,7.82819298947304,10.2504005559254,9.43400858654774,2.2939687654682,1.6079481658294,5.66114532984566,7.32596314935024,22.5782795698925,13.939049938654,10.8741214165354,3.13822696338341,0.231755247833505,-3.87832167364116,-1.80978595615363,12.8610735176935,16.8328553971943,20.7932819407911,19.1427537863509,15.9886260473725,13.5445769144167,12.1064953117223,11.1538774336481,9.96711230157536,7.76703978081284,5.067729698228,3.47588735949016,-0.276719682108024,-0.0404661258437851,2.46455431145225,7.16267164599571,0.681504306639488,-1.03588827684404,7.83024078830847,0.289186584825378,-8.3542271839946,-2.56740199798998,-2.14097378462129,-2.64201217491146,1.76389627997627,2.08286991373748,-2.24644328604256,-4.514673920951,-6.71156785121771,-11.1680737392019,-4.65821576583142,-3.94220371615762,-3.43506066899884,-7.89532837741918,-5.46426368563651,-0.31941738518102,-7.91465044748852,-4.26807729751862,0.918972455673505,-1.18293746706238,0.14734932612253424,-0.16404554475679015,-0.12175183734991507,-0.3794265469678289,-0.33408870002421864,0.0011770830932380327,0.2965286736846057,-0.01454167367890938,-0.17283927616141914,2.03242976663541,-0.20947444886358277,0.00034789727238129027,0.13495911672359767,0.12159433851018007,0.3478151693845615,-0.007658580404649723,-0.3185594319051448,-0.01222529350689899,-0.10231963949467145,-0.21092346995234815,-0.10321071378078261,-0.038176827092055124,-0.020635109125350902,-0.13303913875090023,-0.06340323403137041,-0.07870217552756945,-0.10905181767386538,-0.4708881381590744,-0.0857990956504541,-0.03274008520161068,-0.26351747591522,-0.39950216265198485,-0.47756404323471446,-0.1086525019202653,-0.17511477533719016,0.08056533199055713,0.39858592253093816,0.17442538009278927,0.025975571675555018,-0.1406975631818038,-0.5199518990029858,0.054018409954079805,0.6012786424174369,-0.014890916949340197,-0.028205430002648683,-0.04785195265750215,-0.08646293547060102,0.24821254324377867,-0.06888051085546171,-0.30205746309181336,0.4099347712156757,-0.17489901271316088,0.15548026833566927,0.09577905404741549,-0.33511209697795746,0.29261873839609814,-2.152688172043011,4.75060833682303
10,23.5116240479513,24.5902029643618,4.45784165266926,9.70593620870197,12.4118380820761,3.74030314804862,7.55696264397981,4.97499755835625,3.94385258370892,13.939049938654,41.7692072381521,36.8814924547746,25.7391088929868,6.81255187066938,-0.925291656002736,-2.9849762147332,12.1206793063253,6.1519262307255,15.1829205561459,15.2991698744703,15.6220291912216,17.064039438665,20.0167286828238,15.7354616704286,11.7827572191144,6.34038601473673,0.875310689862912,6.47491599123736,-2.15348560797308,-5.07878297988877,-1.85190942163334,3.80377290482749,-7.80642886821265,-0.732717304070915,-0.0906805706581109,0.963251820853885,-10.7838158593475,0.0035162727542461,-4.02787859041897,-13.1958629479524,-2.38223912542084,-1.32771815611276,-1.21936231401817,-8.75743323538386,-9.78116958911941,-19.0436178725449,-12.3372400902683,-11.0235730032198,-8.5469599965335,-12.571550813406,-0.636559145223081,5.20483656464571,2.0159738887738,-2.11848667026799,-1.98939325473832,-7.78358237144095,0.20716805466243154,-0.35186597494925076,0.16115480248684697,0.19538089482800985,-0.14964529271312102,0.15939494203587246,0.04998747810505686,0.029287944912950576,-0.0007389473618942714,-0.20267486827735343,1.7370305836070834,-0.9627202246922721,-0.028423830668240682,0.32107072591287095,0.008964146888396788,-0.32338401448775295,-0.10409888474367991,0.40202765471587865,-0.23686623110782892,-0.05582840135962037,0.11352458483407522,0.001490104614293824,-0.20157855272391284,0.12318774278549832,0.004607919884482326,0.014314179317792419,-0.056540257621807366,-0.11936407143409299,0.01313985713167769,0.15255166830649614,0.010249497845588552,-0.41723335157852337,0.12264840090557388,0.009067667812077842,0.1644629573322647,-0.11123466825772894,0.4678378799177521,-0.2932253172229037,-0.13853869582882994,0.5593063286834505,0.24179641432969484,-0.18675540430976217,-0.02765096043197651,0.14683063619076572,0.13926025263079603,0.22476224377802204,-0.014951591501298867,-0.1789439598649728,0.09173839158621751,0.21318718017703403,-0.24681240539128782,-0.04244035059098255,-0.10658103500647571,-0.03277233478921334,-0.1527696808572191,0.3205944936221368,1.2181003584229388,6.462136429862197
11,28.2098031537018,26.8630498117867,2.97884647005714,9.52514163321263,11.120797576962,3.52283466099391,8.26411313076512,5.40153877914031,-1.60333757741683,10.8741214165354,36.8814924547746,48.5616479988053,43.5317799847239,15.6739522787685,3.87266614506096,-6.8651265661778,10.2141359878653,9.36924588614869,18.177560110654,17.8567847724792,18.6169816898755,18.94378482632,21.046537393872,16.5641059774608,12.1393537024836,6.91579801065652,1.61922158492554,8.73598660142955,-2.55970736029522,-9.09852214297101,-7.3046097287042,-3.4271994208957,-8.7108890732581,2.44061707888026,-2.79509101464732,-0.474855450486502,-9.51155770684018,-6.11492893421122,-6.75348682705257,-6.52864939160865,2.89144873735007,1.64494484802623,-0.131179886435556,-6.47837122759958,-8.28245891981999,-11.4176891335544,-6.4902073615763,-10.2121219446108,-9.71771564807028,-11.4609462541127,-1.70710565475556,5.69163384554033,-1.84783544182105,0.46302099301306,4.9870388066635,0.175368878721309,0.31648979772181246,-0.2201805370832144,-0.20018794641664256,-0.3615172080657857,0.02272592789122556,-0.0073602554238436394,-0.21691963012767035,0.07690471315145148,0.07991784152220044,0.001646135336361176,-0.9618523188886358,2.049353536468436,-0.8181825407369286,-0.10691193703397832,-0.16652741864316534,0.51509538209622,0.22128379051756128,-0.015107230708603488,-0.0452677722828579,-0.19416480026647076,-0.17829267813064248,-0.06207389564183158,-0.07074717926480399,0.1601777563454707,0.10919768815926524,0.09041734185618078,-0.001484857531967041,-0.2457114469003376,-0.021423736015626454,0.05682828169425557,0.14840572283627182,0.1298566888228922,-0.02418209547479099,-0.02593755288370663,0.41511324563145446,0.22907891023016752,-0.3120562557403869,0.28863325221606884,0.005420228300040803,-0.30172669020547127,0.06461703422990357,0.17262245832787393,0.10837948700166206,0.1258736409068215,0.1697939331053354,0.012972998250986374,-0.1510084617410314,-0.08952750041585707,0.2528721247356289,0.4238721251976179,-0.19795760424091335,-0.21626445304550482,0.1729590043675566,-0.10786399020213443,-0.034711238200864754,0.08429734715038396,0.36173835125448006,6.967901262130891
12,29.6675759265616,23.540950614397,-11.9327940813668,-4.14337406782082,4.7977587309511,-2.2120811378654,-3.11444958931624,2.98071132416729,-6.29942975245324,3.13822696338341,25.7391088929868,43.5317799847239,60.7019840203106,23.8333169353172,6.46638692287107,-4.9251156167189,10.8626805061502,10.5359585998193,17.942200802263,18.8073453589489,21.126666612151,22.232051310001,24.6650193499396,19.2633206408112,13.2181120866747,6.79787144205258,-0.0090391738846663,10.6697538258239,-2.14747250022587,-13.2554930118017,-13.4961924851044,-10.7209253641764,-9.18240452432729,9.36300270685252,-4.65058584711666,0.988997325033065,-6.174448460911,-12.540024310106,-8.95168301403135,-5.16530777403225,7.34938583924257,9.7474068954205,6.54935564567523,2.89545562053166,1.28083804668251,1.43550844052222,0.42824371086408,-7.92262891762048,-4.68203748733642,-6.57669693324321,-4.8454589517887,4.71148500493506,-0.624613526999358,0.223335546931504,7.38939458190685,4.33025037531882,-0.5186356067251364,-0.017270284931432508,0.5201241865176505,-0.1246898465231665,-0.14216603059092536,0.004452808813859287,0.3667008138259553,0.3436581947224977,0.05034738563226687,0.13028293648545017,-0.028964473701312634,-0.8178681767092282,1.592582256147544,-0.4050367088241374,-0.12588986994727336,0.11942703133514132,-0.01612206671279642,-0.395415174282373,0.03720959321841901,0.2867396535546493,0.036139077130609834,0.005859110628129724,-0.024871577746477358,-0.16251984667174377,-0.0319079336637189,0.027013742860376694,0.2310019290862531,0.17400533802864163,-0.14060021770932987,-0.030015069318370075,0.2099634150191271,0.3722764005583244,0.21700516132427683,-0.330717368328737,0.041411345678805236,-0.008836798250000064,0.28636372826813683,0.37375881450221426,0.038767797925320154,-0.01605578171874867,-0.13032643189384915,-0.10055987187194777,-0.14502530822074303,0.02781962447772297,0.1860592179851362,-0.29969889315689896,0.02145292948154543,0.40746935387035843,-0.08422770090109724,-0.2984554319263564,0.24131152262647448,0.04533199000017664,-0.0962421996963119,-0.18315592584653267,-0.0560548065151644,0.1700094851003406,-2.588709677419355,7.79050601824494
13,7.38582278838582,10.1085449456463,-12.5573212863552,-7.75522287824805,-9.26806365019952,-10.1781869007403,-3.97193239244533,4.65665147863962,-3.60542245746662,0.231755247833505,6.81255187066938,15.6739522787685,23.8333169353172,38.3155667562724,8.8051319156193,-3.24782638027387,14.6028121837367,-3.52203002305857,5.28592612379424,7.56030939020996,10.1053704231279,12.1884872887969,14.5448557337551,10.4745769659812,5.7032280729913,1.45230681389253,-3.09663518919001,6.68686054554276,0.407629950727269,-5.93612392315249,-5.37662584519972,-2.95203415255671,5.20706450267514,2.4646455584568,1.51716227559586,-1.95266942573145,-4.67005160840105,-2.80354828549394,-1.59367006747413,-5.10661077731593,6.7832987971043,2.59859135899276,0.912437892229317,7.54897128661755,9.58281092275555,5.90160249749417,5.11519321653018,-0.595527655744451,-1.02503323750419,-18.0631783812014,-8.67151234109532,0.398739083869602,0.0737566294607064,-2.14029020262591,2.05496798347245,5.45827932844571,-0.027358253427915643,-0.12682166709679024,0.16373812018594713,0.08209859258215611,-0.017572715909885017,0.2392653240656337,-0.09805081812158475,-0.2952919216725703,-0.00918937157142554,0.1251424881995526,0.31903156910515473,-0.10714843132182952,-0.4042070913343699,1.1931898968512868,-0.2451588292196421,0.2501172993865944,-0.398743426072044,0.5062266561370098,-0.2088537029059855,-0.02395629708380872,-0.08087344104389853,-0.058703055946320255,-0.02243585149782102,-0.07243371305064716,-0.04995546616030323,-0.008629141260962831,0.19792978935919783,0.004366113471501893,-0.07354679316292509,-0.0009577584793751003,-0.10129428024824652,-0.05150623644410799,-0.6456553407805666,-0.0020758613741729075,0.06326899936387637,0.40939262920676367,0.21671685938994537,-0.24844398488685265,-0.413115809169272,0.12965111125226617,-0.070915100217592,0.30126094429231737,-0.03636081673465156,-0.10511575765374255,-0.19781971575977395,0.020741796796091446,0.026635110618056124,0.10161190666000122,0.030628323672737323,0.17800933427427104,-0.22744772846747083,0.13675339146317125,0.13139536381603706,0.04289763607167174,0.06854559058704118,-0.38181002074544357,-2.3266129032258065,6.189149114076376
14,1.13362695535703,3.45744875613971,-1.42885672820743,1.79872928817734,6.90033430463207,12.0144327416424,13.1618297822394,-0.243661608600858,3.09931817400498,-3.87832167364116,-0.925291656002736,3.87266614506096,6.46638692287107,8.8051319156193,21.6673327359618,1.39953645650882,4.87812245143359,1.83519965104836,2.12701069681421,4.06397324521164,5.57126402859133,6.86982028656564,7.59776556254131,3.25730010912666,-0.147339708531566,-3.29930353826177,-5.81045516378564,1.83604774065908,-0.98726657374556,-3.82076163674321,-5.80875480062956,-5.15736032236554,-0.324964174642967,-9.59716644413693,2.00957398256604,1.67817594239033,-1.54481450047169,-2.83173841336104,-9.84928999486105,-8.77139905416688,6.82538060196764,13.28847881186,-0.166349285400979,8.98390158971702,12.2300099875408,-1.0838692621215,-2.54890487676987,-6.54881593324083,-9.00623717016503,-1.71586526757154,-0.936014060022754,1.68881255271929,1.24359327180605,1.33164203501102,4.43957386410575,7.90366607642308,0.057534940178647055,-0.09026397581123004,-0.12492436144194417,-0.023069031034412026,0.24454045197693838,-0.44031511375648413,-0.41856933814675445,0.05708010592898457,0.10678267651254637,0.34109007934834656,0.0076775669205052174,-0.1647633201114696,-0.1174683422298486,-0.24243543107000007,1.86460632101526,-0.032568882642794575,-0.1521916562777323,0.1629719078178004,0.063137633037752,0.03334093439604794,0.1476243344980353,-0.005904182874347084,-0.1070151177864896,0.03128497077323623,0.06293399848067038,0.0685486936504501,0.03340876330216611,0.5916135941392998,0.04343855301684475,-0.25868702470288524,-0.00953971467437948,-0.15214690973751532,-0.10917937395203907,-0.004649565866345139,-0.3185093136367842,-0.08800017035300359,0.1920536773839316,0.16704439297310777,0.47041955950171,0.1648090614647379,-0.29717660378985933,-0.6367830689410287,0.2494117316327211,-0.38824136656970726,-0.37947803123762214,0.20515254290954255,-0.275645552657038,-0.0522023949961732,0.19412086327173808,-0.07052136338894864,-0.06417413312026653,-0.18833275591736928,0.37179233328905636,-0.3123152518985619,0.12795134781205678,0.10262382940195543,-2.2123655913978495,4.653743948259484
15,-0.933028549118965,-2.14235143290249,-4.69847897742386,-2.85782618998263,-5.44774293134178,0.179087754112843,3.92627987789182,5.38886647680898,0.909463420489883,-1.80978595615363,-2.9849762147332,-6.8651265661778,-4.9251156167189,-3.24782638027387,1.39953645650882,15.2177508960573,9.30108186098674,3.82523790266887,1.3720214238621,2.60619680054529,3.07719903035744,4.47096497552103,5.29607477223026,2.8773086805519,0.309941722649515,-2.67887247195288,-5.52287770269481,-0.389220976742123,-0.318066323503799,-0.924009055049549,-1.05830126915269,0.679761494802221,0.0748151289955681,-7.15825995614756,-10.1120150498971,1.57793034308639,6.36510652600414,-9.88162209122614,-7.26136932976572,-5.65643551778537,-0.257892571625087,-0.454925260937114,-3.30918978217878,2.19810578512719,2.27877453746411,-0.141089702293323,-3.81226412245037,-3.12213283430069,-2.42615338649457,6.17351680558679,3.3235324331256,3.3554459123437,7.63249774480824,0.466233733333145,1.99272080262507,5.25768707728494,-0.2211612282946904,0.07385550669875893,0.4428085896359146,-0.06237750493769123,-0.25735734447796904,0.29008118643278025,0.07741060144739877,-0.25223219236859173,0.12462475301088997,-0.008039616069783779,-0.3268768378007112,0.5143221752564036,0.12435032114380667,0.2513485590407223,-0.0319059499407404,1.9230242434793978,-0.3378188907646948,0.28925173644515234,-0.159783398849539,-0.04068758592313797,0.35334638096028476,-0.0019415988417198018,-0.1548858655963321,-0.06901396785098102,-0.1727707947530498,0.017564595074676694,0.18413322730362036,0.2618564839308087,-0.15488794349537452,-0.11175499149793476,0.07804340641852728,-0.01098276797449174,-0.29683620250330633,0.04590963434654078,0.32060692871345,-0.31802515519928004,-0.4532871075899077,0.5012271919675363,0.2907304312669543,-0.11888478424900918,-0.07818338283717254,-0.2347994813906737,0.4593179221327312,0.07870654432593116,0.11509167388190411,-0.15597357350976415,0.1921501800456347,0.028209761035527223,0.26708331421995385,0.09027850164885154,-0.39155379059966916,0.12893122877736699,-0.13233738227518366,-0.05966400629447737,0.1173468054002014,-0.18925240390389778,0.9274193548387096,3.899711642680437
16,9.303678127783,10.584162105201,-5.47040475413707,0.967984199240261,3.2895527147193,6.43329105941026,8.41436748107028,13.5199576332021,-0.0484028323058472,12.8610735176935,12.1206793063253,10.2141359878653,10.8626805061502,14.6028121837367,4.87812245143359,9.30108186098674,51.4812890645954,33.1098688141005,27.8402254574837,26.1682657579672,23.3005369830027,22.6607169631632,23.6197065478954,16.5184507255768,9.81288229365084,2.71056056033753,-4.29009908387327,4.44705021762303,-2.62936791491157,-6.10404158933932,-5.05841064809296,1.21594789680904,0.367651082944387,-10.1493362720052,7.0693447655454,1.93083572908573,0.605059300728142,-7.31999350590057,-14.7659389808367,-18.1908327181457,-3.93886534382866,1.57428235815656,0.521614769582588,-1.68717876940893,-2.26178984440148,-2.39886834703405,-0.901881152507071,-6.627627025902,-8.41918544309607,-18.0893907570255,-9.85943879325535,7.44048096776142,2.78957531086724,-3.03110221405589,5.4241217635395,9.0450350122399,0.24167464601777616,-0.1788419029439015,-0.18490875811588392,0.11079223003993215,-0.12018672487212294,-0.02547564868714341,0.05982321232541901,-0.02713807894761015,0.2307302124784483,-0.3176422615139822,-0.1029701337967753,0.21618854704618273,-0.014892858755084847,-0.3996388695144312,-0.14996025337241536,-0.33684830070727007,0.8254471023546027,-0.5637364718593123,0.0976191114663499,0.19758913396793423,0.14558015371728178,0.050903160302191414,-0.25770750588937896,-0.0021779118964905557,-0.01139956403396651,-0.011167243625438455,0.11021494535270629,-0.01323755707807125,0.08650702060259607,0.12683653685757892,0.35374926331001094,-0.10999230654460493,0.08938570989924141,0.21473337580061216,-0.03980680463670141,-0.13240844406272273,-0.1511942040076617,0.07523484117201118,0.034902654432934714,0.15771006266707732,0.09943302701321995,0.21108585525136483,-0.19898510013121415,0.16131270909594436,0.09232902583572379,0.1184552739582966,-0.08647897403382301,0.024708940921432214,-0.3280259944221605,0.11853473205838858,0.16691323664461596,-0.14936137598890628,0.08985353060519473,-0.08251637878230605,-0.12494503390896634,0.08302315142975862,5.084254992319509,7.174349382668464
17,12.2404184366346,4.13297513017058,-3.46712932607804,6.41896805804255,7.04612205772834,9.78494230866185,10.6275361839389,12.3455569930653,14.4095010105902,16.8328553971943,6.1519262307255,9.36924588614869,10.5359585998193,-3.52203002305857,1.83519965104836,3.82523790266887,33.1098688141005,67.5926973490113,58.6824659427413,50.9474638951571,40.3043219535228,29.6809498134844,20.5163114170515,17.6384194314039,14.3335718212695,10.3019542705657,5.41328096534582,-2.72238241758261,-5.30920065313327,-4.42700366392074,-3.72089690625058,0.228412265326758,-1.01259960514881,-16.7282712502048,12.7898567063819,1.15089647354342,-4.02476805495832,-13.6536961794721,-16.8453004068037,-21.03412907188,-6.87671475619819,6.76244593578631,3.45873956732421,0.397792890912688,1.47263747788736,-2.10450934496084,-0.308389325744618,-7.02250462989539,-13.0090217696125,-1.78983553218278,4.02434894824903,14.7046525728023,6.90135207405019,3.16346002563709,13.2849416023713,17.182471330842,-0.13129400882401798,0.015476250820289578,-0.034519590954802115,-0.10673594040297264,0.4316019989701963,-0.3034669184060107,0.0400173714861005,0.03329861231354137,-0.2896114855565474,-0.014193736868636422,0.3936501260543289,-0.0150734688308633,-0.39928299029441816,0.5031465543026826,0.16683730722650927,0.2824313715624075,-0.5601774769715818,1.7169546052188918,-0.9635884216709423,-0.3860300080686107,-0.12368453636679047,0.13018557789075846,0.3442892534236424,0.23681152537716899,0.044032999251417404,-0.10039741998888035,-0.15421502275760632,0.2030332534362722,-0.011495716695064877,-0.15917816027449472,0.041541549491572356,0.017845703772598094,-0.3200876418099063,0.02834553520308618,-0.009414545286018773,-2.0446090047967754e-05,-0.3431754531923077,0.04065178601966694,-0.030233779927287697,0.28696809294236264,0.18021564111105762,-0.22835663896177374,-0.10386286636164038,0.01218629952744595,0.09988460303051541,0.009766813610635278,-0.08195327888601199,0.16399643150846996,0.2907257839932205,0.06260264849958587,0.0011266342908970212,-0.07470526959904107,-0.07853441567818889,0.13101245489312963,-0.11726940957140743,-0.004796992719694468,2.728725038402458,8.22086962243115
