,Cov_0,Cov_1,Cov_2,Cov_3,Cov_4,Cov_5,Cov_6,Cov_7,Cov_8,Cov_9,Cov_10,Cov_11,Cov_12,Cov_13,Cov_14,Cov_15,Cov_16,Cov_17,Cov_18,Cov_19,Cov_20,Cov_21,Cov_22,Cov_23,Cov_24,Cov_25,Cov_26,Cov_41,Cov_42,Cov_43,Cov_44,Cov_45,Cov_46,Cov_47,Cov_48,Cov_49,Cov_50,Cov_51,Cov_52,Cov_53,Cov_54,Cov_55,Cov_56,Cov_57,Cov_58,Cov_59,Cov_60,Cov_61,Cov_62,Cov_63,Cov_64,Cov_65,Cov_66,Cov_67,Cov_68,Cov_69,Cov_70,Cov_71,C_0,C_1,C_2,C_3,C_4,C_5,C_6,C_7,C_8,C_9,C_10,C_11,C_12,C_13,C_14,C_15,C_16,C_17,C_18,C_19,C_20,C_21,C_22,C_23,C_24,C_25,C_26,C_41,C_42,C_43,C_44,C_45,C_46,C_47,C_48,C_49,C_50,C_51,C_52,C_53,C_54,C_55,C_56,C_57,C_58,C_59,C_60,C_61,C_62,C_63,C_64,C_65,C_66,C_67,C_68,C_69,C_70,C_71,Mean,Std
0,49.3661827956989,3.33363378126376,4.90951758011266,-0.653789781134275,2.68109382730139,8.97520641595334,2.37503582594297,7.8182599517009,9.26063402198476,-15.610546989458,17.7693255049722,-8.99544147815836,-0.477340013140875,5.9265103596517,-1.25624815400487,-0.69542537674741,16.6104042154949,5.78500952213856,12.8282083266509,24.811429571527,24.3572973131684,29.9810124684046,39.3568438304889,34.0905746163476,25.8972111206557,15.2257353765996,4.51038121271358,-1.1490213363501,0.784872100203234,1.41706458873266,-3.87830282328632,-1.64011765838787,-4.16376527954015,-6.41456689964445,6.26134241374846,4.62123035730789,-11.1962651574311,-0.382787064802474,29.2900879363957,16.3303593183213,11.2879999699235,15.7044100248481,10.7984940896054,11.9180662608606,18.2484864663689,13.3757377758479,2.82174115147774,-1.68903081914656,9.45325300886222,-2.59281000828939,4.32894529993059,-5.93131242703613,1.87117113787288,4.01936693176045,4.9972082087414,-0.503741621790526,5.63436300272227,4.17586934319229,1.8726162828479938,-0.13793582542344993,-0.013978293628478125,0.041398651097883404,-0.09427979963988839,-0.12863306464107135,-0.23156462369743555,0.0584542277159122,-0.2915030558054116,0.4093942299618729,-0.3748565429197429,0.23425503417577964,0.03375494094120289,-0.38450579244179106,0.14314799881693963,0.36063593150828016,-0.022248306955238453,-0.03740782402020663,-0.14214645213273108,-0.07991965068188119,-0.09478155252951263,-0.2247696650398097,-0.2891807174176135,-0.1701588516283699,0.060384888901037534,0.06138907135209295,0.06848051250829633,0.043827145614629706,0.15740355983933277,-0.23481725539852696,-0.03029345535083097,0.03390383392970238,0.27103724184523115,0.4368830124368496,-0.3258290082058446,-0.29381432469249985,0.19201140496563082,-0.2111262732811827,-0.2715268043201926,-0.09889330629669793,-0.42343557860372727,-0.8047700709929735,0.2282260353314106,-0.007739903582022296,-0.30140135211485053,-0.0596741181459981,-0.2254982871210643,0.040160148051115424,0.27636419501877485,0.4103731664396974,-0.00815527428973038,-0.017144829864852804,-0.042639553452790024,-0.11552570688476949,0.4635560592065002,0.014508236754076635,0.07037768153483902,-0.027003389391704,1.241935483870968,7.025395561511034
1,3.33363378126376,156.746458333333,-9.0812845057498,26.8565714956508,4.37027771690009,20.0578165019905,10.3869909992037,-0.25768975802631,-15.4432509968697,15.37666100855,-1.86467552247573,24.1152288335265,10.9012982667367,-1.07982460239907,-19.4727315219769,-12.9847137237587,16.3244796642741,-0.475280835556006,10.7224659280412,-13.6531430974766,14.4013800093243,16.0159239799104,10.0986774766794,1.91207554803664,-11.6799056964889,-6.23517973373656,-0.821863609948081,5.12773434114752,-8.07655318125696,-15.5422080561926,1.21685602810466,-1.13022214608763,5.85729207903712,-8.0193741391243,12.0971260888492,-1.68424754324974,-14.8616197960704,-5.07000038449162,-7.72773350429032,-13.1769579133557,4.71227315752068,-10.3530698640772,-24.0273485860363,-25.6617525147147,-7.83292477691775,-0.76165618633892,-16.7784288968481,8.30725784692229,41.1339867685214,-24.0182840972712,6.28492559259495,-14.7582916708871,-5.69888138634624,-4.54208586747297,25.8668471570894,10.8522561555673,-10.5640242153834,-1.29799259678671,-0.13762308835800718,0.5744795352771458,-0.024021686068792927,0.11065226162363649,-0.11726384976131549,-0.008245076084066279,-0.03613508039910716,-0.020627922501565102,0.18175504395122044,-0.021698867392069367,-0.2168105044421514,-0.2351722971296194,-0.08575797427132607,0.05267688989361995,0.009473373548713263,-0.0009273435661665593,-0.13491688841253247,0.23078361102341632,-0.09709906644043871,-0.05545024768716196,-0.03467931803126406,-0.04620767023568272,0.017869577564193523,-0.02140706204470391,0.10451523014874317,0.025904756649791964,-0.028098972528472,-0.2286045594304437,0.00804644112093741,0.3902461881670896,0.04274647203990805,0.13830255278679282,-0.07585988856163631,0.1153361567797847,-0.022822173749152967,0.011104343430082582,-0.022685653334085357,-0.10019564770451392,0.2134925017281742,-0.11021400324954478,-0.0406141602276906,0.16887206375390876,0.20517826364861738,0.31136529103110583,0.0023523058470505606,-0.1019656955685549,0.09410929409401837,-0.188794145738652,-0.5805954559135255,0.3428442451329984,0.10246304530690543,-0.11743155031157859,-0.17135435869327423,0.06767474259303119,-0.2178208069874921,-0.041988366288160134,0.2929967873353453,0.2017769311281111,7.166666666666666,12.51944321179394
2,4.90951758011266,-9.0812845057498,79.5082395459976,17.1182766785358,-7.60843989960997,9.56916472093255,-14.6138999847768,3.82227193699907,6.70765090390989,2.44279572542579,-4.21544081840143,18.9694569296122,-8.19857227582733,3.713846980334,2.68003150775218,-10.3375253715536,7.32243418288734,6.08604327597136,-9.65540673038834,-8.25206701931546,-6.12572808353353,-8.75950269591174,-3.09125073001681,-4.96925686333101,-7.12610822820614,-8.06950378183753,-9.0072366079037,-9.06709944282093,4.01410136878244,-5.07193916014855,-11.8498726859028,-2.48015094051607,-3.86808301642575,-3.01294242546817,-10.3482480759665,-6.91753433748088,1.75355772070955,6.81234112280015,-0.390749907277235,-0.0882050726271049,4.79739545568423,8.66873909284192,2.29628552654051,9.4623006021472,9.63268989326619,2.67505022044466,2.16826468677459,4.76257082734287,6.05231410261584,2.89878738311971,-8.06139045517458,22.7705337780616,10.3969736324896,-0.304782808710363,-24.3095958607616,11.3385855538577,4.04166496577941,16.9340478736601,-0.014981947229975052,-0.024981234898705774,0.8897592405682042,-0.02216952493097809,0.5437990350597031,-0.013737929089586948,0.2367876558975769,-0.0764498069748073,-0.1746467497393603,0.03818149051592202,0.08007936570311111,-0.014882426381957803,0.27381911478725773,-0.03583043049409272,-0.07580117309524413,-0.12953319637149133,-0.21422406654283493,-0.23753611097601096,0.11789715860852534,0.10777872536520583,-0.2796225184401401,0.15197110774004152,0.033106209851502914,0.06881147824028998,-0.11224268954823584,0.058410579624606586,0.23996763659369008,0.09734106551856389,-0.13727601431642994,0.1559189688370078,0.3263036323484041,0.2530729191853077,0.09542269954820987,0.21203278208894918,0.31699793083344274,0.24442110775359613,-0.005354699183916953,0.15615473378370326,0.1444144171117059,0.10131421679111262,0.048116225834273836,-0.3379992203732622,-0.05907051277863227,-0.13257653053579063,-0.013672501480011322,-0.04519905428454529,0.08581617073790802,0.0016794617133218512,-0.23981245388330524,0.22024582228057296,-0.012953283212584335,-0.40171715498996363,-0.18179111798096362,0.03767894749936889,0.2880413293053785,-0.4160617782235876,-0.19520092344254175,-0.25790407507474133,-2.917741935483871,8.916178528158664
3,-0.653789781134275,26.8565714956508,17.1182766785358,65.4521254480287,7.21953275192429,37.6294648383758,12.1139842490355,7.33110589508501,7.94108260663937,13.6859636205444,-3.69853819564124,-0.522668052743138,21.1267615861561,-6.83899164793105,-10.4441500442582,-8.08964061771769,8.5578179063306,8.51291218064322,9.12694018982391,6.60860107276643,5.86817084883041,8.55357049517164,7.42088293334485,4.88366695929363,5.96747230785771,5.55939951704349,5.06831122106828,-3.1264973839298,10.9841871466514,-0.859106485372292,-10.0831511979612,2.32137423576571,5.6136317852773,-3.11035227500781,-0.0897280179602271,-2.03653190195467,0.381095304572793,7.18450241193688,-5.13969623201972,-16.0648528994273,-6.70562343792294,-2.83946178217876,-13.9618207526776,-9.29370971911503,14.0091722915936,6.15202342779874,-4.91239362096475,-1.15779835229784,18.9639017158819,-1.10310934356428,4.71715696638534,12.2342414391193,4.34061375722645,5.45857816402387,12.8131212422885,17.6460488338323,8.30205711851454,10.4213795787845,0.0420966355195274,0.11083607785476826,-0.02166746677019846,1.1133990218680068,-0.08113771155570741,-0.2995333849243037,0.0019651629888306327,0.031337824051044336,0.16684731640461278,-0.254452160952982,0.2120631423157187,0.05045953457580915,-0.564821968909721,0.2166096534276301,0.0002546379674224423,0.561283383890656,-0.12109087345271935,0.07181736383325477,-0.16032182172319598,0.2089068787436642,0.05411890589599908,-0.04215735612523574,-0.17701233701375652,0.06586064670281346,0.02291613201322044,-0.02970649897787472,-0.117655156588558,0.04730930934347546,-0.49337345497496077,-0.02701930029775537,-0.03149369504008139,0.03245473678541581,-0.0667546726542695,0.2501045581299811,0.287061135221952,-0.01516183391528393,0.16490399887826174,-0.4126984848238567,0.19280065906163646,0.03968531085148059,0.017508938395837167,0.10367875282772393,0.018611536491477204,0.24311712329931479,-0.29536576947281745,-0.3598260172264207,0.267029034747483,0.2843143481088667,-0.3152004579679146,0.07060927112928327,0.04608104133652039,-0.020328470111697295,0.09709372579952724,-0.22900159276316256,0.04422963501734993,-0.0955005295911703,-0.4206471505892665,-0.12051065269092305,-2.543010752688172,8.089630736197337
4,2.68109382730139,4.37027771690009,-7.60843989960997,7.21953275192429,28.6114408998366,9.43298682449218,24.7817202449841,15.9415836206493,2.92557157990472,4.8768333296563,5.05503027700916,4.79275735847406,4.02543658451012,3.02745499514995,9.40330508779421,18.4804814050117,5.80340884160823,5.68011127332565,-6.95354520547551,-24.901979282006,-8.21941200513015,-7.27472641792823,-7.97186160440708,-8.51723211699527,-8.76136212867385,-4.02406608166385,0.651630558371576,2.86551918858838,-1.58909398584215,2.14707088025204,-7.72953413372726,4.06291605446614,4.31500539177719,-1.57568273160601,13.2260558129429,-1.06945910902145,-0.482874482664624,2.22414238297316,-2.64695622279486,-18.7550231419541,0.927818513983145,3.46434012032848,1.21103699662453,-7.31740145450218,4.87473357310722,8.34562490360835,1.71106822653059,3.51069455318536,-0.301141075573439,-5.98875033500574,0.973476611841821,6.12777935540742,-3.88302001619372,6.04446238948726,-2.17636714035705,0.635650511354672,6.52811038946448,12.7506497970749,-0.09878279384973788,-0.1210708558483491,0.549334573989328,-0.08952515712836151,2.0322877256593648,0.04190789173005936,-0.11779760402079828,-0.4960892763717654,0.16596666174535232,0.09401367147504379,-0.18469412918048325,0.18757999458251468,-0.00962658470693426,0.01746103323605733,-0.24195004656462324,-0.05138029063612286,-0.09475259100879944,-0.2991413827427539,0.4408212240793448,0.1402430753883015,0.2460768276960437,0.03993977055501999,0.06511867837615863,-0.11147761462486429,-0.04175057637354895,-0.021558621698134255,-0.0047385007071539436,-0.18350215464604325,-0.12707155952190388,-0.1982578080888103,0.5888601776602517,0.0835937241829698,0.1355365208412768,0.11382928076971778,-0.3571991596626033,0.11645706177877464,0.07951712589728252,0.10939672700615324,-0.10159842062939466,0.20321951567407742,-0.008548357162365931,0.17326704619094946,0.192206697989239,0.20311523881566867,-0.23638443970611517,0.0647755707620534,-0.5122092520777349,-0.11227065919587705,-0.1544936101013509,-0.04911484130969548,0.2679125937380719,-0.09769427364886006,0.21209343333299446,-0.2697016863355436,0.3864555418381475,-0.08584003813961287,-0.09318040275562141,-0.5494285584608434,-0.797657450076805,5.348031497648143
5,8.97520641595334,20.0578165019905,9.56916472093255,37.6294648383758,9.43298682449218,90.7297580645161,25.7743911357503,12.0240999875182,21.7571187470681,4.66613061335933,9.39817544387823,-4.28914487153175,36.0712383014977,-4.60609853416058,9.84738180654472,23.5074851135882,22.7704020832764,13.1369063401361,23.2748126274699,3.08232924103708,1.43137904051023,-0.167210452410408,-3.85331985327357,-0.257820555225111,-1.07700276621289,2.21629912642478,5.52304958464826,-6.14500101276198,6.45645717162834,4.05058782745215,-13.3608446361177,5.18313545909031,10.2770151031107,0.781217458194217,1.6210931736911,-7.37809146310234,7.42977184929213,-3.07406518173937,13.2929117834283,-22.724265184699,-6.37607262765665,6.04299912776465,-25.9430891295548,-10.6941183630187,14.4990762429749,3.83363578102377,2.13769428448844,-0.958122197542944,-6.68344105006245,-0.443755794298171,1.76439651690055,16.5911218525514,17.3963263825728,8.26381750327944,28.8522853369399,24.6675405656559,-0.740468883786162,1.53452835883126,-0.1297960520704334,-0.005182257318294199,-0.013281516443269461,-0.29837844320401335,0.038358778048157446,1.0354174424801492,-0.11950768894813234,-0.03725565816644355,-0.013499243956432195,-0.16221917041937886,-0.10119823451899167,-0.0845230313704001,0.10237572313400742,0.052052801106149044,-0.0785798627674248,-0.1637548429942155,-0.2232510548606624,-0.01169692009704316,-0.2077805627325409,0.12367350820922285,0.26121161538082865,0.020709673420604046,-0.2233222904501672,-0.24018377673822397,-0.007559635727228477,0.022887511761019018,0.05403005147366493,0.27996111909367993,0.1515929896888641,-0.023484036375040217,0.06661992824853767,-0.32781336076785006,-0.011810243788123556,-0.16397749847265142,-0.014493402343345348,0.24931997227017344,-0.21941002944601895,0.2278367114081456,-0.12280012296407306,0.22492230992536372,-0.11816729416897206,-0.19683848288136904,0.574001085664477,0.10308376457274517,-0.00776523197093296,-0.1920429580992873,-0.1353535360976954,0.12147883591282246,0.2719708226924756,-0.305036360716419,0.11271572125004055,0.04886734243914444,-0.5042142872152748,0.23984216745551273,-0.28156593370672117,-0.49180162326145166,0.16409179803186905,0.16453464833661996,1.532258064516129,9.524692019404938
6,2.37503582594297,10.3869909992037,-14.6138999847768,12.1139842490355,24.7817202449841,25.7743911357503,76.7960364396655,22.8789535317012,17.45066393629,-6.67315579137051,-0.437112942440873,10.1142883712544,1.90334032239818,6.02956700090759,33.3131762682377,23.6737062780515,17.6489364349657,9.62785890371377,2.17639158000762,-17.1189971693157,-12.150934400125,-13.7508330046758,-19.2205280990517,-15.1037256569653,-10.8098857034512,-4.29450732961735,2.20418905241211,4.59021682183647,-0.128918230843922,0.550892914327223,-6.03492168502156,-1.67337669443528,11.4334010631768,0.384627597490275,8.32609949377685,-5.52478293815176,1.27780727853014,1.06157304211939,-14.5792780855761,-21.7764455967774,-1.8942977549942,-0.911036173524436,-5.68827185590516,-12.1282077848972,4.77106199474897,18.934788016655,1.34154508996408,-16.7673571006443,-6.2418434411773,-6.55601708963366,18.3454144916539,7.05260922707664,-12.0995193754797,7.25849997994756,0.571202862099168,2.19466881505211,7.80688362765325,-11.6264355197198,-0.22956387178108562,-0.03826173574050112,0.24051107857623458,-0.0025526540888284577,-0.11644901912411237,-0.12092922409378323,0.9399599680611072,0.045166940180874686,-0.4810072494037952,0.042184652633276684,0.4855071138639958,-0.07527732205019332,0.27205655529156686,0.011535252148199029,-0.08792042303430886,-0.26470899593058383,-0.048411626801227244,-0.023839092521304547,-0.36418870282916277,-0.06712263776618273,0.16252477509486607,-0.024052269434861755,0.0631443387261355,-0.035103214722525436,0.01951502078913214,0.08522250598415498,0.17341844197277112,0.005539114423363395,0.10440307060612011,0.18746765826811243,0.4344461717048981,0.015714984407223097,-0.23222542436101473,0.15843137521879297,-0.1797758981954249,0.04755462279406684,-0.039363481598328996,0.058443545258433684,0.27709657187386805,0.12315666476299564,-0.18677796876771255,0.1839682236052318,-0.14380624002269668,0.10369971033023291,0.050695661260310845,-0.0624661930114019,-0.01431273955932097,0.1604566876653642,-0.020754980258363937,0.09268617364184005,-0.3241724971012746,-0.15100607820296014,0.2228958104376495,-0.17876022115305182,0.06461908729156984,-0.00673120826002144,-0.44521947328487066,0.20912720432482013,-0.5456989247311829,8.762764200848125
7,7.8182599517009,-0.25768975802631,3.82227193699907,7.33110589508501,15.9415836206493,12.0240999875182,22.8789535317012,74.4598655913979,26.2667302436689,15.1486748693705,27.1067939161726,18.0116569472171,3.42126301472351,9.71393954740941,3.46577629763414,-0.364601730749637,13.3268730617626,11.529021457519,2.88224471452662,6.18377947148608,-5.55541972788437,-10.2961502943733,-10.3106914456034,-7.5686932174101,-8.85110399270881,-8.87248724128971,-8.90983321341255,-8.14077598409537,-7.90380938263743,2.15772275623872,-2.51469937290738,2.76823565420785,4.69673376586085,6.9761987118582,6.65234397928981,8.78763734007462,-11.1772053770559,1.85504854044706,7.45777911786216,-6.46572104564227,-3.29038891258753,3.24681126452914,5.10550696548814,8.95021407147225,7.33099119103782,23.1816305968552,-10.9693156231923,10.2558905555219,-2.11356178631316,-10.1972184268057,18.8271516333533,-1.8166087024343,-2.77864459688164,10.2263361771037,17.8452986193966,6.79827215493765,22.9037876611656,8.93509059276088,0.05793866896804396,-0.01864155206080958,-0.07939933488778778,0.03344238619433444,-0.5001226339064302,-0.03722812868989281,0.04394559227116098,0.8903248883972813,-0.15696112131532103,-0.31952526774231726,-0.3465273525374985,-0.04111127078229206,0.19113734227932508,0.10530575693978468,0.14328959489553494,0.11914733401227934,-0.23408277704209454,-0.26763228998309285,0.246967147618697,-0.10071588215198302,0.03167761699507075,0.1433544859557655,0.0073771802385286635,-0.0710868401696105,-0.14019604298425425,-0.010073641081343749,0.1030547807192168,0.11837270008980906,0.2757980286191693,-0.1690862600570237,0.0016453222552616571,0.10240335380537186,-0.24019318836234088,-0.4540386745791614,0.09118968127291217,0.23919026952247904,0.09461445948733126,-0.21441798479523977,-0.18939163885590907,-0.0987862081647865,0.24135846973171385,0.022887157526572575,-0.07275279035127587,-0.027081467757121214,0.21593208063156102,-0.1642310571586716,0.22250861672053251,0.011388557140459853,0.15049149583774882,0.3557853034062706,-0.21735725527358601,-0.013072249128280403,-0.03712763006069334,-0.27431712978614975,-0.015631253902501648,-0.03355974740033003,-0.3058482644175715,0.2708686106654251,-3.314516129032258,8.628433553745307
8,9.26063402198476,-15.4432509968697,6.70765090390989,7.94108260663937,2.92557157990472,21.7571187470681,17.45066393629,26.2667302436689,41.5258183990442,-8.7587349984014,23.5214844452989,5.02341708247493,10.4505675078412,-2.99134946787006,7.34932836604423,5.01048732648798,13.3828084176797,8.82298120514008,12.6533203322742,15.940094656994,-10.5213241494912,-11.1575839385476,-8.7947019560323,-2.81560072557439,3.16246216027229,3.53833537906341,3.86022828488307,-0.888068942933634,1.43634784675774,4.73087157917059,4.00937251054447,0.636179056072531,6.10568269832857,4.20013294882792,0.796904951042048,4.74118026142671,1.12206707702666,-0.998113189872444,11.843742683464,4.27759963166871,-2.75744284681444,0.654084754565544,2.50388939840752,19.7345391354593,23.1084030537693,19.6230968341197,1.99500652164116,-1.65950724553159,6.66347947986939,9.80006513364955,15.9904575810656,7.42999647919941,13.2352244848297,7.75584444705696,16.0681587989581,5.20383822819313,10.585612666945,11.2746139220938,-0.2920350802506648,0.18216927734384314,-0.1759792213192866,0.16962400041401396,0.16203959823314798,-0.013470275791870887,-0.48007480791323764,-0.15679189842624788,1.88508172728134,0.33465710303067936,-0.32285736840453444,0.08415178119524644,-0.03322502044868076,-0.013468973121422019,0.1636131377846979,0.07938561189241188,-0.028964651686327083,-0.25445540148562423,0.1813215901252956,-0.10888822991045738,0.22312388608329453,0.03043507010223167,0.07076387507939477,0.022112828443734942,0.28657967032318354,0.02882018955747836,-0.12942038749931545,-0.045784894222285384,-0.11583634251607232,-0.14729455805288041,-0.45470035343239307,-0.013098132602279048,-0.5890450855717491,-0.17564319462772668,0.5589517051929425,-0.1211991058311083,-0.18502544107345587,-0.12859707298031184,-0.10328621710013047,-0.036369605220690764,-0.2764700506757412,0.505628837151069,0.04124500025977547,0.031933346059755646,-0.5631410113784131,0.030893611760771995,-0.0259870726278838,-0.13119606245972415,-0.1164924498727214,-0.0329538907941395,-0.3528072612737563,-0.23104077562350256,-0.2635947178104229,0.08882437200978237,-0.4976403195721839,-0.13578787218031127,0.000357141597565241,-0.3471253279109396,-5.261827956989247,6.443276992264433
9,-15.610546989458,15.37666100855,2.44279572542579,13.6859636205444,4.8768333296563,4.66613061335933,-6.67315579137051,15.1486748693705,-8.7587349984014,36.122766427718,5.42729770250304,16.1360401919304,12.8236030522068,7.9013458114339,-10.4709529187994,-2.95782384622546,-6.60694379474438,6.56263605711229,0.857308956620713,2.15734847909684,-3.17984913326912,-4.77349232744692,-9.38416155787198,-10.2128199856609,-11.1862971481602,-10.1254491923829,-9.08298696857999,-6.97920291221207,-2.08443371584761,-2.38404712138308,-6.56399751066562,5.44004911447675,-3.45390156295629,-1.35462290292768,-1.7669951636101,5.23936899387165,0.603412860317265,-0.870942273371018,-9.72037886416994,-14.8221525797146,-3.52151971271946,-4.25985396666426,-6.80082889929514,-6.07552029302762,-6.56374737328255,-9.8587521945917,-4.73566773404906,14.8805681505464,0.223139579841122,-7.08021835147569,-0.791517760151111,-2.12936961201699,-6.44488723062485,-1.10652678113576,6.51279491221422,8.03040138842381,8.11653462664278,9.04340978749526,0.4109029441409511,-0.02288406544740832,0.03688857827073459,-0.25759364895361964,0.09183873375192471,-0.16380490513320856,0.04436614419604658,-0.31345250003430475,0.3414321048579277,1.5789497030226953,-0.0521363352741344,-0.26799506774150744,-0.12373209883408633,-0.16444175120764337,0.14699645510612314,-0.05901158571036031,0.16977576246243467,-0.36065826898307274,-0.05497063212834207,0.007851656525270036,-0.07122490156622127,-0.20462148056218266,-0.02402224665646284,0.28649203523844513,-0.06546354387404812,0.046270264157880915,0.22159555155972155,0.13326090153910705,0.007625518530140192,0.015880935287080854,0.16512229838206274,-0.7942521506220984,-0.03363439888782857,0.17174468260677964,0.06917477622895608,-0.25603000429350126,-0.49525119299969855,-0.009678980293553501,0.2919493193963092,-0.20888289531297244,-0.20937978078882938,-0.1953485157418479,-0.05892225323860961,-0.010132239693891603,-0.06054361356506866,0.42233927824381784,-0.38245513997973424,-0.46237423350541546,-0.10396761943971078,0.23266929620465032,-0.13953244544363277,0.22959593380161342,0.09130736311442737,0.059833489715528855,-0.022736834752902287,0.1785584587976169,-0.3564926962099539,0.022337316214433238,-0.688709677419355,6.009389854861976
10,17.7693255049722,-1.86467552247573,-4.21544081840143,-3.69853819564124,5.05503027700916,9.39817544387823,-0.437112942440873,27.1067939161726,23.5214844452989,5.42729770250304,58.6991810035842,19.6578382483276,35.6835138610167,7.57043111538139,0.791056272186885,20.1166475857856,12.9908744290161,19.6568898521394,34.6908831479574,34.1788816585306,5.24659263359203,-3.33613183152491,-8.32027734671571,-3.96499533199125,-5.90621370313154,-5.30658793627277,-4.78646580315168,-6.74743983122459,-6.27864501585417,5.38324092892451,0.554653131353757,0.868867973744177,-6.85139521873596,-3.84074443259573,-1.7265593717307,17.2721032718738,-15.2859034888027,-13.5646145926168,11.125444552008,-16.0866662325808,-6.64228859010999,-3.38048408648712,0.776469143336353,16.6847719299267,13.9243713539647,19.8450561828439,-5.7852714190319,3.60895711435311,-8.49868314929725,-3.78253508855021,12.578272726602,-6.58398446218557,-0.102507599288256,-3.26599190922254,10.1359736767668,-4.93094427521794,15.6487793638105,21.8410107077799,-0.3809985227522643,-0.22094909246331995,0.083888876038657,0.21065023369727437,-0.18362976257535746,-0.1082713538869277,0.48640325228572695,-0.34459912883242333,-0.32421155811719293,-0.05122978197247499,1.6620380082998345,-0.18032334423947532,0.05217207444435698,0.031152701267951555,-0.039231760892068056,-0.3283509202769398,-0.016089348786135705,0.21927173268961253,-0.36868268771760226,-0.053195455540560065,-0.01071905104598256,0.11416269640189414,-0.020031437776645164,-0.08490193739832386,0.14196525393954676,0.11438637975438405,0.10523646363987556,0.003690347420990184,-0.16520707463505055,-0.5479318022104795,-0.186923232347164,-0.19131820546605402,0.5368257945487458,0.37984631986158596,0.34672980990773666,-0.4467429540397484,-0.010800225505941414,0.23542876859776984,0.15096010402467977,0.26193700981576473,0.05024327991012813,0.12429165041646612,-0.045120612518592805,-0.0701120230176663,-0.3453425360325566,-0.15780322111962053,-0.1027984436395403,0.2828796630734771,0.13842750902998505,-0.0883430549740566,-0.031197339937164118,-0.08761942084498753,0.07422146124760762,0.193939584980268,-0.20336018576388967,0.41237751908875875,-0.4527177028821305,-0.15511485544694723,1.459677419354839,7.660886437194081
11,-8.99544147815836,24.1152288335265,18.9694569296122,-0.522668052743138,4.79275735847406,-4.28914487153175,10.1142883712544,18.0116569472171,5.02341708247493,16.1360401919304,19.6578382483276,83.9823088410992,19.2144613899082,24.4737256461827,23.59668804763,5.91646237609302,0.212986696554146,13.891693791957,-2.63978902356863,-4.25434155448525,-13.2843311523125,-14.9027167755699,-17.0902331967687,-15.9700546776549,-21.4168980211739,-13.4816723975486,-5.53639666642391,-1.91650345711178,-17.3763624400492,-8.98545483089521,-2.49035284691808,-3.93413759728089,-4.2793895039879,-1.48761421955572,-5.56450211089278,4.91418628170211,-11.3183677608138,1.06552934489184,-12.3780874191603,-22.3446980836321,5.79315004686083,-7.77434441250158,2.81102939976866,15.1850744374294,-0.169134473378486,20.9793403598009,-6.63119442154487,4.33497873440796,-5.66586193277513,-5.7131501679944,14.1021046480368,-0.0250722795766196,-14.8992328222867,-2.34609153260793,-10.8883166226906,7.37620375439921,3.10133045483389,23.3966444740146,0.23229374636899489,-0.23539041861103496,-0.014976872642371762,0.05292166359443914,0.1923302953417435,-0.08023905408457256,-0.0756416057798291,-0.04131710783126033,0.08547785107709506,-0.27071945242715184,-0.17954564265493028,0.9365842552796874,-0.03262469882254675,-0.3677010211385528,-0.15095928839911066,0.15480812381702957,0.16100525783415345,-0.0020141386039147784,-0.09012550812049519,0.13904663200078762,0.026714284562331957,-0.010749079153499545,-0.054986592090855005,-0.0212643336608006,0.15140019457873793,-0.028344716648257325,-0.2652728946356846,-0.029877493815428483,0.49486700778027926,0.3589002919323159,0.02400510101485079,-0.036592611096323044,0.008683933305957884,-0.18568344213272678,0.18670066030835447,-0.09746315230205031,0.2253709422203533,-0.021193751110604047,-0.12753636517348527,0.04008265419488259,-0.28812677102217776,0.09471786806831543,0.006477688756460683,-0.4157008879751319,-0.007831589277582736,-0.08144971227054004,0.05915978548482582,0.2785204637002379,0.14450406112907832,-0.3288928026420023,-0.12378949152007389,-0.3512516294681096,0.4239584102578063,-0.24876204733715399,0.21755127597722904,-0.1661382532040292,0.158374009555216,-0.3449766755516528,-1.3564516129032258,9.163640588821625
12,-0.477340013140875,10.9012982667367,-8.19857227582733,21.1267615861561,4.02543658451012,36.0712383014977,1.90334032239818,3.42126301472351,10.4505675078412,12.8236030522068,35.6835138610167,19.2144613899082,139.927336880989,6.76263898067305,27.5089016493335,110.403834022733,30.2099512010829,42.6264967844474,60.1098433141956,44.9524784376883,4.53883932229611,-1.72539296956106,-9.07235166173773,-1.62275075426955,12.1144666963256,18.8627016059325,25.5756082038484,-4.7122858643354,-7.25050778584071,0.795552916231956,-6.18386621975961,-3.24962782552297,12.0883018217545,-3.53213678482308,1.72122488023551,2.37419124996286,-4.74642113066586,3.09192371305442,19.653333544062,-20.2610669522104,-17.877661831162,8.72338475858175,10.6294198920522,21.9837316384247,26.4390127686198,20.9797934347648,-3.04755012142268,1.65328297622436,-19.9837114166025,-18.4081507724987,5.36185901476662,10.0688039430412,26.6598640495203,14.9778117810345,7.0277348384821,-1.49603805932395,-5.17191302892414,18.8651109242648,0.036131253730658286,-0.08459237888461456,0.2784861487158043,-0.5641521398341847,-0.008739064754240156,0.10417021245525673,0.2702181737307958,0.18873322793882183,-0.03309518600912423,-0.12297713455177554,0.04927431667764512,-0.03275838165352832,1.4254618734703437,-0.09055536165092504,0.06438409420184316,-0.7347617026057534,-0.06371119150849307,-0.42373534255736495,-0.08988999546214625,-0.3339923224617032,0.21551619099259164,-0.03301350050030971,0.11660784124875748,0.059967341623249376,0.2087256821261664,-0.01809131116608039,-0.30130051803869284,0.38284901066415994,0.22657072901146116,0.05399445005941173,0.16884450885806754,0.5088481463072161,7.828435987021242e-05,0.25700940262576,0.0959088750459652,0.040638660593855916,0.37103120689968994,-0.09276905676749436,-0.060336726489179655,0.1321682722060684,0.13232328353471964,0.020955888093726373,-0.043449378235955446,-0.3218661144012645,-0.306191875001539,0.11093541330636625,-0.04572305948226396,-0.15699455339038965,0.3551881194522663,0.3030413696640424,-0.08323125445328439,-0.02979183121611138,-0.23003470850488608,-0.06041742204985112,-0.2475610411075982,-0.1150701435919489,0.3767818434005143,0.041871010210193724,3.357910906298003,11.828665896075893
13,5.9265103596517,-1.07982460239907,3.713846980334,-6.83899164793105,3.02745499514995,-4.60609853416058,6.02956700090759,9.71393954740941,-2.99134946787006,7.9013458114339,7.57043111538139,24.4737256461827,6.76263898067305,39.8550114994026,23.9720227720028,4.6625012936046,-0.993557750154849,4.28415294904079,-8.39569596399939,4.56198838504629,-14.0130402844432,-16.1483084144846,-17.3810112276466,-14.0200432592919,-8.27066691514778,-7.056207723424,-5.73409644334438,-1.08663386108128,0.901189527838737,-8.76177553872236,1.17149599522464,-5.4254577485556,-7.82704938236105,0.277147158212314,-2.09541734044375,9.34138752249952,-4.90838227044,-2.02216859018254,1.14286256362955,-1.63452327131622,2.63273343974033,9.62074737048443,1.32515390585287,2.84594223810507,3.74074152875398,14.6772504158201,-0.161750854186398,4.74544809534675,-8.9780845912403,-4.27373041669893,2.86726858333491,-12.3159005760726,-10.3893130710886,1.23586266694234,-5.45488546944181,7.93591610430793,12.0989443835069,-10.6149602396246,-0.38051804936804834,0.05017106832891834,-0.03543140410216196,0.21867237876948517,0.017689205122549838,0.057641670949920024,0.011639519231835862,0.0983417847740683,-0.017054320820027585,-0.166521165444822,0.029573096196411713,-0.36597007281510474,-0.09277787166887493,1.7187565581628694,-0.029903482593742963,-0.11669574858839113,-0.1827537795417061,-0.01697692045100969,0.5242712477047052,-0.32302637725606864,0.15686707215088028,0.07345657313339027,0.03856268930878727,0.12472894163973228,-0.024487840145349497,-0.08837117077871544,-0.20152630825074033,-0.15979017228580505,-0.11284130048004412,0.5039001172155076,-0.27458343753933073,0.11456255137646497,0.1309555417743943,-0.14182343404072267,0.26522652653552425,-0.19770147651720643,0.024035162341697367,-0.09603612793384461,-0.07917095371493431,0.468293680392965,-0.049965415959522995,-0.48529054045951747,0.0056533503810954795,0.33491303694549457,-0.26387667010091653,-0.025403114212007666,-0.00805701306280945,-0.38565129370128537,0.051966441761268745,-0.04281844409156678,0.11858439277483031,0.5243280849338059,0.24034174841994685,-0.0728448700319706,0.16181437133276974,-0.4193882099317858,-0.4610556271278184,0.399861933747939,3.099731182795699,6.312290511328089
14,-1.25624815400487,-19.4727315219769,2.68003150775218,-10.4441500442582,9.40330508779421,9.84738180654472,33.3131762682377,3.46577629763414,7.34932836604423,-10.4709529187994,0.791056272186885,23.59668804763,27.5089016493335,23.9720227720028,108.057025089606,49.1140030156973,23.1416295827104,17.9701374758957,17.2221176898295,2.8766692604278,-7.92179053833092,-17.3843833094212,-22.7471586890223,-16.7184825207171,-2.14998583855943,3.42735748499796,9.04327022896853,7.09465132100872,1.119447203687,-4.91007679245871,5.70580643371186,-12.0756337046312,12.2474989031996,3.56682555042038,-6.32924769370373,2.6631145745185,19.4125240585326,18.1527658713535,13.2823658717938,3.04408162686977,-1.52722240607073,5.07648665529947,12.419619285079,7.76541233145965,4.19648062198702,31.1689280955357,11.4747264114324,1.40497222881361,-29.4464430627405,-3.37663673865004,1.96070488962612,1.4754336473776,8.91593887147776,10.9976771295451,-23.9676755809025,-3.71296603500501,1.60803306991955,-6.84891550622995,0.1411247206208102,0.009509635860459418,-0.07811354233924746,-0.0004645792206440014,-0.24575209166529569,-0.07799889157198305,-0.08765463534549214,0.14368032298447658,0.16464862447369413,0.14833458090068688,-0.04080961560791709,-0.15024230969719776,0.06806458227153182,-0.0302812839895307,0.6360777398683736,-0.019911015795481244,-0.29965512586142506,-0.27710511937552224,-0.06146926359036297,0.11798260557550659,-0.06533124343012045,0.0527848449293306,0.010908327559907763,-0.0376408098464935,-0.08094572609139508,0.038058469456674675,0.13606468227117946,-0.05976252086528216,-0.4338174158630363,-0.021554882393165654,-0.1898660237554371,0.2651210439863931,0.07004741761784493,-0.001155551341973754,0.04548091374620955,-0.2907251940081448,-0.37092956818344736,-0.12423219911147046,-0.040495483507559445,-0.14099685164669548,-0.07069990632702265,0.14685608229337557,-0.152028136161839,-0.03668758101738794,0.16604630966615808,-0.25559320630510657,-0.145409925460306,-0.252533268457011,0.34232713773371026,0.07658993483511767,-0.27737237561772643,0.08002867674239855,0.0053791104922296515,-0.15624499514289433,0.007723097998776536,-0.06985588197474127,0.18159485971157274,0.08700238583700268,7.0317204301075265,10.394567094862861
15,-0.69542537674741,-12.9847137237587,-10.3375253715536,-8.08964061771769,18.4804814050117,23.5074851135882,23.6737062780515,-0.364601730749637,5.01048732648798,-2.95782384622546,20.1166475857856,5.91646237609302,110.403834022733,4.6625012936046,49.1140030156973,164.752476105137,30.3347926751834,34.0641350014232,26.4960846856206,-12.3806168727529,7.20675971297774,3.99778151784776,3.82696394700928,3.73064959903323,21.6741851741882,30.4061404607675,39.1589733650419,5.26308023817198,-6.96905106489636,4.82566639591107,-6.37668966320248,0.421912883927323,26.0852582725215,-0.996074800986465,8.63272264564125,-4.71885217022805,8.0762329363524,25.0680988480942,24.0553131273675,-5.12377586880564,-9.29849313284418,24.6126293776893,28.9586154249367,-0.736486184219268,23.9534416094839,24.3525970742895,6.1840664207026,-17.7107847708293,-26.1336679269906,-15.1978552720215,-0.0234460326209106,26.2003757910431,17.7962732648446,12.4721673460128,-11.1401144123087,-16.6829821018864,-8.40223969510105,10.2643751383731,0.36216346177256764,-0.002209649981343303,-0.12904898455431374,0.5626212464759422,-0.04944615555932165,-0.1628079585297599,-0.2623524712766154,0.12060773127260178,0.0803226567106254,-0.055378006652180026,-0.3276039539345872,0.15360982315102678,-0.7423806520378586,-0.11984269129801495,-0.01619864320944961,1.0030376118185287,-0.0753574071610276,0.0017422325063965155,0.016711979207893444,0.32183659412231475,0.009544424317853573,0.10349896009745028,-0.11055445207392062,-0.11689738582725208,-0.22417198499702187,-0.12844751511128913,-0.07543288368122186,0.06270096521279074,0.00913880119813991,0.023295611653759467,0.055543855270281994,-0.21338689471286865,-0.32478413649010934,0.10382634318359421,-0.05543740658434209,-0.009860106016315892,-0.1744757780733584,-0.03799946953197707,-0.08021111883941132,-0.20111577884461043,0.2963075196650173,-0.1239998064665117,-0.2665858062862903,0.33683728294593934,-0.11063705291471773,-0.11371820535586823,0.23927722732698561,0.3072478914647514,0.03468718409423147,0.07251239734178287,0.07331132485768138,0.008105753069581383,0.11716953442228395,0.07845694612187891,0.21597650753112463,-0.039988392510640514,-0.1505310204715972,-0.17940668477792684,-1.5629032258064517,12.835204560315251
16,16.6104042154949,16.3244796642741,7.32243418288734,8.5578179063306,5.80340884160823,22.7704020832764,17.6489364349657,13.3268730617626,13.3828084176797,-6.60694379474438,12.9908744290161,0.212986696554146,30.2099512010829,-0.993557750154849,23.1416295827104,30.3347926751834,46.405683990442,21.7079197686387,33.8121430321907,19.0884501441768,6.64608351141994,0.118487196551012,0.0339196450280985,1.11447605810033,6.37232974597399,7.15893365830572,7.87022409531647,-0.0041303266851112,-2.22267463414258,-1.51447354136804,3.29427901438618,-0.864544738892983,10.5451989884904,-1.69271649113789,5.78512241430168,-3.95578551098059,-7.48097507684233,-2.6874089759543,17.1065441081354,7.66114736097459,-1.21538982286222,11.6832898149751,2.49219999326826,6.13747937462028,14.3392328934416,12.6695566913793,0.0898029851158271,-1.01512937913024,8.61368125730106,2.23819161417294,7.38136886107645,-1.01530459438003,12.1477844893453,10.9157967473252,-1.36037304074378,-8.24725215929513,0.226244762342957,9.08587917244035,-0.018922156845735928,-0.1357346958809976,-0.21414709685825736,-0.12584523926172367,-0.08912522881863731,-0.22459638626674677,-0.04627837247871091,-0.23157167898843115,-0.029373339974126642,0.16593185403205976,-0.021352772918016447,0.16320208063887673,-0.06668453694002308,-0.17935002775824863,-0.29806771819726335,-0.07190540146258001,1.412544795616721,-0.009480042520536866,-0.32179490405829536,-0.11996205541617459,-0.26769290702823656,0.026015544872311693,-0.07328639083542385,0.04868203966831395,0.44224798636932555,0.14344801772693383,-0.023017291327290135,0.1635219969659642,0.019905363779933044,0.013316941185160223,-0.28539719762005633,-0.06592359194057473,-0.31918572511686577,0.005957015611301137,-0.0013106702824702545,0.7340436696709504,0.3204723562681665,0.07250185024000308,-0.10152644243110641,0.017878918297727562,0.01600153617550136,-0.29127480160157615,-0.28053302953498144,0.06258324838943354,-0.23840585252898225,0.2711618582241973,-0.006490990343826698,-0.1139855994741267,-0.26363069260408073,-0.5392916289411681,-0.05687987589138148,0.19405940613160552,0.2908687711669432,-0.19488073559626234,0.02336816440405287,0.5325428094361327,0.13400430103491864,-0.0015745045730184823,0.3655913978494623,6.81143773299309
