,Cov_0,Cov_1,Cov_2,Cov_3,Cov_4,Cov_5,Cov_6,Cov_7,Cov_8,Cov_9,Cov_10,Cov_11,Cov_12,Cov_13,Cov_14,Cov_15,Cov_17,Cov_39,Cov_40,Cov_41,Cov_42,Cov_43,Cov_44,Cov_45,Cov_46,Cov_47,Cov_49,Cov_50,Cov_51,Cov_52,Cov_53,Cov_54,Cov_55,Cov_56,Cov_57,Cov_58,Cov_59,Cov_60,Cov_61,Cov_62,Cov_63,Cov_64,Cov_65,Cov_66,Cov_67,Cov_68,Cov_69,Cov_70,C_0,C_1,C_2,C_3,C_4,C_5,C_6,C_7,C_8,C_9,C_10,C_11,C_12,C_13,C_14,C_15,C_17,C_39,C_40,C_41,C_42,C_43,C_44,C_45,C_46,C_47,C_49,C_50,C_51,C_52,C_53,C_54,C_55,C_56,C_57,C_58,C_59,C_60,C_61,C_62,C_63,C_64,C_65,C_66,C_67,C_68,C_69,C_70,Mean,Std
0,92.9706671268866,96.0660332143403,88.0898428086163,72.2606986574019,62.6955905817583,50.0346108520271,36.2843717281921,11.9342794432414,15.7436724681898,34.9547310923745,17.1335804199298,23.4787934908915,9.15054115814855,6.51943314794586,-15.2115931038479,-23.7784341931692,-26.0802862091779,-24.7520435756641,-20.006253666165,-9.11967776484748,-23.2575474733108,-13.5519806310141,6.55576696088797,12.3250929256593,15.4532012282059,0.258420232525556,10.3661415383762,16.7371267397495,20.7126762668617,14.5814797812071,12.1266364559364,8.13177053314179,3.52029198171153,3.78132550127876,8.06351149163244,13.3791875449744,16.5007175093202,2.56166284927536,8.13843317004967,18.1033079036149,26.5516706048615,38.6088675879733,22.5379530710496,6.06375809858267,11.3653930690927,-0.16253179991904,-5.39050227596647,-1.842066452262,1.0048987035851777,-0.8491037459671475,-0.021017521250849002,0.15722080727241977,0.1686586018977519,-0.11747780751726519,-0.31749649398504337,0.08635256616942096,0.038243071856470794,0.1243190701336542,-0.0835143531273226,-0.04344706181757006,-0.0007682699309842548,0.08532686306332454,0.10263918228304518,-0.15586360864805296,0.08283225442987503,-0.011712192655099993,0.3960696399467413,-0.06882829089857598,0.111021098898084,-0.4993294966506405,0.10457457480740967,0.037474049116224,-0.17288824979163964,-0.006805596325987995,0.20335459130729697,0.07489873763144919,-0.14269970753186934,0.14726402401764788,0.10970312724504615,0.027637162788649913,-0.05290403280872557,-0.021766832367487693,-0.0797506389953062,-0.06795529843475204,-0.07856839815904712,-0.000970041028127063,0.2734620574129707,-0.10941075375058762,0.15694309755654576,-0.4224123350742013,0.09185413393150729,0.13624323675517014,0.08278433637414702,-0.1778282439172065,0.24858636365852932,-0.24219199050342377,-4.631169994879673,9.641611230851751
1,96.0660332143403,114.248155962744,109.710434195459,89.9042677182067,80.1820739946439,63.2214678063859,37.8792754535397,4.57772605784079,10.9205419445127,41.8325044122686,21.5437648987504,19.0789079832682,-0.0143678034705253,-2.17976571782914,-30.9621369598382,-39.0405546274379,-36.6758282078617,-30.0789280452713,-23.4988856501412,-12.3603934634791,-31.4983583207193,-30.0185946930989,-1.89769721961504,7.88276992323818,14.4165565755796,-1.96954295038813,16.812100746802,26.5700818594712,31.2897184206684,25.6847763158415,21.7582375482116,16.9752616346371,11.6694863511712,6.8422836421459,6.14902290253338,10.0412978833871,22.1468903148535,5.22549466205448,8.52300029596404,17.2403213822062,28.7092412520109,38.7987203970856,22.6780535958382,6.76862641187961,12.7014348405097,2.93700087113988,-7.19140308457571,-4.36412601737182,-0.8491037459669653,1.724850845199123,-0.8945790929012533,0.3309749236699818,-0.20479633057642432,-0.07728360016150927,0.24281412187237522,0.12519040604724158,-0.018252477834754463,-0.19471214063439043,0.08799197648476115,0.17948284796645214,-0.15595454949920437,-0.05159689578420876,-0.20277429307269967,-0.007242030634237744,0.050808957192895146,0.18508118505955523,-0.5466663849770728,-0.16133898396079435,0.2984245853220748,0.503161391971981,-0.2751699835858482,-0.06823688679565863,0.04211659240898749,0.0281556094958012,-0.0990399434715099,0.3409705965630905,-0.06474470826715956,-0.255026052033905,-0.31578454405022416,-0.14225261389577493,0.08809034406970843,0.022911915237313514,0.1600351516047229,-0.12672276101358854,0.029479774734974325,-0.04219419379436691,-0.05569500765433466,-0.11321831771414057,-0.00018999426518563406,0.10632361498415079,-0.2742433362794218,0.0973581588355389,-0.12994689390840045,-0.00656516685276619,0.1453507772997171,0.18080198012519233,-6.784254992319508,10.68822510816195
2,88.0898428086163,109.710434195459,130.124266071124,123.551856850941,113.678033957391,93.1502842079224,51.6660622461208,9.52226263332274,19.2773188424995,45.9324797309799,20.6726935850842,13.5994612553998,-10.8211516250399,-12.1452584793849,-50.0598887283131,-56.6083503611524,-46.3541806253956,-30.6505463536061,-23.7217123795572,-13.2125210620717,-24.2957160633537,-21.6248109237885,7.50843509996062,11.9370454608591,11.2785829363593,-6.41388340504899,9.69758892912096,23.5033404369267,29.6434041078352,24.9023110883144,20.4538741807785,15.8706670189556,10.2998917968567,1.43599686799351,-1.81307590131372,4.58876253175819,21.75212740296,3.831787118739,4.55003230169063,13.3883769297052,24.2301160784411,28.3054453738497,10.0028090612604,-4.43890660375957,3.31913405990059,-2.49801957181521,-0.409406997290061,-1.02470785046327,-0.02101752125107708,-0.8945790929009346,2.3950672021071755,-1.585593186760048,-0.2507469311339665,0.38300231253675243,0.0645200690016693,-0.03146445335336875,-0.08226155783207173,0.06519147046856767,-0.11753479821806942,0.010739659340747028,-0.17896114803997484,0.3286098691627917,-0.06299724263966905,0.04473937143201208,0.16826114109066528,0.0011972597406057575,0.008726745812914233,-0.2812773070109936,0.013850874206008957,0.08179234498748661,0.02452995653264036,-0.07159879168654082,7.506231003928386e-05,0.23955209236600175,-0.09277808011176365,-0.24375535668347825,0.2894001608970491,-0.25175145918263137,0.004127533438228657,-0.05475278229064084,-0.014706693408574764,0.0114398586157077,-0.10152286321297044,0.22678771947681592,0.10536189011127348,-0.08253993708673629,-0.03352535309612741,0.1026778431417549,-0.3305363770810786,-0.010493376297892333,0.02396380806590635,0.06586782986175715,-0.017693931467356448,0.03285680799302348,0.06445247936038853,-0.17156246049263482,-7.747823860727086,11.406764049068595
3,72.2606986574019,89.9042677182067,123.551856850941,132.862007237543,128.063437596944,111.159385227674,65.7509659119299,24.5145988607372,36.9062578071491,51.1365191010629,13.7215735983388,14.1965031665164,-9.77129973304938,-6.87478642278948,-46.712543689039,-51.0918275286514,-39.0891864552384,-22.7749975981714,-19.571652536106,-11.7034005365588,-12.5731999154846,-5.05880708341105,18.2079604914018,16.1972524036883,8.84678430897657,-7.75664861438113,1.4521677166375,16.8464874170959,23.757111084352,19.6822465950915,16.0931937088281,11.8667587129657,6.90580773361691,-3.13690796492031,-5.73045408962155,3.83985376307988,25.4449360726339,0.117993133423035,3.72196168592744,11.6956667119057,17.6611631108478,16.1627606225091,-2.27337466310623,-13.0908893774059,-3.27978444708315,-7.47736799983209,2.41783263934489,-1.25763948436243,0.15722080727260376,0.33097492367004155,-1.585593186760279,2.304400641362533,-0.8713333550577733,0.01806180415957006,-0.3690661040334362,0.35149407005767475,-0.08102968041613645,-0.044397184497885066,-0.027094487330403004,-0.06117005001175504,0.10813129743343412,-0.12638077599433656,0.11640016548162954,-0.05931060589743385,0.02465793604354826,-0.012937179831153006,0.53809052050036,0.008941461870629337,0.02762194632208767,-0.2669213671955838,-0.05676454917468461,0.04527628816072137,-0.15717957802317517,0.004896012977070442,0.10476876399677888,-0.01184898194031502,0.1444579994333417,0.14413661537324549,0.00938776621295172,-0.0682534605710747,-0.0822459166113044,0.144439944355613,-0.09998580148500523,-0.04443662500234038,-0.00617107559882838,0.15144004820808646,-0.02943301001381743,-0.08264429871061078,-0.0690651051414543,0.03210705388382996,0.22266461576117913,0.03453167077499732,-0.11705670326873122,0.14395798918298067,-0.13874117772220534,0.023603604771968566,-5.705478750640041,11.526144508791418
4,62.6955905817583,80.1820739946439,113.678033957391,128.063437596944,131.074135670397,119.865386592662,70.5996168791998,31.4026875218425,39.0920085071924,48.0913864742192,8.66952582942151,15.8941738779971,-7.60365880310371,-3.65092873318279,-37.2171484502504,-40.7075049775304,-29.9105999253944,-16.3709948928124,-15.4330441890882,-9.14130363226355,-7.86494392595628,-0.778000013724738,19.7294128114237,16.0315662908463,6.12879219632285,-6.59577136032005,3.01932116323717,18.2425915359881,25.2271300227515,21.2723246759787,17.6290231591788,12.7815491495283,7.80564785660012,-3.68207531732567,-6.9833447169261,2.9094875568673,30.7224970693028,-3.1711524925073,3.50057357937266,9.86260193720906,13.9967314725983,8.50145827283789,-8.42963877215831,-13.8802514824599,-1.93895672202418,-5.29553256992183,2.06439712304692,-0.883294522393222,0.16865860189752482,-0.2047963305764593,-0.2507469311341332,-0.871333355057561,2.3633817582667755,-1.1667796336799545,-0.1196766387093188,0.019378713031163078,0.26377441823823966,-0.07631737027537062,0.14079370959147539,-0.14381940724062806,0.026454431017335654,-0.07089651231493665,0.19778388334513872,0.052983725134848406,-0.31304369894994655,0.19865170747817135,-0.1326339167577665,0.09262924279899883,-0.2990245184687522,0.16585832552594845,-0.1297715021513571,-0.29010964441635145,0.06666449647778684,-0.1577774754577702,0.20574664783899035,-0.03525599532705675,0.14059274937557897,0.03132610346345322,-0.05265880713705529,0.12223235274199983,-0.18632435369850397,0.0680602511805276,0.2824972434716522,0.16420557278978146,-0.37388983518265534,0.04796573653158438,-0.009836026415163186,0.03995219411818094,0.08568018367061053,-0.14806396438385236,0.002826763993407723,0.041897559325698455,0.14055317114389995,-0.15502322767463989,-0.05358093331965607,0.1740414394041955,-4.532219662058372,11.448324579186126
5,50.0346108520271,63.2214678063859,93.1502842079224,111.159385227674,119.865386592662,121.123481680605,73.1420195470417,42.0259689139911,51.0979369560023,43.8388285055596,2.65152822169513,15.3392329100301,-6.91884414287503,-0.162180746270739,-24.4797362137316,-27.7760702842248,-20.0004646939377,-11.4375463617729,-12.5699908303002,-8.11204327527406,-4.32685179468439,1.92998692326129,17.2884366776625,10.6612618231734,-0.832037279509784,-8.55244233756447,1.97880780828078,17.4050661764876,24.2728652615665,20.4693503588262,16.4835809874726,10.997398023239,3.92298734440894,-6.40145161898851,-8.53526434433241,3.66919325651965,27.5414714664862,-9.13681334631701,1.9589983137964,9.06079779961342,13.5051115467548,5.74883060442355,-10.8913848325402,-12.228000417888,-0.10586191885684,-5.04895857769024,2.08498932295497,1.25492353106353,-0.11747780751737869,-0.07728360016124793,0.3830023125368997,0.018061804159464023,-1.166779633680189,1.3128277990850654,-0.3239579469900285,-0.1166363027630957,-0.18048703627280233,0.028496760549254797,0.03705161796362024,0.020173696284508304,0.0921795265772294,0.03307556553626796,-0.054388298284338575,0.05470401846018405,-0.017961558964819595,0.030779569581924612,-0.06283351273133923,-0.010043077339710722,0.14113913473660955,0.12814041456214362,0.017865794438306198,-0.07425511114188675,0.2268219583779408,-0.12707603845197413,0.1124039016367905,-0.27011292399629666,-0.4413764770581975,-0.019190454132069074,0.2364127480965141,0.09579913180556746,0.10711419016643264,-0.09948995729321318,-0.030627729133328514,-0.053347277475744276,0.25116871249893746,-0.07855872289370182,0.05384671549800511,-0.1294845540657372,-0.04557755509450313,0.2154796357116555,0.40409903686552795,-0.32085823911017597,-0.04761125113160527,0.015417928326368558,-0.05076527143589843,-0.2797248810337381,-3.984229390681004,11.005157049338521
6,36.2843717281921,37.8792754535397,51.6660622461208,65.7509659119299,70.5996168791998,73.1420195470417,71.3337303365193,58.3248284254702,68.6172630736157,59.5076555288471,12.3801604213463,10.4722784429959,-3.49099571961802,5.84721714926417,-3.468104277702,-5.59658978777636,-4.08342019241189,-5.0226249140818,-5.88230725915426,-2.28836472192164,4.09571634900629,12.8487276428239,18.5323277916697,8.99999123666367,-1.77768548217977,-5.48511047172312,-3.65286437426043,1.81623023892677,7.05434028118426,7.20489337130732,5.45296437745498,1.82843305575831,-3.84080701069513,-4.54418168456253,0.805676821015685,12.2288600832718,29.8942682931179,-10.3279576044624,8.57600986833706,12.4725867005943,14.4957533742772,16.5112733476414,8.60686101412177,0.617995050249029,2.36289997357499,-9.51422297042581,-3.77763560597531,-11.6430074993219,-0.317496493985168,0.2428141218723923,0.06452006900140782,-0.36906610403352885,-0.11967663870919693,-0.32395794699027497,2.0699489159283058,-1.169148867486315,-0.052644671110589084,0.02364677792670001,-0.16445114680218562,0.004732984782414654,0.004798762630422079,0.16112173051699977,-0.0005926397299595275,-0.04418808144875871,0.03811079047172822,-0.1369076558153137,0.15217716065855724,-0.1110989250679039,-0.04382225955508016,-0.03490564590396469,-0.05620307934995745,0.2245604432817222,-0.12686714614765968,0.11474821184619581,-0.138553632926805,0.38742022313508095,-0.45762522746722156,0.23696140459186413,-0.06076780239364288,-0.18215658941157642,-0.026636238401063977,0.0013474547048609234,0.12408643013293078,-0.0409708059300967,-0.14406998570500393,0.10654716669413399,-0.2807199301543071,-0.10355726000280971,0.026289567455531054,0.02275290744100682,-0.13749074669827005,0.13086111886928667,-0.17244086547439932,-0.06298100602842763,-0.3759695064858916,0.6453510867407183,-5.7622759856630825,8.445337786999364
7,11.9342794432414,4.57772605784079,9.52226263332274,24.5145988607372,31.4026875218425,42.0259689139911,58.3248284254702,66.6703494623656,74.096074390351,50.7836667891065,-0.684612137159756,8.89723911558591,4.18512779827361,18.5471132828234,17.722824754023,14.5479672380344,9.91273223760915,0.328477071695054,-1.42295903132685,0.974028606728583,9.2383153926831,16.3346899541908,12.5959409841192,-2.18086446196733,-15.8508256950713,-11.3371501851901,-13.5783505738895,-12.683039733532,-9.77390241174585,-6.81475811510548,-6.71618008485752,-8.82601485234826,-14.0234360477596,-10.1710451601519,-0.896378925575978,13.421642638594,23.2674937665151,-16.2708645837338,8.78033020989644,12.0411891635138,14.694218918111,16.4153565905985,9.22582317325334,1.03814175672707,-0.72364623232413,-11.4953922312537,-4.9892211063068,-6.58204181145037,0.08635256616957962,0.12519040604720896,-0.031464453353157,0.3514940700577491,0.01937871303104896,-0.11663630276285669,-1.1691488674863708,1.3696150349694995,-0.13613771776528796,-0.026655603059553643,0.051751893609465985,0.11601280124863819,-0.27970650687200843,-0.024930368069789016,-0.09665649172516604,0.039833061398251844,0.15423357974498078,-0.06553683902183854,0.005350066106559526,-0.0014393575952712323,0.003978941893675379,-0.0024800763193931884,-0.023607848346236523,-0.1049261423700294,0.05923884445412587,-0.11515655943719012,0.0340784349074829,0.012937282595744868,0.6042890470697111,-0.4075807972873371,-0.1646973307865314,-0.0777995428233315,-0.0004010090126781378,0.16865762346142213,-0.04296304435592974,-0.008667115895648045,-0.03954229767643909,0.11302716571734232,-0.12230623247468234,0.3117306170172184,-0.14167797328225737,-0.21654049632694244,-0.1330285661824837,0.0877188308344659,-0.01488575165879432,0.20953285578739916,0.3491122721342983,-0.38191269315522897,-6.241935483870968,8.164578951934116
8,15.7436724681898,10.9205419445127,19.2773188424995,36.9062578071491,39.0920085071924,51.0979369560023,68.6172630736157,74.096074390351,175.96958781362,139.766703757921,41.5907697102615,22.0441345650029,7.6007420851669,21.9185205201122,2.61420399533583,13.3293699314436,21.1257354754968,22.6609638865593,13.9545161881782,0.903406566746163,11.0269645122735,27.8562813255741,18.0534170308823,12.1915478800004,10.3225407211923,-6.28286857212221,-11.9056485136414,-2.94795809145686,-10.9468127292363,-18.8554483751738,-28.3540809862759,-33.6186345377671,-40.8613491460647,-35.9220236274665,-17.5333206622218,6.38192312868555,19.1366518250511,5.94949819152179,1.7027099086455,9.10961800178881,9.82192624646611,20.6382960568926,4.87411499278247,-18.8724355594173,-27.85847005329,-25.2238998079619,-30.4682613064644,-37.9833708515243,0.03824307185654797,-0.018252477834944228,-0.08226155783198294,-0.08102968041619145,0.26377441823830466,-0.18048703627280313,-0.05264467111070259,-0.136137717765195,0.2937386740520761,-0.07733437651034518,0.02507001044265624,0.0137335816713202,0.045122306783011566,-0.07970612228334083,0.054478858864335546,0.03244489796371135,-0.18072106846370284,0.048495069265011924,-0.10257091852156615,0.144727346748169,-0.07822728977196643,-0.012172275777474767,0.020539785356910548,0.016400963316379406,-0.16308458019435498,0.17132984292892547,-0.04239936425644237,0.030022995430240448,0.051234387979078484,0.0885309633463673,-0.018294193006724524,-0.04250387379729431,0.09081843567840196,-0.04033921304050091,0.024743711897624174,-0.08131263935796638,0.004436322181847544,-0.07754145829861565,0.23162390637150504,-0.037032982061304134,-0.08901095383035684,0.08313561022614639,-0.038566890899792684,-0.09941692712386058,0.13606709786918061,-0.10333728713605264,0.11169873345033972,0.032152265129803785,-7.314516129032258,13.264975982398916
9,34.9547310923745,41.8325044122686,45.9324797309799,51.1365191010629,48.0913864742192,43.8388285055596,59.5076555288471,50.7836667891065,139.766703757921,235.864695340502,103.409305197542,44.2520705360818,6.80529936071604,-10.0269857607246,-5.45033777918184,-0.215202962949817,8.33499577840166,14.7976359092247,2.83834288669098,-16.0243598102581,-9.00878214226393,1.0680230913667,6.3515330468128,4.89565988327985,5.89270196596151,13.4887817349625,12.0505932733138,5.72321725021825,-4.60249487627966,-18.3744679820787,-31.3475255327676,-38.1250628558871,-45.6559771281265,-40.3371724471023,-20.7749929739175,5.88407727086137,18.7752314977787,5.85273196097681,-10.2714316448113,4.15379829701111,17.106056258236,46.5103466054131,21.649236231617,-18.7498044781103,-26.0011746196361,-8.00485378892839,-13.4124790885142,-30.2920322544971,0.12431907013353592,-0.19471214063425654,0.06519147046850625,-0.04439718449780132,-0.07631737027555796,0.02849676054933995,0.02364677792680254,-0.026655603059658733,-0.07733437651035502,0.2216027710296121,-0.0834749459543342,0.0035677304360216293,-0.017848611564728865,0.02084491903323899,0.02188278363822405,-0.019611308079126477,0.03383610484934504,-0.15204333286415264,0.09835756695400441,0.09747212638043132,-0.06465968243094578,-0.10614938409910031,0.07667528807695492,0.1408812981707708,0.06775817954726131,-0.0624825502610825,-0.1264757600308382,0.047986068590424265,-0.07229794426459929,0.019840082984736974,0.11943054588700429,0.05483633118141776,-0.0034224811466551015,-0.027392791787480893,-0.06285943773463694,-0.014406949851019807,-0.03383258662459145,-0.0013753160382509787,-0.05331042720132171,0.012278283034915669,0.2518570302959414,-0.21258990778342488,-0.04394808352998989,0.08891747687535896,-0.006234806312916533,0.08102530085423645,0.0021817614375316836,-0.042015313147413774,2.160752688172044,15.357561503718674
10,17.1335804199298,21.5437648987504,20.6726935850842,13.7215735983388,8.66952582942151,2.65152822169513,12.3801604213463,-0.684612137159756,41.5907697102615,103.409305197542,195.165657108722,98.0159607514419,60.8143457487808,46.3757814357296,35.2367503468629,42.1214743863161,41.1342962908886,36.8690741547702,27.1014833918348,2.17856759972051,-4.64454118810896,24.9299323120329,35.7292550469729,40.5834864095986,29.501420173689,26.4721362070583,30.2032253253508,35.1444295526853,24.7239159286356,6.78596838241028,-7.10901846286873,-16.924028304964,-26.6258463185904,-27.9814234749615,-19.0174460577791,-26.2054169789104,-20.1978486269,-6.17430157855343,-19.9610731394238,-11.1674330478662,-5.08930857300391,8.98968750963645,18.5371994680596,5.53658749478544,-4.7446178771973,8.53286988520064,-4.96729907807646,-19.9042756747784,-0.08351435312724799,0.0879919764845277,-0.1175347982176579,-0.027094487330938652,0.14079370959183257,0.037051617963538876,-0.1644511468021679,0.051751893609454584,0.025070010442706757,-0.08347494595430799,0.24923440344445816,-0.10449619352428276,0.15770087127432383,-0.1298180463136283,-0.1157231545560312,0.13789532675738578,-0.047216420274174775,-0.05294226742872874,-0.10669204935109025,-0.02586078522624681,0.03760161223336695,0.14230046582555395,-0.030994273574559614,-0.16247059627277552,0.09372222516131855,-0.13214350917950005,0.11982656882503082,-0.030167852675608422,-0.033621416570736445,-0.13513173792567038,0.10305471263411721,-0.018392018506406455,0.020423521590822023,0.0522658941667475,-0.014211345732038356,0.05046732640953266,0.06328393793429507,-0.014225190791435543,0.07723524483566438,0.04313945754850739,-0.02680932292570521,0.18818812367784984,-0.14103744554125697,-0.08937460217196988,0.13268594857006782,-0.13624036854076363,-0.05673591256281018,0.026432806291443685,1.566129032258064,13.969812350519303
11,23.4787934908915,19.0789079832682,13.5994612553998,14.1965031665164,15.8941738779971,15.3392329100301,10.4722784429959,8.89723911558591,22.0441345650029,44.2520705360818,98.0159607514419,156.132093455463,118.978074400205,97.4786986489419,67.3837545782784,65.6113585232987,49.033926758322,26.6003770910533,11.0016248054931,0.859359400647015,-2.19993796435371,26.281089564413,26.1378510197371,25.5903061119299,13.038908552024,10.8694447960038,13.5117155977398,22.9327492709158,19.0926787471457,4.34997879160883,-4.40624203921988,-11.266539164825,-16.1653605316105,-16.3305586014614,-6.78965824185487,-10.1689165961768,-12.952691503736,7.11782684358971,-6.63426260581994,12.3323268294711,11.5179352187122,14.9502284878813,13.1773666533396,16.3908311197027,21.9080633772926,7.98397237561938,-2.4315258795868,-0.345349090370393,-0.04344706181745655,0.1794828479663022,0.010739659340961799,-0.061170050011990024,-0.14381940724040407,0.020173696284382314,0.004732984782464437,0.11601280124861307,0.013733581671387678,0.00356773043601761,-0.10449619352426752,0.6412940499593097,-0.7716679570520805,0.16796003056689549,0.06525428859751735,0.01005562392160183,-0.023040052599234164,-0.09087991030915336,-0.040717340223524974,0.22352925027925413,-0.17092455304868567,0.07829401238085636,-0.0829653907925857,0.04393083210593623,0.09352281113446247,0.03339359673274372,-0.14750307376783578,0.10026137848086339,-0.1976076608072554,-0.021044949697078943,-0.033735137100286666,0.005556287486505482,-0.03620360280864434,0.2003118634726262,0.17773143765121452,-0.336230892883805,0.02792259740354433,0.038898555309665975,0.016549155267900073,-0.19118643593276022,0.021358212752406992,-0.019586214437145175,-0.11151531916152403,-0.12095398917443399,-0.028124406530612007,0.07722562942508698,0.30341363692472856,-0.12224982309612457,-1.517741935483871,12.494882690744346
12,9.15054115814855,-0.0143678034705253,-10.8211516250399,-9.77129973304938,-7.60365880310371,-6.91884414287503,-3.49099571961802,4.18512779827361,7.6007420851669,6.80529936071604,60.8143457487808,118.978074400205,110.920422059604,104.282154668635,72.9589935402304,73.757993644851,54.8731359965142,29.2565374658748,14.019588097104,6.60029442348079,4.29403411922715,33.0668867649096,24.2523834624226,22.4400958203751,10.569042728064,7.61808384773141,8.00608179679242,14.3803258899405,10.5347879722482,3.0923450078259,-0.850972351255971,-2.743104413527,-2.16226467248933,-1.38780575945175,3.00277417523286,-6.38159510757468,-6.90699895348133,10.7461972585745,1.32185726237904,14.2347414863727,8.35093688956072,4.48143227652326,4.69897226523579,11.0525050024545,14.8675281213969,11.2970465490938,6.00339249507699,8.39734779302856,-0.0007682699310216671,-0.15595454949935178,-0.17896114803975757,0.1081312974330535,0.026454431017375782,0.09217952657731535,0.0047987626304210555,-0.2797065068720686,0.045122306782973035,-0.0178486115647022,0.1577008712742452,-0.7716679570521103,1.4817211474717296,-0.5451431130668521,-0.16878075546039079,-0.07492417388128775,0.004990368217167032,-0.0951221030381493,-0.01916825893423599,-0.13421368712030932,0.2032290938880317,0.11076702078756936,0.09669320214162186,-0.06961708369504935,-0.11953010785196355,-0.032461613918086066,0.17456025809114017,0.0069069595570242686,0.06393442556419987,0.08000179747951289,0.05229052073228035,0.14849857636354852,0.19401938857672923,-0.4118979652221133,-0.4588757962754936,0.378684205868273,0.07138364166440614,-0.21479772383981477,0.32970545266336704,0.19583920816838543,0.11527764986229143,0.10701333932016535,0.08465474195454951,0.01692160405129908,0.10751155977619378,-0.1173093178921683,-0.375958288626789,0.09309468661291283,-1.3556451612903226,10.531401713903254
13,6.51943314794586,-2.17976571782914,-12.1452584793849,-6.87478642278948,-3.65092873318279,-0.162180746270739,5.84721714926417,18.5471132828234,21.9185205201122,-10.0269857607246,46.3757814357296,97.4786986489419,104.282154668635,143.137755077658,85.101720108514,87.0030192752583,62.9023733140785,30.8357744306819,17.8275702255152,14.5611301016003,16.5117267334605,49.4950221515435,33.2989445514077,24.4096134288055,3.86167954277887,-7.4620575135537,6.97626933922565,20.2197378734174,16.9354928883307,11.6070729198329,6.79173630248837,4.20502766936364,2.67038851110967,1.86621480331298,0.900914473004268,-9.44431923611324,-1.81752864315832,4.85596578847138,17.935596448494,28.2663433779855,21.9826692687822,9.90602579542438,4.26134043849074,5.92436533589227,8.55843706109074,9.18206411738806,4.24239975480519,13.0997189096024,0.08532686306333277,-0.05159689578427945,0.32860986916301377,-0.12638077599470884,-0.07089651231452287,0.033075565536067275,0.16112173051706935,-0.024930368069800247,-0.07970612228331247,0.02084491903323089,-0.12981804631362778,0.16796003056687056,-0.5451431130668148,0.5414443765319422,0.07437806150730693,-0.016172039328943292,-0.022310729612869624,0.2056192683961083,0.1566938801693593,-0.2324469205374832,0.08556521151292547,-0.14668087380207673,-0.12061370106531669,-0.019455420271720425,-0.05356583995691635,0.11618264566994162,0.08605330566008618,-0.09544852887811112,-0.04969911053366756,0.1145847962457498,-0.18340516770015378,-0.12255400987978342,-0.1466692037123454,0.17361544792563754,0.16741789310701852,0.006243677406401281,-0.0775870518165502,0.09008998962730688,-0.16825265989916594,-0.16803243357595107,-0.21630874782097187,-0.1504525028377713,0.14562384304771794,0.16776518940606794,-0.16408585301401263,-0.06100660934620118,0.1477646568877193,-0.03349273357600111,-1.9736559139784948,11.963601258720484
14,-15.2115931038479,-30.9621369598382,-50.0598887283131,-46.712543689039,-37.2171484502504,-24.4797362137316,-3.468104277702,17.722824754023,2.61420399533583,-5.45033777918184,35.2367503468629,67.3837545782784,72.9589935402304,85.101720108514,147.803114911058,130.431408379304,86.7666986421859,27.8545391369213,15.5830963203521,11.4382173652571,32.6531347649759,50.806890059393,25.7232451628218,8.1316054044453,-18.3435288554654,-2.54629970211175,2.93711644176527,7.42228172824607,3.60673116165922,-1.23053919621079,-6.44734568604477,-9.19891947888049,-12.2661303508533,-9.1695069833665,-7.54447130941299,-12.305526421184,-7.95168548820291,-9.10130923217156,8.50712619220221,16.609042100241,13.7097925147941,4.49420642931286,3.66860906618948,7.61354798639571,2.89704325862237,1.99298618222251,3.72344470090677,7.03826907911865,0.10263918228310427,-0.20277429307290165,-0.06299724263951571,0.11640016548146391,0.19778388334553398,-0.05438829828449116,-0.0005926397301613979,-0.09665649172511322,0.05447885886441004,0.021882783638206654,-0.11572315455596582,0.06525428859745121,-0.1687807554602309,0.07437806150725552,0.9853515658927945,-0.8832924044237408,-0.1893316147458399,0.6347014494526858,0.16917490916366798,0.28154179567277793,-0.3773849893910296,0.004772626676046115,0.022877929386436388,-0.13926654117932516,0.0553240177214041,0.04448188478718455,-0.024439870573936984,-0.11387412197582662,-0.12482520904953978,-0.00780527742862841,0.3342753732030384,0.06117221866800761,0.03420831662197169,-0.01280278830054095,0.04997756802611441,-0.016634122462463857,-0.21409950372304304,0.018346545641274838,0.06104509974182176,-0.06622158628073044,-0.19108494718766522,0.2784157686284818,0.05043768980325815,0.23464473276940606,-0.2686011073656975,0.1612368286928884,0.013908892292618807,-0.10998958334055069,-0.6258960573476703,12.157019162239486
15,-23.7784341931692,-39.0405546274379,-56.6083503611524,-51.0918275286514,-40.7075049775304,-27.7760702842248,-5.59658978777636,14.5479672380344,13.3293699314436,-0.215202962949817,42.1214743863161,65.6113585232987,73.757993644851,87.0030192752583,130.431408379304,139.508493296164,103.333750483901,55.5470450345583,37.0097658166032,23.4720843050267,32.4943577361444,66.3545716082037,34.5721844333955,15.4066204230714,-12.9785159678654,-2.48568467510388,0.713270496499332,5.51620259534594,0.50931499579227,-2.18341117849378,-9.37931531538158,-9.8856777420384,-10.4795074971022,-7.92156534480433,-8.08131492915719,-16.9365926235033,-13.436746118744,-9.11479276309401,11.6199649188149,21.0616986398722,10.2557943792738,-2.69028145023725,-0.098201476674137,4.78943778581564,-6.64825082856437,-1.46901378014206,6.65663769568707,5.36466610641556,-0.1558636086481867,-0.007242030634190704,0.044739371432558905,-0.0593106058978972,0.05298372513429843,0.05470401846038073,-0.04418808144867239,0.03983306139836397,0.03244489796353492,-0.019611308079055974,0.13789532675711672,0.010055623921770486,-0.07492417388180006,-0.016172039328763533,-0.8832924044240101,2.2353403770417453,-1.5160670085214603,-0.5065776096748312,0.3782070950242009,-0.05264234340386535,0.1864560144106014,-0.1761128431979252,-0.10084302602611847,0.19365307375136478,0.16301241057852292,-0.14485227696917324,-0.08314859637519113,-0.022576849353157884,0.02565247445229386,0.10973226846654663,-0.32369484082106154,-0.055948139267595655,0.11464677220904024,0.07937341718608795,0.005154121444158835,0.1094638908595191,0.18635575710530744,0.1096921249933765,-0.344579046249258,-0.018319931794422283,0.050443638117413495,-0.05455623930697804,0.07032538850676105,-0.429802004005019,0.35758598775986117,-0.06525356988063852,-0.006300630528619353,0.10997095382845469,-1.8103942652329748,11.81094802698596
17,-26.0802862091779,-36.6758282078617,-46.3541806253956,-39.0891864552384,-29.9105999253944,-20.0004646939377,-4.08342019241189,9.91273223760915,21.1257354754968,8.33499577840166,41.1342962908886,49.033926758322,54.8731359965142,62.9023733140785,86.7666986421859,103.333750483901,84.2521784647551,56.1867721452935,40.6787743287676,26.105408342356,28.0379301311434,57.0132030135643,29.4896758583525,18.0597382028811,-1.0341575524391,2.8324562622691,1.20070268912446,3.23419301892383,-2.70051202462576,-4.49520751928229,-12.0094759006076,-11.4519063089373,-9.97623945839876,-8.15115330431033,-6.42947866374085,-13.5618598704706,-9.37154055152452,-5.94632385987105,6.92892191655087,14.40615661004,1.32827826380899,-10.2784350702161,-5.03910435178889,0.187823277508126,-7.06551270356889,-1.30664749898465,4.66082270891386,1.44579391372349,0.08283225443003443,0.05080895719263721,0.1682611410906023,0.024657936043578164,-0.31304369894947076,-0.017961558964763914,0.03811079047193833,0.15423357974479585,-0.18072106846357616,0.033836104849357146,-0.04721642027391498,-0.023040052599364935,0.004990368217656505,-0.02231072961298127,-0.1893316147453652,-1.516067008521633,2.8137562524467934,-0.6339787255000738,-0.6282073032398056,-0.25336866457286694,-0.013358264921964935,0.07985548707645632,0.1431425747112251,0.0032990329978082548,-0.14263393451786277,-0.020738873141721566,0.19748479965844098,-0.15201935303801808,0.2404212212441955,0.00942732561909759,0.04503186826508122,-0.040215089232559634,-0.5060110265756572,0.2361681849531688,0.12430817628538819,-0.19222504992130376,0.020373375558329417,0.02596426705977466,0.056684507926963494,0.10334210423124958,0.2080876677684753,-0.3646380123477808,-0.04234955872670243,-0.03553915617378298,-0.0025136501068794117,-0.08526038951956473,-0.20259736392687516,0.10304506196417286,-4.769623655913979,9.178353799279863
39,-24.7520435756641,-30.0789280452713,-30.6505463536061,-22.7749975981714,-16.3709948928124,-11.4375463617729,-5.0226249140818,0.328477071695054,22.6609638865593,14.7976359092247,36.8690741547702,26.6003770910533,29.2565374658748,30.8357744306819,27.8545391369213,55.5470450345583,56.1867721452935,58.8493999070755,44.3737717033483,26.4589245698909,18.3724675756277,46.2650439893056,25.1773069033118,24.6629431425208,17.8470279813905,13.6824390218081,5.79725365418252,3.58221228697706,-3.39687592686382,-4.25492695551383,-12.3107646986666,-10.9386280187815,-7.38111736423379,-5.74951008308719,-2.1892576823327,-8.82930275239852,-2.80321979610461,1.37200120094738,4.7505799985333,9.12823632630402,-7.55543559325886,-22.1644851774774,-15.3847185480565,-10.9275561280449,-15.1626943905075,-3.91113382997615,-0.775584277463302,-3.63692749078913,-0.011712192654867127,0.18508118505933074,0.0011972597407201952,-0.0129371798313867,0.1986517074789835,0.030779569581677876,-0.1369076558157636,-0.06553683902159199,0.04849506926513045,-0.15204333286419602,-0.05294226742863366,-0.09087991030909573,-0.09512210303816876,0.20561926839609396,0.6347014494527907,-0.5065776096747251,-0.6339787255005316,2.3258027192840816,-0.9803792728397732,-0.08036233586724091,0.6526303793500918,-0.5170494329733091,0.06159583393808862,-0.012936755479091193,0.010313223611161037,0.0024370554988809735,0.01032580117806233,-0.24914017070987643,0.08591923631189419,-0.2378737430466878,0.3138753450644084,0.018483463279510236,-0.09280456589765439,-0.051603672704922825,0.016910364989781105,0.197728222547616,-0.06288983251640831,-0.011274197569888443,-0.05682709706564122,-0.4048439988209883,-0.1308786362731708,0.30448775729999006,0.44914475572798646,0.30950286490213275,-0.2694500510262282,-0.14397500323060003,0.09769887324385639,0.06759033737329156,-8.244982078853047,7.670684448409772
40,-20.006253666165,-23.4988856501412,-23.7217123795572,-19.571652536106,-15.4330441890882,-12.5699908303002,-5.88230725915426,-1.42295903132685,13.9545161881782,2.83834288669098,27.1014833918348,11.0016248054931,14.019588097104,17.8275702255152,15.5830963203521,37.0097658166032,40.6787743287676,44.3737717033483,39.264174050843,28.769940919493,19.6418068368667,37.390890450151,20.7817501143765,20.8411041495223,15.5854939054185,9.55395654936056,4.37290160570421,0.432735843006112,-4.50582783833997,-4.54906421606493,-11.1126114923802,-10.5783927424992,-8.57618645668227,-5.15091733134846,-0.466185834510972,-5.48283804657169,-3.94505497621271,-4.71056241412133,3.94436834585513,6.56097964196021,-6.86186075732367,-17.5305719343539,-9.65839490795485,-6.61628867484088,-9.90406536820887,-3.96770270928341,-0.272547366597761,-1.16953423337029,0.3960696399465514,-0.5466663849772837,0.008726745813565785,0.5380905204996119,-0.13263391675774766,-0.06283351273149829,0.1521771606589574,0.005350066106227029,-0.1025709185216272,0.09835756695413532,-0.1066920493512552,-0.04071734022365515,-0.01916825893412859,0.156693880169401,0.1691749091634025,0.37820709502468935,-0.6282073032402327,-0.9803792728400983,2.6666493990426283,-0.7906667742168151,-0.17061580164482706,-0.031743484699450146,-0.13593711762308783,-0.37214292172651353,-0.021247291060963854,0.18660901591713022,-0.007647942423510271,-0.004909288352181418,0.05718300521089471,-0.1765583408043992,0.14978481768192364,0.14031629025187942,0.012937199118774204,0.021975476561930503,0.1780702809327549,0.012020689070389745,-0.16111692655934784,0.17673033216230843,0.020894230737816374,-0.20893362643572724,-0.06381601207411733,0.24518945586826038,-0.36893108540123126,0.23199669807545134,0.02769644758753517,0.11173595834003809,-0.18667815545216424,-0.07690296378170897,-7.321953405017921,6.265315159738012
41,-9.11967776484748,-12.3603934634791,-13.2125210620717,-11.7034005365588,-9.14130363226355,-8.11204327527406,-2.28836472192164,0.974028606728583,0.903406566746163,-16.0243598102581,2.17856759972051,0.859359400647015,6.60029442348079,14.5611301016003,11.4382173652571,23.4720843050267,26.105408342356,26.4589245698909,28.769940919493,33.4273835125448,25.03492738009,31.587408653003,16.6064657608045,15.4124542453093,10.4079185330999,5.44661288114322,3.84548681821989,-1.06149015478111,-2.80026295993617,-0.6865490087569,-4.75205487033806,-4.08712867782284,-2.40059916038537,2.03059404750874,6.32154080916872,1.56260599749231,-0.500279051765015,-7.50378500572708,4.51466604500705,5.64282035738479,-4.52308599813825,-12.6077647691946,-5.82136392140537,1.2241482233147,4.25727023516181,-3.00544525678497,-3.46586468424987,-0.363427682063689,-0.0688282908984359,-0.16133898396117177,-0.281277307010626,0.00894146187039246,0.09262924279903129,-0.010043077339553497,-0.11109892506825629,-0.0014393575950492176,0.14472734674817694,0.09747212638041111,-0.025860785226253045,0.22352925027915346,-0.13421368712020548,-0.23244692053754748,0.2815417956726515,-0.05264234340352881,-0.2533686645732733,-0.08036233586732563,-0.7906667742167898,1.5077576704940545,-0.7707846954150723,-0.024785655429067143,0.2215963418164461,0.30749549984130586,0.03941868539941702,0.0522933322727027,-0.403397210859019,0.11744958963575725,-0.04065622527864922,0.2022519215749785,0.12955280113602016,0.06275423257580713,0.1642922595931465,0.04910201624470646,-0.25410352958373766,-0.195586295720655,-0.0019014885822927576,0.03208611793051229,0.06018072903233637,0.2644386527778284,-0.04195367988080223,0.04886750583729047,0.17244376937162992,-0.3981603587273442,1.2873156536468685e-05,0.2686053567909687,0.10835309095201288,-0.05975888002064686,-6.953763440860216,5.78077706822749
42,-23.2575474733108,-31.4983583207193,-24.2957160633537,-12.5731999154846,-7.86494392595628,-4.32685179468439,4.09571634900629,9.2383153926831,11.0269645122735,-9.00878214226393,-4.64454118810896,-2.19993796435371,4.29403411922715,16.5117267334605,32.6531347649759,32.4943577361444,28.0379301311434,18.3724675756277,19.6418068368667,25.03492738009,47.9137236160892,47.6585165450223,26.9689474429472,19.5742984739,8.46517189511772,4.3432397380947,2.6495258016328,-2.09574524078691,-0.872035053306866,3.38221426121116,1.25903776861203,1.42659475360162,2.66479509291168,6.59870471495348,7.39675458794161,2.95734577631303,-1.54332733500216,3.21488049024598,9.81358707766254,1.62093769028764,-14.3604281122005,-21.8638343436437,-14.4278784804946,-5.36192707852986,-3.24061704413442,0.300281600682974,-1.6196560766078,-0.870874510828556,0.11102109889811494,0.29842458532205296,0.013850874206182043,0.0276219463216672,-0.2990245184682468,0.14113913473644202,-0.04382225955501201,0.003978941893658583,-0.07822728977194116,-0.06465968243093093,0.037601612233376214,-0.1709245530486218,0.20322909388792265,0.08556521151297089,-0.37738498939090487,0.18645601441053203,-0.0133582649220608,0.6526303793502557,-0.17061580164478013,-0.7707846954151072,1.286826238330105,-0.582261660670068,0.16903284318075582,-0.014586509288497956,-0.05377119543910398,-0.014577375081229244,0.031387056514792525,0.1455664217186703,-0.008946941665711658,-0.3237704950132646,-0.05164659965558834,0.11636091175725585,-0.06241964845956512,-0.19641713880967712,0.01855003065374129,0.05533223771310502,0.1759964306192469,-0.0477307714562657,-0.0295898217995167,-0.2518886033685861,0.28720222843963944,-0.12053022642153038,-0.0007217139675775706,0.255508837688238,0.04552428399635781,-0.32012551147410123,0.11512628288987356,0.06421747541614964,-7.842293906810036,6.92125159317946
