,Cov_0,Cov_1,Cov_2,Cov_3,Cov_4,Cov_5,Cov_6,Cov_7,Cov_8,Cov_9,Cov_10,Cov_11,Cov_12,Cov_13,Cov_14,Cov_15,Cov_17,Cov_18,Cov_36,Cov_37,Cov_38,Cov_39,Cov_40,Cov_41,Cov_42,Cov_43,Cov_44,Cov_45,Cov_46,Cov_47,Cov_48,Cov_49,Cov_50,Cov_51,Cov_52,Cov_53,Cov_54,Cov_55,Cov_56,Cov_57,Cov_58,Cov_59,Cov_60,Cov_61,Cov_62,Cov_63,Cov_64,Cov_65,Cov_66,Cov_67,Cov_68,Cov_69,Cov_70,Cov_71,C_0,C_1,C_2,C_3,C_4,C_5,C_6,C_7,C_8,C_9,C_10,C_11,C_12,C_13,C_14,C_15,C_17,C_18,C_36,C_37,C_38,C_39,C_40,C_41,C_42,C_43,C_44,C_45,C_46,C_47,C_48,C_49,C_50,C_51,C_52,C_53,C_54,C_55,C_56,C_57,C_58,C_59,C_60,C_61,C_62,C_63,C_64,C_65,C_66,C_67,C_68,C_69,C_70,C_71,Mean,Std
0,54.4664666812962,44.6741567593549,49.4541951001299,12.7614909572227,-0.750312508467057,15.5150313609559,22.3312769237748,15.6177733806559,8.40419891578293,-14.7102341774931,-11.7966385255967,3.32700903409435,14.2362161799995,3.42762450799864,-2.5696982382135,-3.57954600378687,-0.710434480347844,2.00103935622295,0.204639009159372,0.565917011872435,0.192257927729412,1.29040971841731,1.62398214158282,-0.049753146122945,-4.41624323197193,3.76408849558899,7.4992436744071,1.40849206378047,-5.94834575580117,-2.69942985631666,-2.45647966050897,-0.771904518907775,-13.9129349176646,9.15813948106679,4.10068342743164,7.04167376650724,-0.0680656091470254,2.54190380512417,0.52314331976806,13.4056470217559,5.68401354789429,14.1537273648652,1.52527642313197,4.74739341944449,3.47378981365883,-10.4873643440282,-2.32539596817298,11.989941814539,6.68151132078901,2.61176518716209,11.9857518175679,4.39100398221677,8.6297177265769,-0.541305917397928,1.6102150814015574,-0.7664238772513605,-0.3245196643272636,0.1414034918290137,-0.11711723741140236,-0.4978009913905427,-0.25320805523296275,0.010683577982437388,0.17096124325290693,0.2664356676292208,-0.015543861978994284,0.15772337065218786,-0.0979029784314994,0.03081282536157778,0.1230753767055978,-0.052066867758828655,-0.0885334545064823,-0.08152152441621845,0.24731752498638238,-0.07579041573402388,-0.018181792323214388,0.008571577759921328,0.10434510406800446,-0.10946394154099529,0.1895376338849541,-0.21006891333077135,-0.11162789377326036,0.18562990942170343,0.15520172456178633,-0.22508854610471696,0.3513684849085554,0.17423007562467352,0.2885054433423162,-0.2583111570340393,-0.0952556151754287,-0.11634213806081797,0.06012547539665191,0.5503555470918068,-0.7025562671319062,-0.11886672056706724,0.31309205354912223,-0.13806325374582598,0.06305410798056743,0.0012683724106250555,0.09108808940976951,-0.008212970511715389,0.5940615128550041,-0.09068646817861327,-0.20536582217857294,-0.013883892353857247,-0.25321440311567317,0.020603595250089438,0.0014731609609289363,0.26915630335657426,-0.5248847926267282,7.379462492708814
1,44.6741567593549,61.3547258308341,59.0405140683044,26.6456793305389,-2.58077073561161,12.8709386999925,25.0052386923622,19.3219191278698,14.8459427509628,-13.8380986815903,-16.8842825371302,10.3394465451311,7.86568985256078,5.40903312792216,-1.24654755659587,-3.9323581866975,-1.80372609892136,0.450936767943898,1.61157261018326,2.41117576799829,2.40405559352194,3.10897128677344,7.17156812471166,-6.64443531024037,-3.79800614395887,10.8586440249598,10.4098672957066,6.83315581847313,2.31065266036992,-5.24786534304325,3.84784058103791,5.26638858413546,-4.84491949750747,3.71119578986201,10.2778014521478,4.4082040753053,1.89811327386825,9.33802378036567,-3.51416169040846,4.0832505787468,9.40770772898127,13.0817694271389,-2.15515423485179,3.22255266505109,6.48312175535452,-11.8276802167559,4.82554060265586,25.0592933735568,2.64558165314414,4.95639266218522,13.2924909101975,3.65305713278149,9.55534320264142,2.67542041270486,-0.7634945865649396,1.7405754529400013,-0.06850420051129998,-0.5296016279155794,0.3515588201747844,-0.04588542952580415,-0.316873464387214,0.012669604298766958,-0.2830050722608269,0.1446049634031734,0.4550710046691729,-0.4053274333356541,0.21611448280418707,-0.2956224735842898,0.12509746632824914,0.2881061778879589,0.05122362133451222,-0.09548506054150907,-0.11330733182818667,0.052251203109233826,0.013158213797978659,0.31700304797522827,-0.21919893286791403,0.031247282295289,0.007596344522554243,-0.11181507740855011,0.012553586507251482,-0.21333162586577528,-0.05832077683554337,0.3755099428979917,-0.15965543118040434,-0.00138022830283619,0.05868143434592656,0.2369212776849041,-0.19025768431526316,0.0129564598027642,-0.12470303996760569,-0.08381899766976544,-0.060683152127585654,0.010615951316945954,-0.00892821786675372,-0.0060241159846360975,0.22758930793408316,-0.25406269751297916,-0.01984656622010683,0.04112874135676723,-0.20379082014257052,-0.3683408470223316,0.5076426489578739,0.1573427927410401,-0.17042827669340932,-0.008159214227210524,-0.084574044512304,0.06968706569833219,-0.05084485407066044,7.832287394550466
2,49.4541951001299,59.0405140683044,105.613564665472,28.5946580602663,17.7553482107367,14.822818061914,34.1169095226781,28.8821517945415,18.2556301387333,-6.58698642762003,-9.59210908423539,13.4144187082548,0.961480975310988,4.72263664128242,-0.58011020652257,0.344747443520747,-0.878030923388488,-1.70682312158668,0.224554218218536,3.85942481510372,3.83128521216012,8.86812998926118,7.97558030785405,-3.11284699080093,-3.91642267132231,24.2589904859289,15.1247443011703,18.4044333724215,-3.19730204996575,-5.79916691570224,18.4647634084315,9.62716800350923,-1.62119955892921,1.99360511077749,11.1653646482652,7.47495467415879,8.21576885157919,10.885470004862,-7.77723620959347,3.00805360583519,11.3815653419322,13.8409112824844,-8.87101224346658,0.673389376047215,7.2192783938248,-9.74843135668531,1.13390136719884,20.8295600376333,13.0953740207294,3.7109680206037,2.17145204454219,3.83249030210183,8.10631716540913,1.04934382380442,-0.32330159526563584,-0.06975746042817473,0.7625429408360422,-0.1764233942908469,-0.26045956604656306,-0.17662213518980877,-0.18387736346303407,-0.235086250369649,0.16932097128683304,0.0417421954463961,-0.03714271281192392,-0.11435433001515989,0.1651093361904562,-0.10717125280410413,-0.07848544275776896,-0.09887876578184308,-0.031527053399979486,0.07358435221762279,-0.04052268391809895,0.03617162331125568,-0.005890124076173987,-0.28618008578032444,0.36637588423382433,0.15131661056911735,-0.1621619436280422,-0.15714409667052184,-0.10030069872887963,-0.19898724148895605,0.21457804507084297,0.272495108585343,-0.3154423729662393,-0.0007060723314687447,-0.03736189987316026,-0.197996507812436,0.1905015747336892,-0.05215140636252596,0.04002195057689799,-0.18928346292456888,0.5651402913181756,0.09788610068523326,-0.2901141548765832,0.004072568906302077,0.053373278115630335,0.06524437734542457,-0.18907030700382527,0.010730609198377985,0.1665965280956163,-0.029228276916150032,-0.1339667406945269,0.10330827407415309,0.06475424922844222,-0.17779747364485743,-0.02431385343987033,0.011841428615022336,5.043817204301075,10.276359504487564
3,12.7614909572227,26.6456793305389,28.5946580602663,37.4794044205496,-3.95097505431271,5.53984096107933,13.3098173346117,6.84846887998849,6.24848897617377,6.19144858051559,0.945091725006321,10.6426863702083,23.6070467522722,7.00605107492123,2.95399992580691,2.10970717622716,4.53287157534542,7.28669461810856,-0.509701975089347,4.56852392525276,2.58760472903719,-0.318140604595052,3.0728127444599,-3.42997077354745,-4.66233573498397,12.1810202839887,4.6920858105285,2.2052761970074,-0.549805123392026,-2.52296821151597,2.06818567065842,6.23438563451659,-0.601544555977827,-5.72093930713976,9.57427587221236,3.46998246425934,0.417138519112449,6.32477862157253,-4.31496608368739,-2.55516595267514,6.67635807164134,7.76862884415918,13.3771585633791,2.81675221029582,5.39561855096232,-2.8056883705541,0.806454472840354,9.34829936599359,5.52698973913376,0.730972668030645,7.0221508438304,5.80906886521265,2.48206797464309,13.3031227898619,0.13676812194544868,-0.5390273711566477,-0.18096712464209816,1.4538645220929503,0.4013282807893343,0.065963928721007,0.04689309536953514,-0.06827147586443898,0.13450761524281318,-0.2411511805070948,-0.19560244604482516,-0.4274007719856953,-0.4349852681297863,-0.3199109852553272,-0.005563320181191534,0.19041335521489622,0.1807641674041539,-0.008379650050081754,-0.009221873658784095,-0.3203904734511164,0.047804889835202875,-0.011002679259965516,-0.030619117466135937,-0.1356615586521263,0.09128027685732167,-0.5647689253866581,0.2967685188818416,0.39792732284161225,-0.20905963780165138,-0.037105913281634484,-0.05103052664210812,-0.5237049869575737,0.048113613332050185,0.047792149818998333,0.09719547046124095,0.15023389342429136,0.17014951773592024,-0.029007080358695956,-0.15245244762571053,0.07220185724366665,-0.19476403259421624,-0.01614415095897993,-0.23197819611504927,0.1511000556745597,0.1498335881106832,-0.10767312332913039,0.006465368740668364,-0.11698797049663993,-0.11374777444649549,0.16029783628025523,0.28658439141812153,0.08420751212024728,0.17618254648762657,-0.41940771282532163,2.8241935483870972,6.121225728606125
4,-0.750312508467057,-2.58077073561161,17.7553482107367,-3.95097505431271,27.0190077658303,1.87715438663563,5.30642092698346,9.16155738505221,6.90219758929116,3.32750023507068,2.1004793566065,0.769399157153656,0.386126123099868,-1.13344607809454,-0.370464654745936,-0.0492278024711534,-3.64819422283446,-6.69660773883756,-5.92752667684863,3.01441622510759,1.5971170027903,10.0037446639837,11.1920609001351,8.22113965662268,2.56738195418419,12.3430212768347,23.3338586118402,16.5000436709626,14.0555750498013,6.89514393230323,14.5224423462869,11.3637039013544,11.5091667110997,-4.23304005129881,8.72488962292619,1.96140447210868,7.06822370578565,-0.511899237906334,1.23007850273167,-2.28375149499886,4.52130398190526,4.89306118614165,-9.28923536386294,0.304160124161191,-0.41585317158089,10.5170979001901,2.57131326135436,2.10375814846339,7.46481696584164,3.05315905575044,-2.58561573227507,-0.973882283248759,6.76789284640025,-1.2743002337208,-0.10883574395003945,0.3457423714348336,-0.255798193138617,0.401483936071946,2.160073472046799,-0.16763422720725007,-0.09036183910763779,-0.5144937673722619,0.015512298160080458,-0.3145500338604862,0.035092966395970114,-0.05142277687244068,-0.17071351122446132,0.05965755218957343,0.2146325794389939,-0.05793546614607474,0.006275665174509144,0.056828865889311804,0.3499820726053293,-0.25531354922593535,0.03423410098468893,-0.4921755258168773,-0.5783103165002748,-0.4185361720825275,0.10652926555003794,-0.12458674175770494,0.011606048843593397,-0.2598513560104291,0.123306232727133,-0.10270675647224564,-0.12134657285961875,-0.1516813921991793,-0.1620472124220419,0.3443887391027601,-0.2509530144156577,-0.0682961064794578,-0.13768417042455472,-0.011003405562604589,0.08318241047586733,-0.005231922750146656,0.20554786212393722,-0.130642655055734,0.3342905476336012,-0.1256079392434051,0.025877348074955203,-0.45174023115927747,0.3101310555494735,0.14251641815471847,0.19299491597648033,-0.10231636579559615,0.3874887073966749,0.4350484507930999,-0.32623036413121526,0.011421848181715663,-1.4134408602150539,5.197019123096465
5,15.5150313609559,12.8709386999925,14.822818061914,5.53984096107933,1.87715438663563,18.2243270944579,5.79317147123102,10.1951805716744,9.70423903738276,-1.7806582343501,-4.03147891768026,-4.03146198634772,1.50976344411846,2.12715212073262,-4.35522400599608,-5.52238350176205,-1.82140907642373,1.91882054285228,-1.59972051866576,-2.6468379757849,-0.0456326570612379,0.230090558669027,-0.499974189698751,0.374636752984315,-3.28381412061726,-0.203634247727912,-4.73820863023937,-0.0039092322774133,-4.90530001448801,-4.25630331834181,-2.46827106344993,-1.77265231480991,-2.95473544883753,-1.31759464946159,-3.72528862756161,0.728603406572628,4.42242043099935,1.87491969333609,0.765705673675254,9.02150865614492,1.82001086518989,0.528253218376782,10.9993372633134,0.835141487033266,-3.04559969148643,2.83931269930055,-0.242043703473307,-0.065892859185077,2.47951814319462,-0.677439970658963,4.52847461521838,1.84709082986647,7.45203293833504,11.4225689875706,-0.49034841156232795,-0.04113917813237167,-0.1728617762869055,0.06391690977843002,-0.16261205946485904,2.2043427732614185,0.22025997867044317,-0.04498053685168877,-0.5386662808491186,-0.04946180555102861,-0.21615645805418535,0.40887658462272625,-0.11162770126749536,-0.13474607411402148,0.10234006608084889,0.11676039483942627,-0.03461397549271839,-0.2704223541846861,0.212824788426144,0.40926556330998504,-0.05473404676733165,-0.15868945036173093,0.05651414072911017,0.07114355703623591,0.045817746260424945,0.33598895021177866,-0.05478854717291838,0.13643351138311113,-0.07852621457331982,0.2223635485495418,-0.19497998965482538,-0.02803124981069966,-0.1944235162570181,0.3011834046085434,0.5349612017761112,-0.03849758330183956,-0.3885537292572853,-0.2531856906212431,-0.1837102937846835,-0.23890700996126832,0.30485257694639756,-0.024630881806087905,-0.34872626057543177,0.4696559383906468,0.18546656024264085,-0.0460288859270608,-0.009910590080985448,-0.08921833320585483,0.1130629852821453,0.06051898466795956,-0.35182672754750377,0.22845381513699448,-0.3345527168813518,-0.4059769808240479,0.8604070660522274,4.267824632580145
6,22.3312769237748,25.0052386923622,34.1169095226781,13.3098173346117,5.30642092698346,5.79317147123102,36.848110490119,5.96604569496323,7.38956863504486,-2.07703627428913,-0.982281199455093,1.84204920699619,10.1298307947963,-3.9585308696186,-2.25847639246866,3.5384416751233,4.51266160082667,5.5897479427086,-0.560938971777591,1.11287300379927,2.30647088746568,0.417636346369877,5.37429644624011,5.15367920363241,-3.15288455313635,11.0562502221172,5.38214212744771,6.66291597739497,3.83778701888484,6.09880415905459,2.81500296910414,4.85393105662939,5.78649931183473,-5.52378572948085,5.77404495441261,1.07010570394718,1.36933273777772,2.73079543158783,-9.80789315967894,-4.12827058857423,2.52296617191656,-2.06053113894524,0.654042283620331,-6.9875471605109,3.49950196827157,-9.46234849844327,-0.486600962531107,9.06502872878402,2.80211312985243,-4.90398589517283,6.94039459908771,-2.65454863606301,-3.59064121081207,-0.23250948188715,-0.24932113313157736,-0.3253365383139735,-0.18861440817487637,0.04764888429227526,-0.08382242931445097,0.22300683948121902,1.294727436002402,0.03907706991548466,-0.3920942557252607,-0.09434899253812178,-0.024060189831370822,-0.031046663953531277,-0.2908104120348026,0.30603230528635156,0.22632628968148932,-0.36119981439414406,-0.04952532143718093,0.14704360126694746,-0.0017602278284305334,0.3351518604857119,0.03252615168449159,0.27407406595036815,-0.3933638942705969,-0.43182775304325133,-0.16379806288209756,0.2331116061109898,-0.01950799641833644,-0.24734038311089496,0.08570523600797435,-0.3746404304928787,0.23106357489593624,0.11564144061438211,-0.15186545986761035,0.06502630920191954,0.047513215498884376,0.12107327354122785,0.03486720584940337,0.10167769728797507,0.40321201783782107,-0.018753457923326566,-0.11248719001499326,0.41593714324503794,-0.1423388662736475,0.11020910909420366,-0.2070509603807567,0.30101438919833245,-0.021114578021897472,-0.1012466941711868,-0.18758413405161362,0.21145375021023521,0.07918018399198389,0.32199306253725796,0.2189511421651255,-0.17878891772990899,3.627246543778802,6.069440706532933
7,15.6177733806559,19.3219191278698,28.8821517945415,6.84846887998849,9.16155738505221,10.1951805716744,5.96604569496323,30.4016027479092,13.1906243705614,-7.36753246394763,-4.97312443847665,0.972216140069198,-4.68293880739212,1.72415976297105,-4.55139248980395,-6.13450275559213,-3.26919455016107,-0.0449179459363761,2.21641767736248,-0.993135437561556,1.60717701225166,-0.405397405456911,0.898623232894812,-3.19029785191581,-11.2819430094174,7.27074472008043,-21.7333779438097,2.87569620820892,-13.4553324473721,-3.8537380997334,2.98737659334984,-2.57607028864512,-6.8684727078975,-4.44547272314133,7.51036940578783,-1.84858699923768,6.33967889422533,3.88777512655048,-2.15442182040043,0.467680660567752,-0.042901619896003,1.78194015549094,3.71578307303647,0.577556643194561,0.874503514402937,-4.7590743964478,4.90778821237264,-0.54428004581265,7.34637779777205,1.61148592488615,-0.756574231899024,2.27592655353138,14.5276387635031,1.95949358295181,0.005065729319940196,0.013316132032902285,-0.23292767414273496,-0.06568605899559915,-0.5254606064679366,-0.044473546685488516,0.02358253870311215,1.9057530640905886,-0.28210618602775184,-0.04759461734410436,0.3534712374104917,0.10409461077407375,-0.08408060852864259,-0.04628452861433419,-0.03557189021045327,0.333578990047777,0.21234434890098883,-0.002570840991996391,0.02668455653835949,0.027995653200863217,0.11846340372286769,-0.0799291904051628,-0.03908041190146616,-0.02853448046388998,0.18968409147775786,-0.26215785906057776,0.6048904027464944,-0.1153821248385975,0.0051486665086317735,-0.14977799278264897,0.2907010455098682,-0.1426170397564441,0.07531483973437127,-0.2873336346853857,-0.23053277016963264,-0.25699797293770865,0.04788802284039639,-0.11425675051938144,-0.1671880947202146,-0.0020309041451540377,0.1265068602223965,0.12724317999161816,-0.0970144886010233,0.31588680268541725,-0.04444056725523112,0.26818439129588184,-0.7269703273878217,0.001942715955604804,-0.3892526944231929,-0.170613796204097,0.20018376035057595,-0.13031301588735106,-0.7687047988013099,0.12003773700477116,0.47741935483870984,5.512857947372596
8,8.40419891578293,14.8459427509628,18.2556301387333,6.24848897617377,6.90219758929116,9.70423903738276,7.38956863504486,13.1906243705614,32.0056684587814,1.54256340813092,3.13393334026186,11.6204577210793,1.09852165048452,4.18645483608522,1.65066571220907,0.437580280205939,-0.642233747021695,-1.2831429565519,1.31442501953263,2.12724392147955,4.62925939184701,6.29946715208654,4.38807571074892,-7.60239860255072,-4.28098704892714,3.9240438874451,5.39730378148247,5.91240972399634,3.40074937428313,-0.381645516182696,1.53900001952897,3.32071173138173,3.58703484024532,1.33751627819998,3.05592367696944,2.40271788503312,8.7676298376084,2.05080654225897,1.01875233677666,4.01693452461616,7.25119566959415,5.18466452671357,-7.14809102711676,2.03617531974875,-5.03694927978664,6.84575549692892,5.74999576405091,4.77000599771258,12.9894671486437,3.10631266110139,2.58895073693048,1.86159766909531,4.6210569324946,-1.81451743415655,0.1718377373823645,-0.2749757261730711,0.16431678369483194,0.14726283160246503,0.014460531074917536,-0.5456736142583526,-0.39981734843952843,-0.2838520011338043,1.3527171752283724,0.029181924817548967,-0.1477724866679722,-0.4690826842180957,0.18644075203209431,-0.13224325406849535,-0.16788218480578215,-0.08783271735012134,-0.0359371351570423,-0.0629144670670752,-0.2472093776509306,0.004837343698304589,-0.2321963947971215,-0.17919363344453104,-0.057197429437120466,0.2301778684853332,0.4833523557919071,0.044639222560524223,-0.08766039709381908,-0.006234598915893111,-0.3431137871347667,0.2019131113313761,0.2796875096116322,0.13993516017152627,-0.05156563782076995,0.13601229819932492,0.1903001820979752,-0.024025813633060777,-0.17554383237771337,-0.13071439576926028,0.05108352093559954,-0.05762180063581399,-0.16244357854254243,0.10530394704273571,0.12173139310585987,0.0007302012549655082,0.2502933446304657,-0.2468958335718057,-0.10933338839959805,0.18251901337928272,-0.5956553247075766,-0.35312815527545616,0.027247886224746266,-0.1626247068118032,0.04758877434090686,0.1186559687602852,-0.38064516129032266,5.656471378764447
9,-14.7102341774931,-13.8380986815903,-6.58698642762003,6.19144858051559,3.32750023507068,-1.7806582343501,-2.07703627428913,-7.36753246394763,1.54256340813092,41.5712753882915,14.30673602051,7.57576432158685,8.51109891378306,-4.52152517662112,-4.51760909160627,-3.44108949792261,-3.42549245719479,-3.06537339753655,-6.60779170496064,-2.18246910648006,1.16636159254026,-0.41635879224227,-2.41688689716041,-12.2059746068696,4.46592027003696,2.7657831761618,17.4138133026877,7.61128663169368,0.24915531302775,1.89698262186883,-2.6341499610879,6.01657507767218,6.57427514629643,-2.49665392844047,1.7478096755197,8.52309704297042,-0.665214078450974,-3.03458689596061,1.94007953670212,-2.51736360455905,5.77023708886538,0.180010838162543,1.3252101258373,-1.37970446697769,-6.7452001899093,6.88153373376257,0.179942263608319,2.26539498696367,4.78129085515776,-1.16627658503041,4.26666059566977,-0.219581886898258,-6.34932545655809,0.276089257440843,0.2577770967934553,0.145706478459677,0.04680332047690506,-0.24729716183849373,-0.3131921553439649,-0.0521670939762963,-0.08766678939547162,-0.049959061542872704,0.030285192823745134,0.8039049798173855,-0.03121504267054924,-0.1838408795952239,-0.03824905345122346,0.01839920137039335,0.12490825973073641,0.17957685788839967,-0.03518837977231683,-0.30216527082161226,0.09531713151368104,0.46353149742730615,0.018694617007452875,0.39339903199017556,0.1362625730249566,0.19320212250379287,-0.24316684597897562,-0.009526053226515849,-0.10887583336707196,-0.1684433570075625,0.1575512113010383,0.07720380228380372,0.09146862555974736,0.012314417462131695,0.09671912104023285,-0.006354206359029481,-0.04572704662384568,-0.4461759880925441,0.04765126918465637,0.025080693304749196,-0.013375116718759376,0.15860675468113003,-0.00023205252567162733,-0.00035882170612971427,0.048866974851573014,0.08832840936619918,0.47941683230775217,-0.10434085116690495,0.3520812005935991,-0.29338725454293146,-0.06356326404803177,-0.11866048653561823,0.022048929764661558,-0.03215091816187664,0.08040871021232997,0.03222572520279323,2.5752688172043015,6.446803501603839
10,-11.7966385255967,-16.8842825371302,-9.59210908423539,0.945091725006321,2.1004793566065,-4.03147891768026,-0.982281199455093,-4.97312443847665,3.13393334026186,14.30673602051,35.648785692951,10.7655488801138,-1.67166812454026,-1.00505953991757,-3.05027776952889,1.55798206262678,0.479072894360998,-0.673702559048918,-2.11627020259416,1.61811158208154,-1.87455736451327,-7.01568585407008,-1.51091775098973,-0.0914510711121475,1.16939153489045,4.59475966965096,12.4646836380349,3.45055701806849,-1.61748744878433,1.89677722421814,-3.33121606528895,0.921141829702173,-3.32103608222435,-1.35755977557276,11.7024296672347,1.62498471020719,-0.301704551839259,2.85680314519863,-1.3398162449084,-1.52688503819175,-2.57120728382118,5.76761541239968,8.7575080132,3.96292338631779,-0.83177302375218,-0.835578245928779,1.73340624869604,-12.3043921552812,11.2928732536071,-7.15630708635734,2.07092476829196,-6.03192587256929,6.14100847819196,0.321194626404511,-0.014274961500828189,0.44859568426980606,-0.03935452895328785,-0.19568328978047164,0.03393252692317154,-0.20812150211064445,-0.024067507039545567,0.3599435830335664,-0.15144260781597405,-0.030469382443854748,1.3037794007816117,-0.6407125640715777,0.06247228091717459,0.15099632124235268,0.298880097624311,-0.18037030562541692,-0.042246107069121935,0.13438238037018535,0.3739030582317062,0.023203950638439944,0.17868212639122438,0.12571731456929913,0.28768139762778755,-0.18778404550165695,0.02868054333070153,-0.28602838612881576,-0.21099419833934,0.1260810282454563,0.13472645408081912,0.12374573236479483,0.0410510032244542,0.13378249069057613,0.1220371932821806,-0.08724911169619082,-0.30220508030331367,0.2866866062716402,-0.07086909843079733,-0.13657792337900068,0.012817138478935907,0.13518251846163465,0.4637743906465248,-0.10536766722739303,0.020992825827846305,0.08325066390400311,0.09273978736425845,0.018003995321170856,-0.4194737831694007,0.2577064495099828,-0.460376533511989,0.2556013762007268,-0.1700219757989793,0.2897759723526722,0.00991460378667234,0.005981954814139595,-0.28145161290322585,5.969822919731457
11,3.32700903409435,10.3394465451311,13.4144187082548,10.6426863702083,0.769399157153656,-4.03146198634772,1.84204920699619,0.972216140069198,11.6204577210793,7.57576432158685,10.7655488801138,20.1319020310633,7.16169351262933,5.62769273445129,4.11639730539751,4.6742590038378,0.877628630704889,-2.57864840019561,1.51187763505203,3.62347394023218,2.48627394319512,2.80831631075842,1.75403718050995,-9.27141561425397,2.05247602080897,2.00164601216856,13.4866585698096,4.27529092525513,3.90847836766166,0.288207252527768,3.39388889296048,3.47408457341181,-2.59621219277927,2.926466954623,10.7510879467023,5.61688783271917,1.28155248262972,3.79827231739092,1.29634637747021,-1.04495385427379,4.58465119150603,10.8175869184862,-3.15108538020773,6.65845702370578,1.33685969318245,-2.4298093429613,1.11913776217213,5.3518042012797,8.01212541782724,2.37778587540989,1.89405233341295,-1.98421434832336,4.09502206679785,-6.95660786386862,0.15696350875262918,-0.3934661344986403,-0.10892404727332605,-0.42147888190821825,-0.05964899554462526,0.4107747716368615,-0.03247051876424458,0.11296958978682359,-0.46923313485172197,-0.1747217246450722,-0.6499348377290217,2.1660352170692634,-0.10716268086834668,-0.3482579878747535,0.11625450060529556,-0.019281121899054215,0.0340485978733912,0.09327039814198856,-0.12808000234814362,-0.4056061270896358,-0.009559117257241108,-0.495276984430113,0.012577973632374364,0.28927013428428866,-0.2530788989389711,0.5262898576493078,0.0020765664146675557,0.04257730048582243,0.03657904597658547,-0.041078218187873265,-0.05129160927120804,0.16097760360564264,0.2298057751910619,-0.05643846587234408,-0.3144224690886062,-0.3582214763845468,-0.15376843305209842,-0.06663679391402737,-0.037014099586291864,0.10736055086626167,0.07521334216135195,0.16054407740838286,0.0659606387837702,-0.4836270259085704,-0.20703568329031455,-0.10500619016735357,-0.0010648643731698442,0.0442182437860527,0.2550941701051688,-0.018862749148881204,0.18875259172017456,0.3110704127202771,0.02844747019993661,0.3627278113574351,1.7462365591397853,4.4857443118242175
12,14.2362161799995,7.86568985256078,0.961480975310988,23.6070467522722,0.386126123099868,1.50976344411846,10.1298307947963,-4.68293880739212,1.09852165048452,8.51109891378306,-1.67166812454026,7.16169351262933,87.6221984317662,10.2652885042934,16.0512142523594,11.1649626271636,10.8808675721958,10.4603204104555,-8.04104251375562,5.65576366212122,5.55947392531759,8.02890952546589,12.1748222312305,-2.9958512437229,1.75178161119564,1.31472338276792,55.7796667850904,10.4589922703395,19.1321116012603,6.31421302376941,-4.84875711132802,20.7460648499628,6.45542684098969,6.98802281051306,18.585521497156,12.1336586673898,-1.42056810489266,-1.53637333480583,2.87678258554086,-1.6898535310816,13.3987395703845,35.2669012814226,3.51705500091916,7.61575793363591,12.9849097565773,-0.224381749537442,8.7994709037587,16.3208636439754,11.6918431974401,8.89880247409643,26.1984442286711,18.3755667207436,3.60654621106436,6.79502704664677,-0.0966064133008887,0.22328042520301883,0.16297928555091626,-0.430354338284831,-0.17232366285663278,-0.11086847356036826,-0.290185382518871,-0.0833864322736536,0.18880241541209586,-0.0406461844290434,0.06405343814128331,-0.10621038309943676,0.7935285211878531,-0.12093562076437404,-0.15602323237382826,-0.12463050140947791,-0.12446626488114894,-0.1275812606684735,0.24296515579712,0.15690050196594912,-0.14077950371022002,-0.30714480492403345,0.1020792369513413,-0.01388487127005579,0.05714926639566305,0.30059219601942455,0.03382671246001062,-0.027166896772024714,0.005566659058544503,-0.10930815526154494,0.10176735578941438,-0.19133658689687688,0.011003183534988359,0.18119412600069518,0.1785050348658805,-0.06304670171814106,-0.04208322372362345,0.27918803732691844,0.12445067678227512,0.02988618927618106,0.0011337011833234601,-0.5716037318298911,-0.047262055819611445,-0.12079732827985959,-0.1856086008454812,0.058154389685280666,-0.1715891813142105,0.09096164733830359,0.06989718625428086,-0.030923163044713757,-0.336268364647439,-0.4366503821765262,0.06806376616087163,0.18919720448044122,9.897748219522414,9.360138804086517
13,3.42762450799864,5.40903312792216,4.72263664128242,7.00605107492123,-1.13344607809454,2.12715212073262,-3.9585308696186,1.72415976297105,4.18645483608522,-4.52152517662112,-1.00505953991757,5.62769273445129,10.2652885042934,13.7523090099821,12.7065785085512,9.16633372467588,6.59286697785483,4.17273797305761,0.472339216632656,1.30939695176619,-0.23956390753053,-0.813063010057376,2.31773131836139,-2.02111911907932,1.091117324753,-1.88338977775122,6.46761148882433,2.50604218459029,2.33295832829358,0.478218860085616,3.58608231182275,2.84503228754678,-3.52643451009753,3.71286137665744,6.30574325759453,0.727138258227513,0.694513203403132,4.17213589350711,4.20714503105905,5.23056174579999,3.57133782352217,8.24651175894136,4.34095628001001,6.43387367868457,0.618093260431982,1.33764676555536,-0.233899642971382,-1.73099534658377,3.91646937820994,-0.554252340561427,0.718782737734025,1.21420849453369,8.92733329831377,3.43767338321675,0.028780495260889286,-0.28704442465818847,-0.09928480282319549,-0.331095617572436,0.06025142064188299,-0.13494350263795096,0.3131157830666034,-0.046762814529735464,-0.1284018435050473,0.01922991050184687,0.15464515712162355,-0.3470199270972597,-0.12113384339867166,2.6829515629865384,-1.0847401343308387,-0.12078104426557412,-0.08040144746545132,-0.08033806975819432,-0.06454406465693341,0.2382173261754386,0.26291046695599474,0.32151392243446186,0.22176611745451585,0.14708642570709884,0.2074873554806957,0.44360616686696613,-0.11519613670448438,-0.2021735290744161,-0.16481469335014326,-0.38817111215956007,-0.24356553527340888,-0.0850704994191217,0.07259271668097154,-0.21192746393135933,0.15430280684379843,0.1132425605769731,0.2149784956834563,-0.21467533245295495,-0.08680014858491622,-0.017837661901862412,0.46651776142650797,0.04998937717793402,0.12901165988085786,-0.15261684362903413,-0.03825944497400361,-0.3048504951748072,0.06304796780938075,0.4123891520683083,0.05497401457579809,0.034231399307241776,0.1708289640951901,0.032839355256132366,-0.45650051619825943,-0.3381345060353972,8.61901794442117,3.7070620456072856
14,-2.5696982382135,-1.24654755659587,-0.58011020652257,2.95399992580691,-0.370464654745936,-4.35522400599608,-2.25847639246866,-4.55139248980395,1.65066571220907,-4.51760909160627,-3.05027776952889,4.11639730539751,16.0512142523594,12.7065785085512,21.9515514617031,18.8732511194888,11.9502520051703,5.0779745513298,-1.62979841818649,3.41436475672186,0.180668478465923,0.418613736297815,6.86315971410002,-0.890832654349561,5.84725429041463,1.07377072193128,22.2248928573612,5.09321154042233,11.3916805385712,4.96660664013519,6.68884671268704,8.89525233118762,3.49353181715765,5.77293553816916,9.31083687108831,2.4880604241166,0.40950281895506,4.78507756359968,5.51600653663185,3.80103952525272,7.52362000912786,10.1481923021487,2.43924391255494,2.32927608259229,4.14144241879567,3.40534782080728,2.96282222194875,6.63262151859112,4.32887711744596,2.52913247766874,0.577313535672984,0.665349396666491,3.85863722246269,-5.3515019491384,0.11824624929926895,0.13967691922154632,-0.07377855141557034,-0.010795861535656,0.21706712123247884,0.11165763993400259,0.21552439873483634,-0.05080316811530716,-0.1735337028016252,0.13109853767323446,0.3076771805218394,0.11363376388876893,-0.155505639880501,-1.0960250580657835,2.9327630936487052,-1.2326422812161872,-0.5933186721214846,-0.18676670304854598,0.19225689118865832,0.1356825829699228,0.16336883807289956,0.16507538788251838,0.05135915618794772,0.0609975782722211,0.12780288328120384,-0.0898569127264845,-0.15510327282059405,-0.08489444582963525,-0.0650726756254575,-0.008722165015140832,-0.03701947076693468,-0.20730716025878745,0.005976902065363005,-0.24725141567751055,-0.1512834117397865,0.1621238016529428,0.11266215718766569,-0.11841715125838603,-0.11823689604343567,-0.07027511999618824,-0.1993661228147077,0.22040891635872906,-0.021295832370036676,0.07766627017370623,-0.01862869484077437,-0.08479934640175836,-0.004160851847900429,-0.008055532436807835,0.0025537365743427314,-0.17785646440995,0.21608577377095273,-0.02199921769376333,-0.00921529800046582,0.3257177058077082,7.509015267886236,4.684180980886958
15,-3.57954600378687,-3.9323581866975,0.344747443520747,2.10970717622716,-0.0492278024711534,-5.52238350176205,3.5384416751233,-6.13450275559213,0.437580280205939,-3.44108949792261,1.55798206262678,4.6742590038378,11.1649626271636,9.16633372467588,18.8732511194888,22.3311106461368,14.6727874816394,7.03280779911327,-0.270568834564654,2.89088613286649,0.804816240631536,-0.897232478497626,4.01674395642108,0.203354031829639,5.17431947825112,0.682680467268148,3.93434443098034,1.76454260954535,4.80835578890229,2.88059585551184,5.64483459537949,3.03512393679076,2.90934930071995,1.17247948360172,6.70552321607559,0.429693484654311,0.372041201886247,3.98006375646428,2.57409282640873,1.48642404756486,3.6146042327828,4.64912286264782,0.420693087145852,2.15378957936971,0.995330717684703,-1.87655316692139,-1.33732465432857,0.514450852200445,3.32627464648024,-2.52179135694958,-3.12920831556131,-2.53484439409251,-0.0097846930800253,-4.28571914219224,-0.05776083693526999,0.29398992280691066,-0.09181966367392493,0.19905743850888077,-0.0646860891352664,0.12257281236624223,-0.3628640397014301,0.3377882119045274,-0.09380215504579761,0.17418079941163261,-0.17149800882214714,-0.016631266440727318,-0.13469659276994592,-0.12122161058788408,-1.2323769098844837,2.7749287017998077,-1.5268136614282515,0.25784904446673756,0.4527931474150989,-0.051007653053638156,0.024242095028143958,0.027052580575824707,-0.1310777635692541,0.1828956962956024,-0.3403821946518311,-0.09032877465962323,0.2771241630809938,0.11009454615557228,0.008187603393343025,0.26225765573286935,0.0120276962514515,0.12603035581881025,-0.20389724566441886,0.26729264582680146,-0.23116415806433024,0.035434354564793415,0.09351424555181057,-0.09512425656229677,-0.168876210286919,-0.08735937382697317,-0.1348141175859679,-0.08941754760600111,0.08469030255128814,-0.14496301809173245,0.003648775478383075,0.10480285457780893,0.1730362017849886,-0.3236032234383109,-0.1671381310253579,-0.045197124416915355,0.3416935741799058,0.25384196089059086,0.01614376901483476,0.023342260589186422,5.842829795652374,4.724522266445238
17,-0.710434480347844,-1.80372609892136,-0.878030923388488,4.53287157534542,-3.64819422283446,-1.82140907642373,4.51266160082667,-3.26919455016107,-0.642233747021695,-3.42549245719479,0.479072894360998,0.877628630704889,10.8808675721958,6.59286697785483,11.9502520051703,14.6727874816394,13.3995862095799,11.9497094370239,2.70334386636445,1.89399116667482,1.05883481207313,-3.11035045889615,-0.113420605084734,1.92429893542369,0.663746610403622,-0.622118566468569,-9.33188205172501,-1.95351549867827,-1.81878785734546,0.554938034433275,0.373386120285493,-0.788019362177062,-0.365724935966819,-1.42507493493312,2.75765504056762,-0.874866335191694,0.698011014248243,2.18813268498716,-0.775198088252034,0.337603115980693,0.554449612689689,-0.106811670827338,2.88975547300123,-0.0129981494843707,-1.10239084186473,-5.16902611481634,-3.27957113454638,-7.16419518804198,0.780165164229382,-7.52241544609818,-1.48972752150283,0.227642639401002,-0.908915267599972,-0.196381809478961,-0.08936750968830154,0.05290715321254729,-0.02191454417172255,0.13728318974477854,0.005040388649749235,-0.0302960293767006,-0.07059381650118263,0.21270216926502616,-0.037998666078898714,-0.03331690549009838,-0.039352769108186456,0.03440780783970128,-0.10846055483422015,-0.08246117656927116,-0.6016174402515567,-1.5310006737616688,4.316825473549785,-1.6261497285497322,-0.04499899294265056,-0.13368402400214124,-0.11902556170831252,0.037291493340714695,-0.05406972701762624,-0.06527983152259964,-0.11009411283274412,-0.13928786427287665,0.1422132239730006,0.12643465807514073,0.05554589004360247,0.04003495435242842,0.08238858026759516,0.07288897557995319,-0.08018568621218983,0.007544635869065576,-0.21952210559862215,-0.02504532686540133,-0.11561321971791974,-0.3114224511383655,-0.0004645694235053224,0.012662358442238458,0.02412586489807523,0.013341327548872486,0.0007997283584930839,0.06636539146199352,0.004882634800717989,0.038600885619527556,0.0768845587198808,-0.029032077881050156,0.014624669617504766,0.18180836387605923,-0.02015739403432202,-0.10392879697331732,0.10204590082773328,-0.048912470485777744,3.200121025927476,3.659178351704089
18,2.00103935622295,0.450936767943898,-1.70682312158668,7.28669461810856,-6.69660773883756,1.91882054285228,5.5897479427086,-0.0449179459363761,-1.2831429565519,-3.06537339753655,-0.673702559048918,-2.57864840019561,10.4603204104555,4.17273797305761,5.0779745513298,7.03280779911327,11.9497094370239,16.7646117915076,5.65558959236043,0.927400890627375,1.49968447672709,-5.06542338201101,-4.07629695045979,3.65029178644434,-4.06641412905338,-1.80475534727695,-22.8198813538696,-5.15459516340333,-7.97005572508966,-1.90257649843259,-4.13653238510633,-4.25874244546538,-3.07605814704558,-4.27223404428899,-1.09592883836257,-1.84252870131591,0.937156399441027,0.154941092755999,-3.80193812627328,-1.2049465026519,-2.41889177076718,-5.10691436183561,5.27684921431728,-2.28711559277882,-3.49058027790318,-8.60832632792838,-5.43082187733186,-15.3692705539646,-1.5756270906779,-12.7402371921516,-0.14849239212912,2.58152602370833,-1.85379173020977,3.51100544298679,-0.08401578655735571,-0.07580258630283222,0.07592106843829456,-0.017125499386077436,0.0555688975206014,-0.2705986219201862,0.13945711627535276,-0.022709794232693873,-0.06374062295823052,-0.2889512714179833,0.14397229362883215,0.12263616507005555,-0.12019881892883907,-0.07730447749053833,-0.1925798559182715,0.2522779647253249,-1.632509324402317,2.739523095426839,-0.6169626604929268,-0.45764908872619736,-0.1349776768784924,0.12027257865255092,-0.05884585514352571,-0.42295366791853956,0.1579861716263188,-0.053805371716607486,0.09644187373133808,0.04405725478604025,0.0586375442827596,-0.023991401671438185,0.05541028408833305,-0.003123385619728441,-0.006023113171744807,-0.2357090281757275,-0.2727214564743343,-0.22554788924823377,-0.20929912136305384,-0.38649193722495034,0.11123697652437525,0.025812913093865957,0.19847960448679638,0.10568526207273435,-0.06719266837027499,0.40620976621372595,0.006951837843295809,0.03550857420961094,0.020040477601128866,0.2536077539486166,0.23132846129126414,0.4808982682609064,-0.36044799277544054,-0.42778784525640917,0.23623594789999466,-0.07156812012110218,0.6407455895359118,4.093239767165811
