,Cov_0,Cov_1,Cov_2,Cov_3,Cov_4,Cov_5,Cov_6,Cov_7,Cov_8,Cov_9,Cov_10,Cov_11,Cov_12,Cov_13,Cov_14,Cov_15,Cov_39,Cov_40,Cov_41,Cov_42,Cov_43,Cov_44,Cov_45,Cov_46,Cov_47,Cov_48,Cov_49,Cov_50,Cov_51,Cov_52,Cov_53,Cov_54,Cov_55,Cov_56,Cov_57,Cov_58,Cov_59,Cov_60,Cov_61,Cov_62,Cov_63,Cov_64,Cov_65,Cov_66,Cov_67,Cov_68,Cov_69,Cov_70,Cov_71,C_0,C_1,C_2,C_3,C_4,C_5,C_6,C_7,C_8,C_9,C_10,C_11,C_12,C_13,C_14,C_15,C_39,C_40,C_41,C_42,C_43,C_44,C_45,C_46,C_47,C_48,C_49,C_50,C_51,C_52,C_53,C_54,C_55,C_56,C_57,C_58,C_59,C_60,C_61,C_62,C_63,C_64,C_65,C_66,C_67,C_68,C_69,C_70,C_71,Mean,Std
0,13.9640621266428,5.6778579578965,1.97099583531267,1.07305437486081,7.11928637219672,1.09648000703709,3.09198555483075,9.40713878958597,9.34011280236895,3.33404097974661,6.10018580414168,9.21794107392683,6.65618293094882,6.84736774182858,3.91218888812279,0.720967359604844,-1.34554327074732,-1.34142906988428,3.65958227282231,1.7458838110068,-0.589065698128989,1.88492326176123,2.41264105417951,1.95463606883392,-0.369653586332682,-0.0927758696178386,0.611645631489912,1.20212403373472,1.30267703388247,-2.45514773782877,-1.64441023157376,0.795294965565503,5.83119633828688,4.31995909097861,10.3333004311679,5.48012211669215,1.71861034019778,4.44151993201257,14.5303974339265,1.49482287283127,0.714618388719667,-2.00126521084163,-3.52507860864239,-0.76077826426975,-1.04162072599831,0.277359534731581,-0.797981784641375,-1.6794850173727,1.23139028480766,1.9088491146513942,0.19142246231429663,-0.05896180898216417,-0.11898105837478105,-0.506223446432984,0.19153960979427742,0.15223612380434878,-0.2621133209859823,-0.13298058014136224,0.10941065754901827,0.0012944242694923305,-0.06667219908107162,0.08723376385663262,-0.03495903958299166,-0.2954841309938057,0.19513130349290725,0.10028029543957362,0.29088384080085705,-0.38117733544511295,-0.4501715859867716,0.4366185776251567,0.004180585978627663,-0.020994921174659044,-0.23968016257360925,0.14761459304873403,0.33334788755996625,0.08517622369497982,-0.07613046915082393,0.25583214395475395,0.22186209818371547,0.24230304600893188,0.22500410841773466,-0.38302766118356446,0.18646237560505535,-0.5591693701346232,0.22443749347820624,-0.07840151811528358,-0.15080757232895878,-0.4387447449241445,-0.13177713615590553,-0.3225216781773073,0.05472323945445023,-0.09103897872055348,-0.041293870913695865,0.09045823099407337,-0.21574625757475158,-0.04113305392712773,0.08438205560956712,-0.08400031676194598,0.11827956989247304,3.735513636254427
1,5.6778579578965,22.7377479091995,6.23361107561971,2.54585526814142,8.72336097935643,6.92326652865735,11.6793128772937,7.08194646252002,1.23601198007645,1.46901287229379,5.9562175369133,5.67483283722639,7.85163248468031,4.27077129192232,5.19768168346479,2.88138606433473,1.36140633110093,3.98988746691676,4.68801641319312,0.829371010169391,-0.742229293889794,-0.78510253329861,1.57218507900926,4.07134486416697,2.58128992216022,-1.16430230769624,0.337747039319645,1.88242721727105,1.40334748496921,-2.27566885434441,-2.29366318520967,0.369363069348745,4.14831030116703,-1.43552386736038,5.44594795981338,1.9272439006807,-2.15665884677957,5.29360878649586,7.04328532509031,-2.43994556781115,1.16898609580955,3.60053570426765,-0.537654843617925,0.105682623307359,-1.0662669990423,-2.48148619019273,-1.65461773704918,3.61791812932001,1.86733836210182,0.19211448325735214,0.773778440832716,-0.08143739595562074,-0.07314925114629915,0.008689842092543667,-0.23862373914470944,-0.01975091592837176,-0.1511855468141123,0.18017133386678003,0.06642782805394701,-0.41927472483745515,0.43661833378714615,-0.33726669599656084,0.005939146967243421,-0.04832707594845422,0.04707362480594947,-0.2591194133490847,-0.04412800674742707,-0.41336853896641607,0.14585776080768403,0.13397731386846015,-0.021866423266945767,-0.12656673102543378,-0.11474103625761359,0.06011487140178039,0.28135090085124226,0.11105264407079703,-0.0383936782527643,0.000559789216573442,0.09548028424819006,0.2977762616628106,-0.16100411532451325,0.00933301184672179,0.12963527588371349,0.024428591682985997,-0.0901660720392274,0.05232518055946994,-0.1773568011616195,-0.19731001510714635,-0.0405776806440097,-0.01391563256078086,-0.06058182236065412,0.07186892634342736,0.04241052426714957,0.05248106386569094,0.16737156871299028,0.2029310559527666,-0.16581153197134627,-0.13140031412333836,2.255376344086021,4.767362783468395
2,1.97099583531267,6.23361107561971,13.2519952210275,5.3643454618682,7.55875418723743,5.66739532789328,7.97887617484219,4.84652657476256,-0.755595292028115,0.680101646383063,2.53972636180963,4.41919726727387,-0.173783518742831,-1.34769422585219,-1.65997066144036,-1.70665374480774,-0.428604750230714,1.90487621114004,0.683018042026278,-0.728900050074035,-1.19361322237324,-0.997368599226855,1.57906067116079,0.98283591201343,0.0051456094718627,-1.80111544756408,0.736274262507212,3.40284437763018,3.28727447527599,-0.929627345266696,-1.21067757897481,-5.06131614970784,-7.00448810865105,-3.24335941557997,3.45627175169717,-0.577657431090376,-3.98450108839936,-1.8615580652122,-1.80517338259362,-0.163383330369963,1.63094813523508,-0.130226705994812,-0.255400696986098,-0.592177824842018,-2.16342680250876,-2.65053643770535,-2.32041708621037,-1.9044978651007,0.8662816657711,-0.05659739790869132,-0.08200614259343929,1.0761568246867763,-0.26964985425486576,-0.21902076869144405,-0.04090217213261994,0.028195419793535785,-0.1660372545952519,0.08257418959918947,0.23020893662815306,0.1625641301683743,-0.25433088050058594,0.018206269382377276,0.022421534133002262,0.0733036632434183,0.06957448113456788,-0.005672395128747175,-0.18155250740373363,-0.18266761082464628,-0.03770648120460745,0.014317082562690845,-0.05784905184189629,-0.0476414185467859,-0.031803802401077975,-0.05667307529880914,0.05728435208967083,-0.03641635309114308,-0.23118797567775023,-0.06913320347272436,-0.08870683917042824,0.18245395198613956,0.07143985576319936,0.30288798560201646,-0.15505863176915924,0.1337563038069116,0.028891089066828534,0.26515144822867837,0.13933635840827188,0.050604613678068774,0.26412603510113847,-0.38222671219842236,0.16523130677596887,0.3245266626407567,-0.246522728917014,-0.04045473826886617,0.3341439795369331,-0.15229169918086508,0.1361439045893893,-0.12464522049398333,3.064516129032258,3.6389552375685357
3,1.07305437486081,2.54585526814142,5.3643454618682,13.9564145260852,10.9084602136413,3.99947635675938,-0.201242695233573,-1.45254592498712,-2.48536928795072,-0.817973757581169,0.236599797424474,0.648139160617868,-1.04116711988649,-2.54772596882845,-4.21517513613368,-2.25413500208839,-0.678591339996508,2.53039496275175,-0.009506140493995,1.04112913281084,4.11423837408394,-0.481858092656084,0.16983243534786,-1.71688468446672,-1.88199533037702,-1.51694357193137,-1.75853695241219,-1.88289894884941,-2.50782988714033,1.33063926078659,4.06719687408741,1.62153512510759,-3.53528700446194,-2.73752390812196,3.35273669102522,2.3509940425351,2.90597116088595,1.59027976462446,-2.97556605792654,2.9035761079682,0.748601698227323,0.566950028831731,2.86009483949872,2.27322688078403,-1.82530325808252,-4.08527903370666,-5.18476517364719,-0.905733150438398,-1.43069249750106,-0.11586512650337041,-0.0709809656014223,-0.2686164023034178,1.880837726023047,-0.7993005982615704,-0.07564085791725095,-0.010644535339341555,0.0746065026758419,0.11800439147494109,-0.038888585996984346,-0.3754401486197817,0.000498893315757603,0.2610852112686413,0.14750399949442378,0.07644812882898937,0.24328207228763263,0.11110606623185557,-0.08073396522203244,0.29628021340692073,0.05448459310322762,-0.49541186458850456,0.24703920983928052,0.19609497599397813,-0.11482060039584116,0.19837899827291475,0.06254964540137364,0.1631979294884478,0.23676057712927537,0.09227744388969555,-0.17194830369564182,-0.3992568706599332,-0.4817793626700303,0.13905564726070743,-0.05769401938741848,-0.3223022287485549,0.031956534660825306,-0.3373933242584452,-0.09783686203655971,0.3348390002089781,-0.031778866734488306,-0.17676414015381647,-0.1574689922750552,-0.038548088138221415,-0.013071698778134792,0.17409083970905098,-0.35926111705826924,0.3632460107009767,0.14329936267940394,-0.045273861348280056,3.5515232974910393,3.734489861558768
4,7.11928637219672,8.72336097935643,7.55875418723743,10.9084602136413,17.0137933094385,6.80051607187659,4.76490337583913,3.97234174618248,3.25907522486294,-0.127253894524651,3.26926751545053,5.9388498449768,5.28964021111656,2.13709843882444,0.862495134568067,0.611413825288331,-0.210480745220751,1.65599744589726,-0.0232351958833069,0.766782217541132,0.597700546302726,-2.01066338782965,-0.492353933987614,-0.18984352876373,-0.978560638646769,-1.70508705871985,-2.10127128719539,-2.43556568649644,-5.20971776139766,-0.732442401528362,1.02684603681119,0.126527629770307,-2.70797072419086,0.244102770620947,5.05703539058024,1.82248577322283,0.104169804787362,2.12576840557933,7.60603754062726,1.61346157676426,-2.81196659297761,-2.92848716548672,-2.24725674932112,-2.11464462099988,-4.3624510497233,-5.40951565719057,-5.80176587282985,-1.55144021410157,-3.17799476416868,-0.5052063184653894,0.011000304976412115,-0.22001589140881952,-0.7983880357655155,2.084139476224813,-0.4993331664374422,-0.19634965934814916,0.16623002936800768,-0.06293110194777368,0.2602563510501919,0.1587727645013721,-0.28880998627286353,-0.2694630403621554,0.30778820325079226,0.03111776069398334,-0.09190635372127418,0.0833286976302765,-0.3981015661351404,0.07826626462345569,-0.015413377886067045,0.26649716100873416,0.034371429124500204,-0.1007211168792169,-0.010273954544338009,0.3050734492767358,0.006703393544372442,0.011917403965844479,0.03994091660033477,0.04635712548697157,0.1296627788194011,-0.3955684810386935,0.13193958764573976,0.05553720673412005,0.020619255697283345,0.024781664372486446,0.04816109019035558,-0.14022026998485482,-0.1777382785439754,-0.40570339346219214,0.038304096244185085,0.2790223024647055,-0.0011148808643374312,0.0062643780247337855,0.10602971905878338,0.4771799025243982,0.5698768407987909,0.24194924748089708,-0.1933803154036499,0.19420939008605073,2.5519713261648747,4.123565606297355
5,1.09648000703709,6.92326652865735,5.66739532789328,3.99947635675938,6.80051607187659,12.4049186081243,4.34948994427271,-0.551741162655054,-3.0524533561949,-1.86525894181952,-1.51495595113716,-2.68322151801302,0.841226378313807,-0.558213680216041,-1.59337982786114,-0.288359757191947,1.08339940842331,3.89759949938466,-0.140324124782399,4.33578156946985,0.978821987989453,-3.13697922803968,-0.0740216128594578,1.6379675776236,2.65705422896009,0.58965107143002,0.471100736890207,0.336157003145491,-0.237220582641274,0.332353572996226,-1.13664968786466,-1.16467381710377,-3.03434205460979,-0.418664958828586,5.04800807621368,0.992121855286338,-1.70198848747967,0.528952550918553,3.23770543111876,-0.0703858266780817,1.07354851395976,3.19482242985543,3.0991568485745,5.05758172315523,1.69263771831118,-0.817470138549208,2.79906407705881,3.68200250744781,-4.01181401745151,0.1885581877096168,-0.24107089785590377,-0.0427279008243118,-0.0748581433597047,-0.4988025710607095,1.775568175708876,-0.24039752950112736,0.008671530806148442,-0.22182710011557996,0.24802812970741658,0.1637754024541461,0.4328270630882187,-0.251350219038874,-0.2934881928234618,0.06283694767075032,0.15417636692672054,-0.19538841122005704,-0.1161657888659459,0.4288804224793525,-0.5017075607546281,-0.10732060633117595,0.23023783244853308,-0.01614093111904293,-0.026665054540068275,-0.13016332890797846,-0.11046042118108311,-0.058668964229222756,-0.04409337289952554,-0.23534091207172686,0.04999026863081642,0.18071700320882347,0.06273172858299247,0.10502741402650191,-0.1496768699106694,-0.5389660580826354,0.06721392090899948,0.29361172863427304,0.3010609054251258,0.05518920887579459,0.12314216355511452,0.008555216459656307,-0.11331176361121775,-0.391712161293687,-0.14791189409616382,0.135281903920091,0.0638369945219548,-0.23208436223506568,0.05798840586515192,0.4249773139022192,1.0766129032258065,3.5206417892373336
6,3.09198555483075,11.6793128772937,7.97887617484219,-0.201242695233573,4.76490337583913,4.34948994427271,81.9400627240143,39.5755389880965,1.00394213765943,12.3843512537943,26.7096790493814,39.5928210598478,9.54762859437555,12.1204977530577,13.1891329282916,8.46881185310393,1.49029723614457,5.54949606392352,-1.44414799990233,5.34905296843551,0.735064006510179,-6.79908973497573,3.12955424682795,15.8113379500238,26.6787872222692,2.37723640975128,1.26863278921492,0.228087511997389,-3.29956788266467,-5.11266650637906,3.41736598938724,0.103429455710005,-7.58755667417691,-10.7258969322988,-0.734591278969986,-3.87452832713933,-6.1601127374658,10.4560303247221,11.2052915067503,-6.26482430622336,-3.59713728766663,5.98944227213304,2.78405324950094,6.76230065529505,8.67079324504737,9.21945873246681,10.9250231387516,14.7559684606068,13.8775086964105,0.1508024997981085,-0.019077951852483222,0.02780908266438558,-0.010688626826133862,-0.19484446012726458,-0.2395363387556903,0.9189510697938051,-0.7974577552511319,0.48676199825622024,-0.2831146082017351,-0.17878180454824233,-0.25600163873113596,0.07872199474522153,0.23476825937046444,0.002709529814086037,-0.19761722888746877,-0.19423472471493067,0.11818560754923008,-0.15085657306479003,-0.04889883684874807,0.00949421919944486,-0.2089854359962154,0.1557399726073211,-0.05463317740764389,-0.4548827424642239,-0.04091706633635771,-0.011220278331391116,0.01029262617876046,0.13317088907216648,0.24335633748622487,-0.23502635878763847,0.16889019022163546,0.05098436533646892,-0.15650734823780893,0.09768464163316015,0.12419541455474707,-0.005464069062022935,-0.016721339498844048,0.033841894216996946,0.27432608155501104,0.1046136079220752,-0.029975914764123708,-0.010881618734774678,0.007664168331367565,-0.1392194615486688,-0.14210905746379193,-0.01833373053290573,-0.03756822931743217,-0.08135113385722854,3.189068100358423,9.051522674335756
7,9.40713878958597,7.08194646252002,4.84652657476256,-1.45254592498712,3.97234174618248,-0.551741162655054,39.5755389880965,33.8160035842294,16.4769641398248,12.9862443750892,20.2203562627806,27.0082155330686,9.15238109483785,11.6763360101426,8.253575911872,3.97881895705806,-1.37419169234469,-0.181082247152986,0.622945329347551,1.8089512036723,-0.265686387792177,-4.7198012156371,5.6121407769864,5.43119598498463,8.90855558502403,-1.55156579993755,-0.0234144884747659,1.57273824929176,-0.179975379902659,-3.95756539577498,0.947001539325864,0.474258229433565,-0.329175214051569,-3.41225389915722,-0.754079113417962,-2.09186625045337,-3.07982086682654,4.17416535617271,11.438420828659,0.784110613955373,0.386200433485905,0.737129944976676,-0.340824864802812,-0.0208800764734758,0.670836638529127,1.76676503179901,3.92633150376639,1.75620108741366,7.84785222248835,-0.2588830034012269,-0.15334337324260583,-0.16610610715334767,0.07270761628402002,0.16129786418105577,0.007861656235526192,-0.7990020551960754,2.3547780751668297,-0.8546652379419972,-0.4350583870128211,-0.5643261469985723,-0.26056975000401966,0.0035785287951286726,-0.11216228099761746,0.1747324529209475,0.04977867733277763,0.01458114574540811,0.31539944141823273,-0.27924427788301315,-0.028853459159408942,-0.05963895440009211,0.2620307633794307,-0.3538221644410954,0.051871348672414185,0.03719628372971086,0.30545302981421907,0.04057040821449417,-0.1234021097044776,0.008184900655906123,-0.3549721867518366,-0.024386915547182003,0.0996023881710332,-0.0033277709356510253,0.009346624479465474,0.1658332010874498,-0.005945984873186836,-0.17298031162257063,0.17824734171624673,-0.08947669172422452,-0.291443883062003,-0.19275812588650096,0.09403064511861872,-0.19404631218428775,0.09917802884370862,0.16909327774565766,0.0800476132904083,-0.4281950129121424,0.11249715957266955,0.06245996750367226,2.03405017921147,5.8142930425142305
8,9.34011280236895,1.23601198007645,-0.755595292028115,-2.48536928795072,3.25907522486294,-3.0524533561949,1.00394213765943,16.4769641398248,24.6513978494624,9.3583757286509,10.1161288510588,11.4210486503293,10.0411983436231,10.3324508923145,8.20423049459161,3.46544037492628,-2.17552891679276,-3.27344159539125,0.965936440572617,-3.06634679938526,-6.51462161691864,-7.41292624363537,-1.86143438765875,-2.45857431174015,-2.8768694414176,-2.10667066668387,-0.837098380247505,0.496510774487627,-1.01819819004738,-1.77464655114558,-1.34098843648249,-0.0536402822023731,2.36664115145841,5.4241313572009,2.06512124438332,1.23101249063904,0.18737959890597,0.981903053499803,6.46659235169744,-0.754706521235912,-3.14169275309072,-5.24184501573804,-6.74371728181112,-4.41066231999148,-3.59992296652492,-2.40210327212872,-4.63299166492827,-6.04526429534255,2.07046214850309,-0.13158382420616252,0.18051672889759207,0.0821315189938036,0.11904116828219338,-0.06325581132966318,-0.21705724271216228,0.48629661196393326,-0.8555898035975982,1.3696917229213976,-0.4297053938660495,-0.3227962211081859,0.1136976710759455,-0.4575816283522812,-0.05038933299962169,-0.23498645226825035,-0.0814923694304994,0.044663184583798775,-0.011885269692681557,0.3431575367207699,0.1493823827328517,0.20154065853673214,-0.14200230902606886,-0.023541024091568708,0.34377830613237964,0.19202368933458086,0.07190936761544525,-0.04919684794787968,-0.3053242416461206,0.08305276191672628,-0.04939854623251814,-0.021757932354700294,-0.21673500379169083,0.15969821292791328,0.032568970540776544,-0.006380441488506137,0.01397892979390705,-0.2645520398155267,0.03646179413971508,-0.008740457849817074,0.34501468870507546,0.2198931296381555,-0.026164963534701102,0.051658821758571616,-0.2756773396942972,0.09369503313940869,0.11719790157720775,-0.09056383150325156,0.09632010479145053,-0.03240434205549076,0.8172043010752689,4.964010258799066
9,3.33404097974661,1.46901287229379,0.680101646383063,-0.817973757581169,-0.127253894524651,-1.86525894181952,12.3843512537943,12.9862443750892,9.3583757286509,8.08689292114695,8.57050339985788,9.49486428539089,3.35802439250124,4.54505335082691,4.36371783933035,1.9162826809203,-1.30300953148131,0.423918605485183,1.04834762829685,0.508394392413973,-0.75108965940186,-5.03092718702669,0.66312926374052,0.895101555426779,2.13752277899674,-0.197032062456694,0.879604664209692,2.02063231985624,2.15686517799339,-2.03339921956929,0.399342011771404,0.0413919250125324,1.33850003855929,-0.434132257950606,0.113098811019776,-0.640416953129477,-1.11882356344501,2.46014151608526,1.84347641514412,-0.349584261760969,-0.342811800536765,-1.22926176118506,-1.4003446824726,0.749999255969007,0.295280264807549,0.297895952203865,-0.754895401485007,-0.958868505585839,4.53145769208609,0.10950558315558254,0.06662894252536597,0.23095089494597712,-0.03940963847086972,0.26308871321541494,0.248038168586771,-0.28180111186401136,-0.43617707692030544,-0.42919363132621946,2.0354143915289327,-0.605972505384123,0.4657729773808413,0.37543587310550613,0.034339587210839656,0.0976561652836036,-0.07538325046421775,0.22224085974459576,-0.4301273289441683,0.03140823072346232,0.15112428143040263,-0.20280659679486518,0.22039668736722545,0.22254637061846605,-0.11575407013067131,0.29506706529288756,-0.16240110604633004,-0.01704083321354901,0.10989593398421083,-0.005494892915000174,0.14012913646222644,-0.06705858545515941,0.09093244709187842,-0.015517861561041655,-0.018343113235813092,-0.340896841842622,0.0021947481575297647,0.3586987060397552,-0.17381509568713907,-0.11821367396996714,-0.07737684211260323,-0.33888453481424813,0.12141740037517487,0.244799087005527,-0.13310790076529416,0.03667571951311356,0.42633981763253076,0.10756817948536929,0.03887092825326835,-0.10702533935684612,-0.5376344086021507,2.8419874948963013
10,6.10018580414168,5.9562175369133,2.53972636180963,0.236599797424474,3.26926751545053,-1.51495595113716,26.7096790493814,20.2203562627806,10.1161288510588,8.57050339985788,15.216421744325,21.2376336871044,9.06625645025576,9.99726904475327,9.31063996788274,4.34876709922275,-0.952033833026439,1.67220821283535,1.04246062463973,0.807013168088352,0.233616433943905,-4.18315568239737,1.13175484580304,4.38646498718001,8.01610225896533,0.460901602450724,1.28559038768479,2.20429630734668,1.79063617419644,-2.87414104820725,1.02091732021705,1.54563726173403,2.16923311166685,-1.85566534688252,1.50170173254057,-0.526327188979094,-2.37651710523481,6.24049836835223,6.99720931913774,-0.958778603900553,-1.04576274552518,-0.259503115164267,-1.77789370971273,-0.451564235906467,0.704444475887297,2.00379004446483,-0.900112093630418,0.894655153214732,7.54266580349117,0.0009235581993424742,-0.4175961325129879,0.16146565339053434,-0.37725609117304454,0.16111255666363136,0.17012029265378165,-0.18087267055201872,-0.5652203504413691,-0.3238463880983323,-0.6032485180845705,3.801552218527732,-1.138935776060326,-0.033875491097481475,-0.055201922183496344,-0.06649581020234122,-0.019399310095386008,0.02109681727395745,-0.08211109964809066,0.2904979355746135,0.14241011914672455,-0.14754744381082666,0.19584565932198947,-0.13877532885871963,-0.06717766994876306,0.012234126171023122,0.13161066098287041,0.009483663998402624,-0.13433423869308836,-0.13095154515326127,0.12069281437210926,0.10691280860929875,-0.14413024051339277,-0.08657545501099013,0.0876199436322784,-0.03199715932215908,0.041983805252517714,0.03725223532049443,-0.10324544466236563,0.0742728329105501,-0.03728841496599835,0.09717275072738135,0.002651100911201907,0.022029178521186316,0.0022474381225560543,-0.03411654474534365,-0.41450652866771187,0.2400887878057916,-0.04393007351049743,-0.042760868390929324,-0.6263440860215052,3.8995412222882027
11,9.21794107392683,5.67483283722639,4.41919726727387,0.648139160617868,5.9388498449768,-2.68322151801302,39.5928210598478,27.0082155330686,11.4210486503293,9.49486428539089,21.2376336871044,33.5599947425207,13.7986533421152,15.5159457927215,13.6261437992653,6.10490134156121,-1.07893897035078,1.65890585152156,0.488625087534895,0.800591427562301,1.2557892052295,-2.46943356262668,0.938679495165626,7.04144773503829,13.4217140705356,1.90780542101378,2.28292118339873,2.78740419068042,1.64410295521164,-3.89554896179265,1.69498841319566,2.3420212257855,1.958282488492,-2.1615120090768,3.45380031444226,-0.0230261765421662,-3.43677403129481,8.97252393444088,12.6617290708412,-0.895843105900698,-2.02986325412251,-1.32686843665913,-3.2079427270294,-2.55818742389787,0.668583679951482,3.77352186068057,-1.65146922680363,1.0962177353413,10.5784265631827,-0.06494946618244897,0.436418758972474,-0.25345877578897313,-0.0032857824138335704,-0.28669171431742957,0.43107454600934225,-0.2547350648502816,-0.2643421172291284,0.11572986946895328,0.46372246538527967,-1.1392647582039854,1.6608699253590677,-0.26501741891746816,-0.5303245897675201,0.10644252774332462,0.025066446932209763,-0.11144257498555107,0.03799401622562827,0.1968981918541915,0.1489855525936229,-0.02140252573962158,-0.005303253592127519,-0.005568184799845017,-0.039443963800020874,-0.08020832921531064,0.10884328174551332,-0.03252961604269684,-0.1448347580617279,-0.13602752127110904,0.05082189955637744,0.3627145702366512,-0.09642083198594197,-0.06264589906259126,0.1413425562281824,-0.014299550357459598,-0.2405600619165498,0.11121381105559458,-0.06925958588499223,-0.04190288519329844,-0.16365982017737848,0.23193051202987527,-0.08161094057052953,-0.08563686568204586,0.03105890206621031,-0.0627011105909077,0.001754423711183017,0.27784004431082476,-0.18439087533273127,-0.021337868047456923,-1.0629800307219661,5.792235729191334
12,6.65618293094882,7.85163248468031,-0.173783518742831,-1.04116711988649,5.28964021111656,0.841226378313807,9.54762859437555,9.15238109483785,10.0411983436231,3.35802439250124,9.06625645025576,13.7986533421152,16.7195642235389,13.3989541330192,12.4897110145212,7.37660556575889,0.547177971694051,1.60878448546264,0.566789882965621,2.01320955369054,1.99934137846179,-0.0683368355057985,-2.46845522265909,2.37119391340101,5.82725504948021,2.56551080486412,1.25017695288014,0.0297898286166588,0.0627756188791039,-0.821597851922773,1.21573825721615,2.11634235110205,3.69065129923279,2.75539303227529,3.86158389400491,1.14420793934524,-2.04271635924643,9.81133070753141,12.8539363611719,1.14884910770138,-0.755142804248056,-2.9903821711245,-7.28043741342174,-4.02648216871706,-0.384200133467301,1.68351191476541,-3.80685971733548,-3.48139914421743,1.47433137960059,0.08919756816461306,-0.33652970089678297,0.01827475720756776,0.2615499288284629,-0.2701255554100585,-0.2538610448640578,0.08162023949539325,0.005586398122510199,-0.45764206864534873,0.37762006397540343,-0.034014275406647664,-0.26472029561378313,2.2721726329316665,-0.7168431484924473,-0.22850278657489462,-0.4871632390747279,-0.04816551209455957,-0.20563600825705375,0.008044509011594805,-0.07487948753160831,-0.15088337101423668,-0.20206011338582308,0.39582629611278974,0.3803076053616913,-0.15881956263129846,0.25820826012373643,0.18401489135420723,0.17106400941653763,-0.2262448647543375,-0.17969651643747514,-0.33730270514161814,-0.01704919217152472,-0.06366699814924934,0.1748497974098219,0.015166050427014703,-0.05451302345217006,0.09110516473392358,-0.3056526417721597,-0.06510399670855364,0.022411457753760498,-0.21026563582251714,0.07481706226039775,0.40039288088883335,0.30455289990080464,-0.3447737969301244,-0.0838244664593801,0.010784400661582634,0.020921635223775898,0.1287512013837403,-2.5807987711213514,4.087733384595781
13,6.84736774182858,4.27077129192232,-1.34769422585219,-2.54772596882845,2.13709843882444,-0.558213680216041,12.1204977530577,11.6763360101426,10.3324508923145,4.54505335082691,9.99726904475327,15.5159457927215,13.3989541330192,16.7075131665569,13.5998931289764,6.33097906526537,-0.604701638323658,0.307526631398907,0.221598046668443,0.698704486693194,-1.49339093118186,-3.99881002057369,-0.859407375697554,3.88811002767936,6.836279731281,2.93373558481068,0.383260799230803,-2.06901721981591,-1.38608303678066,-2.77460954150644,0.955840053816779,2.658530356874,2.92373775914732,5.10200599927966,1.98694085566272,0.562085810600848,-1.69090110794076,7.19633393871721,10.7139495873796,0.42015120448158,0.269571037886984,-1.20682540806215,-3.57567885258313,-2.46033739819176,0.342388645676153,1.91247538430127,-2.04673891023056,-1.75395723134287,4.70624743448812,-0.036942891149782955,0.0071211629546355385,0.02253278808112618,0.15106006985944123,0.30794327160416873,-0.2912514859039518,0.23218702054498,-0.10726894615355277,-0.049958978508921864,0.035097706836865424,-0.05516045535481107,-0.5289670815771381,-0.7151984657666425,2.099372623209957,-0.6009909069329743,0.13485890808551723,0.013126238984413152,0.10341985363908171,0.01632687798500222,-0.18370608100946534,-0.08492837944665718,0.175738729195265,-0.00653096008601837,-0.138985351244611,-0.15030355877451143,-0.3381815044370869,0.036618321492641305,0.47702233416704726,0.281384224662246,0.2735847850281843,-0.03924014065506187,-0.05964692649636135,0.12999769395297026,-0.47364255032510066,-0.07518214712836221,-0.3742657399768209,0.1954592896621369,-0.022780410206269544,0.11280008623875905,-0.18987854883972005,-0.4281273062788947,0.013506781277516627,-0.27035214843301447,0.2527484972340955,0.12884251247621847,0.2645730329109904,-0.13742898799779094,0.06929973129095408,-0.4136535025445025,-3.5179723502304148,4.086259067479318
14,3.91218888812279,5.19768168346479,-1.65997066144036,-4.21517513613368,0.862495134568067,-1.59337982786114,13.1891329282916,8.253575911872,8.20423049459161,4.36371783933035,9.31063996788274,13.6261437992653,12.4897110145212,13.5998931289764,17.1485728847493,9.1708267998475,0.0344918742490917,1.35486728178574,0.796973740055765,0.0368615727490123,-3.50679620481909,-7.60937399642434,-3.3985038341104,4.6659920258491,7.16200933912206,3.08306886562996,1.18533222377591,-0.610862738007923,-1.33770518970202,-2.32279398989259,-0.361080932211683,0.239022104082812,1.90277665764075,3.02106570692179,0.364760996913965,-1.72600875893165,-4.17786235326088,6.92845891946133,5.85852601263228,-3.3442739495323,-4.14721079463577,-2.03346150680394,-5.79672983201595,-2.06007225948119,0.87280855583357,2.31693360309,-4.9767676935941,-1.38470478793401,5.49858727418294,-0.29519784882212086,-0.047924661047220804,0.0740176098069914,0.07637106319553706,0.0328374463684708,0.06212429064412031,0.0025302833019619927,0.1761803505538556,-0.23712717874351294,0.09629592919089959,-0.06515350599705046,0.10824542557607972,-0.22956454263983103,-0.6007555798027338,2.1785255283660105,-1.0049039827486648,-0.005936279827818775,-0.2614445304818354,-0.32058504275105376,-0.03891021665075695,-0.030633054176591762,0.14706622402055275,-0.06480371365692222,-0.4750903596425503,-0.07447145364780573,-0.26082811392372096,-0.1759625844772469,-0.15263226465893592,0.3108264782102912,-0.1155557886908791,0.013907804980268628,0.13123609283375545,0.03522013992216547,-0.15079046675767194,0.05581557789988991,0.49347729680160046,0.11720137294617083,0.05483884942073984,0.009207486698109295,0.11854657229449524,0.11526928251283512,0.006776503184161809,-0.058504756754575137,0.1346019861295911,-0.018797462097524337,-0.43647909207971364,0.5409078214735807,-0.07956179029036214,-0.48307524066082996,-4.344930875576037,4.139875950405916
15,0.720967359604844,2.88138606433473,-1.70665374480774,-2.25413500208839,0.611413825288331,-0.288359757191947,8.46881185310393,3.97881895705806,3.46544037492628,1.9162826809203,4.34876709922275,6.10490134156121,7.37660556575889,6.33097906526537,9.1708267998475,7.17983228217611,1.11788074954181,0.676721312343945,-0.158934142082242,0.34135755510246,-1.60984131786758,-4.17675331422136,-1.73708843125011,2.8870241936007,4.94544234040655,1.78820630074075,-0.0600505817648809,-1.84932980549693,-2.12862352138053,-0.566574048955675,0.478419053258301,-0.184258231399777,0.660523777883344,0.156001616430587,-0.788706006257798,-1.02984758322668,-1.52206934482145,3.39475768058129,2.56289630875269,-1.36902178326335,-2.2876053790268,-0.629987574024311,-4.35561143493468,-0.665833808153087,0.798354230679599,1.02608233588698,-2.92296572085277,-2.27972482444344,0.272128119475043,0.19679391862211087,0.04750529223711505,0.06841262570923023,0.23941467105835634,-0.09457680020554025,0.15358177919131902,-0.19747785072808385,0.050278973473433575,-0.08031896862789653,-0.07792826152511642,-0.02405058309664922,0.024224768861260387,-0.4886431062666314,0.13372827783140429,-1.0050722682063908,2.833248736977068,-0.3418942990400568,-0.00229306098769709,-0.12363458733209644,-0.062434907202489814,0.015277431941207321,0.0655607409472376,-0.25957458334203903,-0.3339420926931871,0.03094853792881804,-0.32498408069509543,-0.029853110206686347,0.22149993361749806,0.024757534619108994,-0.05302074743780611,-0.4319210675567146,0.19250220958427477,-0.22444162120968938,0.14780319017609486,0.07374054503755423,0.01842467256782102,-0.028853279666980956,0.24187061173108773,0.08642376599024963,0.08376589051348123,-0.04087462840721469,-0.29630642468396295,0.6052379393018352,-0.35665161586266225,-0.12153566918753735,0.027793397393785304,0.43388489885445786,-0.08700802764746259,0.7640737769290107,-3.072427035330261,2.677654249931479
39,-1.34554327074732,1.36140633110093,-0.428604750230714,-0.678591339996508,-0.210480745220751,1.08339940842331,1.49029723614457,-1.37419169234469,-2.17552891679276,-1.30300953148131,-0.952033833026439,-1.07893897035078,0.547177971694051,-0.604701638323658,0.0344918742490917,1.11788074954181,1.83421549264867,0.331209519858691,-0.194038654036928,1.0757162832257,-0.199387773549285,0.380680933141491,-1.30890786878203,0.580134771149339,1.33595251942737,0.686599287971509,0.360046555836836,0.0590852335240532,-0.266616103978435,0.607320282559283,0.229274381218741,1.15052157289882,1.60943890477451,-0.0950718661019717,-1.59233728930547,-0.718219672355924,0.107852731295646,1.28071051840826,-0.246652977251904,0.0308165451185935,0.312883806317315,0.842543530826511,0.582752422925967,1.33510924759417,0.791246283134732,-0.395707293295027,0.472705298097845,0.387526876208993,-1.40995429571655,0.100267086340354,-0.2611502810578042,-0.005724395455600449,0.10968220424535728,0.07994376702040319,-0.1905926876884828,-0.19887699454412172,0.01443134995341555,0.04743334378253437,0.2218939703496432,0.02101826170478163,-0.10969445283109233,-0.04707552799419975,0.013916733151897634,-0.004869429808166414,-0.33868934793863725,2.9446044341259303,0.11258429929350054,0.3123484465062401,-0.3149139065581438,0.16593312099149496,-0.4037385549641431,0.5116980964362465,-0.603114896893614,0.3042790977798872,-0.032660624998881026,-0.1344960303698609,-0.21224527830930587,0.08866866540957219,-0.04714721276322522,0.142133194801876,0.030865164395460155,-0.1950511381826448,-0.09105744644795595,0.2630701301013093,-0.07810650298385115,-0.36777690399140767,0.009329585239688559,0.3205395517165797,-0.19875880702809623,-0.0343622113665428,0.13216166992838577,0.03986999474030232,-0.11110106190943682,-0.09182567184557665,0.2438894892809192,-0.07298338225727914,0.03300879442583475,0.42988467680912146,-1.2112135176651306,1.35063521820241
40,-1.34142906988428,3.98988746691676,1.90487621114004,2.53039496275175,1.65599744589726,3.89759949938466,5.54949606392352,-0.181082247152986,-3.27344159539125,0.423918605485183,1.67220821283535,1.65890585152156,1.60878448546264,0.307526631398907,1.35486728178574,0.676721312343945,0.331209519858691,8.12129032258064,1.18902572956623,3.65193530616694,4.01804831019606,-1.51320839717264,0.4322033514232,1.82127199082513,3.90973205218694,2.01138814557413,2.49894084357714,3.02575181071643,3.9706837930553,-0.507201752051222,0.949386508184461,-0.0996738822385544,0.511817353435559,-1.90036669477461,1.60851541543343,1.39717154012413,1.54814932067993,5.10863713310517,0.239483018714922,0.886501619588301,1.8099382204847,4.31846830572934,2.88173363465585,4.89333934534634,3.54941469947341,2.1874187595864,2.02765116271715,3.84649090384291,2.09385656223076,0.2898796763526288,-0.044019800634644154,-0.18153515864818554,-0.08167111843727426,-0.39928867160490017,-0.11575832734722022,0.11605245896937984,0.316077651882094,-0.011675720352741946,-0.43108506059959095,-0.08243418961900015,0.039820176057642015,-0.20573308911807878,0.10355856447689687,-0.2647865165085149,-0.002401530971763076,0.11191800190033478,1.258463993476923,0.0788697526864602,0.2552580403883856,-0.23145351868525152,0.053380312045824566,-0.043389179422027885,-0.11799375115729199,-0.4190964683164026,0.29174197298709564,0.0026868658145440755,-0.2054414776265622,-0.049973569411742365,0.14152885095238696,0.11735873754799636,0.4027042676401247,-0.23862598096295215,-0.06938236693280032,0.17237784492690017,-0.13294732504295886,-0.2286552969989444,-0.07916755205442311,0.09961319590399488,-0.3769986156924584,0.19302649501754807,-0.0061451187248598,-0.190002474928505,-0.017845468567130558,-0.25292030169859653,-0.05650221452560617,-0.32602945939708106,-0.08680330612940741,-0.11397605482313557,1.6935483870967742,2.8480327109393677
41,3.65958227282231,4.68801641319312,0.683018042026278,-0.009506140493995,-0.0232351958833069,-0.140324124782399,-1.44414799990233,0.622945329347551,0.965936440572617,1.04834762829685,1.04246062463973,0.488625087534895,0.566789882965621,0.221598046668443,0.796973740055765,-0.158934142082242,-0.194038654036928,1.18902572956623,7.00952210274791,0.550841652295811,0.516706306127226,1.97624525730822,0.618769526526176,-0.818312229050507,-2.50255349252312,1.40444361216114,3.89701797536766,6.32267416890492,7.52416104877887,-1.09154728530788,-0.347754632156085,-0.532742516322464,6.19042071123189,4.20881234019037,8.34399114889284,6.74851601156301,4.16311620546374,1.00256417576257,0.366675660014916,-1.12649462745688,2.23013193638232,1.96084428250612,-0.329938104020828,0.998018106262419,0.583975905225035,1.0653849341756,-1.66957887657905,2.55631124341665,2.82344533902484,-0.383752769415082,-0.4130405508477076,-0.18309077379369984,0.29459265641740856,0.07842482942990989,0.43198312509705944,-0.1517624393228182,-0.2802552051187851,0.3420426190970121,0.031115775291462415,0.2926949983907403,0.19771121668409392,0.007893874062944117,0.020086627245888212,-0.31810612213470696,-0.12412230806784086,0.3105869908892057,0.07999922820620034,2.500518184419426,-0.32579576879475014,-0.032689475818024206,0.12251709804075764,-0.18499086239647522,0.5493873183918064,0.178653607642705,0.10752079946363613,-0.06649589883235375,-0.33863267973103617,0.020213762606298123,-0.30366663639808983,-0.13556613731628192,0.25924108142582447,-0.27507708094472655,-0.21929968297541197,-0.22060183300347433,-0.6749328149316919,-0.11194739860522332,-0.03278297617850589,0.20160858854663685,-0.002644638363642258,0.11174892918017104,-0.20638168103684898,-0.1383944531201,-0.03879367882754334,-0.04738336487326838,0.159461617955428,0.2337727838251553,-0.05038059770410934,-0.12790571463581055,0.35483870967741943,2.6456609954315597
42,1.7458838110068,0.829371010169391,-0.728900050074035,1.04112913281084,0.766782217541132,4.33578156946985,5.34905296843551,1.8089512036723,-3.06634679938526,0.508394392413973,0.807013168088352,0.800591427562301,2.01320955369054,0.698704486693194,0.0368615727490123,0.34135755510246,1.0757162832257,3.65193530616694,0.550841652295811,14.4198168060534,14.2123095784843,3.65465338425809,3.69044950160794,0.502132772722935,2.80376476619699,3.18907527811423,2.79017824681111,2.4332881088265,-0.066147955156266,0.236046890562962,3.30934474101685,5.19925202068691,3.92186830868003,-5.14305918713394,-1.84815539664951,-2.42717552583109,-1.29540773942591,9.01044484287304,7.7617151412227,6.5663921518787,1.93163283253191,0.548550290457116,5.06672031102004,10.1041216571386,5.41064706388344,0.81724798334254,5.02810466611398,4.95646584398068,0.731439533502437,-0.4463644297879495,0.14509684104865042,-0.03751770607271973,0.05705763038228639,-0.015422639293536622,-0.501123564105621,-0.04897332014018745,-0.028844741555955806,0.14942892923540563,0.1494167084685255,0.1433951410548572,0.14864349736497084,-0.07477148875282524,-0.18409376190506635,-0.040329088390795506,-0.06396823805330887,-0.31493335855605026,0.2561442023880957,-0.3243625196239327,2.1592316155987907,-0.751499066482312,0.3053498847888003,0.07768426938735035,0.16047876097118852,0.17029645092154538,-0.11757573570911678,-0.1538763171063791,-0.28794674680371773,0.11574614095167869,0.23342444770948134,-0.29174855595040383,-0.0574422295206843,-0.1322089485852528,0.2605782516628101,0.15451578838660301,0.17348018340784904,0.05447611083854905,-0.16261446523804804,-0.02688416685800858,-0.3772404479522853,0.2159969699144885,0.14047013340914694,0.30867740472377886,-0.5863113924876371,-0.2132068729305375,0.031943758367834495,-0.45006251866396085,-0.021536013714994293,-0.15593313357281172,1.5125448028673834,3.7960264495987595
