,Cov_0,Cov_1,Cov_2,Cov_3,Cov_4,Cov_5,Cov_6,Cov_7,Cov_8,Cov_9,Cov_10,Cov_11,Cov_12,Cov_13,Cov_14,Cov_15,Cov_39,Cov_40,Cov_41,Cov_42,Cov_43,Cov_44,Cov_45,Cov_46,Cov_47,Cov_48,Cov_49,Cov_50,Cov_51,Cov_52,Cov_53,Cov_54,Cov_55,Cov_56,Cov_57,Cov_58,Cov_59,Cov_60,Cov_61,Cov_62,Cov_63,Cov_64,Cov_65,Cov_66,Cov_67,Cov_68,Cov_69,Cov_70,Cov_71,C_0,C_1,C_2,C_3,C_4,C_5,C_6,C_7,C_8,C_9,C_10,C_11,C_12,C_13,C_14,C_15,C_39,C_40,C_41,C_42,C_43,C_44,C_45,C_46,C_47,C_48,C_49,C_50,C_51,C_52,C_53,C_54,C_55,C_56,C_57,C_58,C_59,C_60,C_61,C_62,C_63,C_64,C_65,C_66,C_67,C_68,C_69,C_70,C_71,Mean,Std
0,38.9832765830346,8.40712809533927,7.30007548130002,8.72835381844715,27.9586479464288,18.0295653263474,5.00614819925839,6.26535239135417,7.00898060952702,1.83137863890717,0.783985780827901,0.732285823766749,2.797765767478,4.40578665828234,-1.43587837748056,6.48919746578393,1.05013849582851,-0.994454150741527,-3.44553878721961,0.20650504391278,-0.359050969431519,-4.36094872601259,-1.53559204463175,1.17066549022171,2.03557015218438,0.2123525625413,-2.34113586249953,-1.07779881887925,-0.979199913887079,3.55258240458638,2.82172113419786,0.603529268475967,2.13353859080726,2.24548604547689,2.57060616999092,4.80872896255232,1.78624905051394,3.90664119463006,3.82017657831292,4.30704112594505,-4.74595639756883,-1.69474002129953,2.36635942645219,-0.922824205375378,-5.86936786098026,0.716003754027393,-4.78606026037253,-8.82759721756355,-11.2139322686073,0.6973125234831857,-0.24539162889637642,-0.12461719586994666,0.06655464259333367,-0.3637973505184606,-0.1231558289069463,-0.12842007892012297,0.08656487310548247,0.18107489406055047,0.07203383270874396,0.15679851858873936,0.011333346063958156,-0.1730629263026181,-0.1712171769531217,0.02099896282245444,0.012285663650834099,-0.05071783309643869,0.07920255262146976,0.03207728812121108,-0.14352928301248863,-0.00011025137165347839,0.043867909780677096,-0.034988178243135,-0.21646735721927893,-0.1639259129149504,0.19327259937047042,-0.07330257116775894,-0.15619654859290158,0.19849616413168295,-0.0905294065523219,0.2187901602566283,0.028693989491940984,0.07895609013365595,-0.05970082941661722,-0.27408529461926356,-0.2894175851587138,0.21209789699626017,-0.09048364997755087,-0.11435021719481107,-0.10276530828943212,0.20272213279571863,0.2770050622638816,-0.20031226652728815,0.018612332505110345,0.1598226854275248,0.03472419608802013,0.022510692969643867,-0.09589612966552258,0.19042418581698628,-0.20107526881720428,6.242858046042264
1,8.40712809533927,6.19968837116687,3.35888560325646,2.91476018085817,7.13507172823796,4.66682175324948,1.98871724910757,1.52303934470603,2.21180394641045,2.94324960551468,2.19356716065593,0.326627526526499,0.221764742592341,1.55176181441566,3.55036414381604,0.70889068154762,0.116184100901004,-0.108208217735144,-0.909580951472875,0.26697808845533,0.6627186364255,-0.489658577314694,0.141776982094945,1.15445466039094,0.204983360888067,-0.118504932488016,0.520515535750059,1.02759758293471,1.29369893709991,2.44406148673948,0.56910201279783,0.86866941903572,-0.210434055253593,-0.486083690353564,-0.761872951018638,-1.04870946228136,0.288806018503523,0.898391300505354,1.93463152103352,2.8854802220108,-0.660808230065755,0.658129164731884,1.11605611359241,-0.0533690909340117,-2.22945054466578,-0.0212475448689722,-0.129790740430865,0.27033783982196,1.53943663682381,-0.24388221148522063,1.7466435431026537,-0.40635384702038,-0.007485781415797025,-0.18360801536684374,0.12846670227115808,0.09004919885830451,0.18473093974042615,-0.2021352953114282,-0.12403974592203143,0.11602209151330198,0.0815547374121758,-0.1639952935251483,-0.00398331924191453,-0.3042925068689745,0.13272587299509014,-0.1352499966977014,-0.3767496581324757,-0.056223658570474934,-0.07067069806144527,-0.16653013635011785,-0.027813513064558943,0.03525160722156862,-0.018188620417280716,0.1379861034016067,0.1480686579317903,0.0007080752792637387,-0.0020167851307855296,-0.05686014302042454,-0.1351368618121365,-0.24823153800754946,-0.3476078825729049,0.07719400656802386,0.33699301730368336,0.7186841797428537,0.10036297221994167,0.09951423466238352,-0.045378570995508405,0.03481587196650924,-0.27480246644808276,0.10652989823984862,-0.36609356051419056,-0.034006500409657206,0.2803952860204845,0.4803588713354606,0.3909830655127259,-0.14451208987935205,0.025374188651185667,-0.09094257921021212,-0.5297491039426524,2.4879084330350394
2,7.30007548130002,3.35888560325646,5.28493528474711,4.13297216084758,8.12398103637466,4.19577532611539,2.27178134065423,2.43388843384543,1.73992283612292,-0.515145493292106,4.64686750195678,8.00283138386226,4.19582795843304,0.681233501990306,0.401673041202844,2.19803721289347,0.425261439775563,-0.0038343409608285,-1.22968131372098,0.806617989110315,1.63611532384992,-0.465743061893641,0.499288486173001,1.36269383821772,0.0686421050653596,-0.183134694215989,-0.0126438192285095,-3.13238310461869,-1.17602126958042,4.47242461520371,1.22934762804112,0.699042493482657,0.475351327920256,0.680918087167656,0.650642165701114,-0.874915246690618,1.10296869503251,0.948459689743113,1.75615622815865,2.50781302531489,2.12033291021908,-0.177007479349128,-0.467399798886352,-0.0570078517391878,-1.0904299463873,1.04202524633881,1.22670658150683,1.59382141070436,2.85098215256227,-0.12484425585056085,-0.4055673267256449,2.107891059226918,-0.18558751142056554,-0.33264102640198406,0.16808386513173065,-0.26577726722641476,-0.02017288033525899,0.06166563867872649,0.2767070218680681,-0.16155548947472267,0.1558731758224985,-0.0925256963043776,-0.018263153164239484,-0.021387918937302065,0.07044365690132606,0.07441370567767011,-0.09465842335780324,0.17508574850033048,-0.28125143717218193,-0.19096290813087177,-0.26023286062316414,0.09407581366028192,-0.25074972290351877,-0.17028163992824,-0.13374130438128048,-0.010795469009167585,-0.037177763347436894,0.3060448276198292,-0.38011016863911834,0.007572335275359645,0.24164788446690225,0.060936730246698254,0.05011021225680721,-0.12379326731570486,0.5813534228813574,-0.511970453440912,-0.09696499661400892,0.34416457977105086,-0.10159263638993635,-0.13426717729180612,0.17904559019253205,0.17652201437814197,-0.2842957244172477,0.005269377353138657,-0.30913401926216283,-0.07070019400889745,-0.001188813922630261,-0.005475795066439696,-0.5519713261648745,2.296722727006269
3,8.72835381844715,2.91476018085817,4.13297216084758,15.1876443025687,15.463792483765,8.38208760257076,3.30091109024196,5.16569492154292,5.0400554782065,1.86600451129473,4.09737564261378,6.55780211593333,5.14271153955448,3.31152872019206,-2.48630615877007,-0.355335947438025,0.0834041159751907,-0.27320730698664,-0.757743193145654,1.73534789722296,1.13093916318677,-1.2455404075164,0.44345041689351,1.19088386885262,-1.13282723648875,0.363812693623958,0.0371700938158314,-2.97828279584272,-0.503932212869015,0.486821413874502,2.69479478901077,1.89029393726168,4.32237289932021,3.15830544365675,2.14165849367434,1.00717174326639,-1.89922825882236,-4.05411968981346,-0.389109568130682,3.68926755693965,5.55906680183976,2.6051951278011,1.4185781898073,0.127211022285375,-0.875520171303109,0.614259630532078,-0.292322017531705,-0.125656551958316,0.164474465231729,0.06274508977811202,-0.00795560086545456,-0.18596112796775455,1.2992395375008174,-0.6309221116238448,0.2903610794390253,-0.12816117332819527,-0.30691348731111456,-0.06084992843443812,-0.12408442961925881,0.04468798224219241,0.2009964923060086,-0.4700470748892517,-0.11902834324237829,0.09345193806212423,0.1976487124444146,0.04926428191861915,0.07980485681538906,-0.001762286180793311,0.003638325535629277,-0.22170335448632889,-0.0850825352313338,-0.3002453179682936,-0.10589842424118219,0.04478275932226021,-0.23765482555891607,0.05504538945749866,0.28304546666116087,-0.4797954844559249,0.45588915635951244,-0.13499466049951475,0.004900183584939841,-0.09909912639278712,-0.04303384983306672,-0.09726562977539782,-0.023883514220393285,0.16940555100301583,0.3670439896858073,-0.06696548324313359,-0.3696976308431154,-0.08891942436379162,0.04499920048153062,0.09414764724604133,-0.299797941667985,-0.19847420885718284,0.047310947286411595,-0.026560159424322313,-0.17820519978429405,0.09248473935468317,1.1108870967741935,3.8958496252510435
4,27.9586479464288,7.13507172823796,8.12398103637466,15.463792483765,33.4634460872162,21.098492002089,7.32007654967887,7.99135626986439,10.5315323592882,1.30606303676034,7.55158835626578,13.9882366312583,9.03863253308793,3.96343194350406,-4.01110834166695,6.08413822669023,1.53143908166331,-1.20560103755996,-1.78706120481618,1.37156554934288,0.991253099651479,-6.37815896046084,-1.63599073110726,2.48654770415639,1.25288406718837,1.22114916589033,-0.604547333423059,-3.79628718046502,-1.54286496500586,1.76537214831115,4.37949499939043,3.58136293289932,4.29199702918806,3.18137561136691,2.35853721835274,3.77236733148078,2.16336769616992,2.7631908524176,2.48838024237956,3.07301281645691,3.7838231644484,3.04042995373488,3.1968101406539,-0.854675742372013,-4.03793745642325,3.17579152835071,-1.10384756866953,-1.98295290776332,-0.756825483786925,-0.35851136427407126,-0.177746928217795,-0.33920270650924905,-0.6325503856595766,1.909267496809593,-1.1656862220318664,0.10468890231211066,-0.08321899696726506,-0.17605745443342113,0.03389860176963265,-0.2560926320723307,0.012335788910489644,0.136816499820527,-0.07506042918740727,0.1331901397148315,-0.42851236908681606,-0.041615348620370494,0.08402890909862391,0.022706927147963574,0.08075046992342982,-0.11303027577816241,0.416525681932632,0.30159315807209597,-0.10836382108812773,0.06030934470686165,0.011579543926235033,0.33803795829869693,-0.06026947406824261,0.007014343464095045,0.17134017327954223,-0.22221454123631557,-0.03100643130769618,-0.09123948651079546,0.06343210722217317,0.03503271252376388,-0.055918663112480435,-0.021064872822800736,-0.04315951415239442,0.019547190914171807,0.03434569596665047,-0.18158015455042184,-0.14765568233149212,0.3295126475560416,0.23865598747547162,0.0824307370062194,-0.2187768594004983,0.004329872587710434,0.03620706621096741,-0.05627279983000661,1.4964157706093193,5.7838954077002676
5,18.0295653263474,4.66682175324948,4.19577532611539,8.38208760257076,21.098492002089,16.4070292172773,5.55492746535552,5.58220135098748,8.87678820834404,0.61874461950746,6.32353690302571,12.2823187768116,7.02848773333564,1.96389238081933,-2.18924665976341,3.48529551532916,0.576653383652005,-0.867352534353103,-1.72839582150438,-0.108175017677998,0.383084724556391,-2.66175144765443,-0.63813636085483,0.929696715626415,1.21370598957784,1.51677517223206,0.318009947662698,-1.13860775934599,-0.842032715021962,0.405066337955601,2.40389520202355,2.49529702175386,2.05378885694611,1.33530446119657,0.864979887223909,2.36029106573982,1.87344177637813,2.65371943283373,2.24455619941186,2.07292274464236,0.0129487446291309,3.43897472554685,5.80585469113729,0.852176631831363,-2.45479790841626,1.60944014204036,-1.23158506237989,-1.14547575091296,0.357687801680113,-0.1289158063339224,0.12998467081993048,0.17403025631122512,0.28904774045545656,-1.1617239846038148,2.194392202942589,-0.050896632505797415,-0.4990646082666359,-0.4995344254364668,0.16145609055409108,-0.03144815216595027,-0.012838880092301372,0.21513926514530657,0.13527950232485478,-0.1362187932540653,-0.19995336431589938,0.22501271895416838,0.37249441050222126,-0.08558756125449365,0.09336367397267302,0.03755473758730218,-0.5014987116196289,-0.02314538685338647,0.32048442721785614,0.06451131146928037,-0.26517922988412784,-0.09730742484897786,-0.07982703707977414,0.0331715841983474,-0.02200129079172195,0.015375391685519183,-0.17633196782526628,-0.0005890553458001238,0.007138998315128645,0.019468840160874978,-0.02021838919071754,0.06303587499725684,0.033979550261617635,0.05883780896711892,0.028199324283045793,-0.022103989291870723,-0.1509413475806849,-0.5498953857496338,-0.08064051686857186,0.2582583104922356,-0.309462784454004,0.17939524249999478,0.13861284430444434,-0.1872851054544649,0.6476254480286741,4.0493245383986345
6,5.00614819925839,1.98871724910757,2.27178134065423,3.30091109024196,7.32007654967887,5.55492746535552,6.07435309637595,3.65647371708647,4.88983699479848,2.80883746092312,8.08400518320496,14.5218628299445,6.85869007323645,0.0337475441698555,-1.46676803869242,0.0010401554864276,0.431598809428168,-1.01337811151424,0.222107668943291,1.01698022693783,1.06240465715155,-0.708755492430814,0.45405083435102,0.661577829659954,0.86798927674141,0.595912231330443,1.30560517842168,3.47413974668558,2.47629607948301,0.91234481993232,1.5776455021815,0.164983448190902,-1.17517159065369,-1.45707504171054,-1.66286520140569,0.201393588895571,1.52195152269492,2.94098119499641,1.0383239509532,-0.918196463538035,-0.720202651772165,0.213580279064534,1.24725843409194,-0.194463306342109,-0.356343911241838,1.40733817384975,0.466574665620344,0.874862272197838,1.39213198609989,-0.1280590613417155,0.09110302294686232,-0.2659283425689535,-0.1315629460766121,0.1062420194968581,-0.04965074003769952,1.4114987821689293,-0.2676877062994366,-0.23485103453654982,-0.41925115037481825,-0.15491750293722747,0.08706284346726778,-0.11703077449723528,0.32103954141920726,0.14012119719736085,-0.12016218602515745,-0.06826845060849396,0.07530114772125489,-0.04466915168655554,0.024085698795880517,0.06686081247685494,0.012636105635802591,-0.13320754580880673,-0.002132943210617171,0.25818764713187875,-0.032717141458622666,-0.23137415363578745,0.020045361029686425,-0.03062499432763517,-0.1738572202186805,0.09667886690782469,-0.04131794518413536,0.05923631442460015,0.0582755126778515,0.21783952996347314,0.014731495111009484,-0.02588972135280811,-0.07417884187661532,0.04788273247671911,0.2441054365438122,-0.012594456713181242,-0.0014137671635697142,-0.20594445933898717,0.31586465723745377,-0.1879296338893186,-0.24255347210881525,0.2476706040411455,-0.1175475668108862,0.007045417001012572,-1.1366487455197134,2.4625907285572133
7,6.26535239135417,1.52303934470603,2.43388843384543,5.16569492154292,7.99135626986439,5.58220135098748,3.65647371708647,5.47686081242533,4.9554611333327,1.29458727324149,6.87570474752256,12.9569815397675,5.88494827439365,0.875247057365367,-0.685973689073244,-0.638568750274637,-0.176739619950223,-0.336849750539028,-0.520626128552652,1.70577933785625,0.401799725817196,0.100960680976,0.926066277438563,0.465626348285911,0.737493543003948,0.726735333779811,0.00034586185623,0.824996192489226,1.93839464917762,1.63759289824009,1.52775249991429,-0.650395741546317,1.0996190497338,0.573182369286272,-0.0294794528030989,0.214344741224063,1.10874698365113,2.06998132516019,2.15346088495112,1.31871147144532,0.129042390466497,-0.747077054628488,-0.135702985023054,-1.03615757650785,-1.30808687779838,-0.495658400790257,-1.75978585922225,-2.79393459821995,-3.22309811363056,0.08630834428457256,0.18018482752862353,-0.027808496210483563,-0.31067676048069315,-0.08395642494795624,-0.4999152931822647,-0.2667043391888241,2.539605717189758,-0.18748356187278162,-0.080525427624921,-0.021025117448346984,-0.18494033619663688,0.12180507038707591,0.22099786490937243,0.11859782660460054,0.3312101208468391,0.2393656822943811,-0.306146963999574,-0.03600928702654665,-0.17915589960504005,0.12793263203384653,-0.052603423695432715,-0.49429818183955104,-0.0499653368649869,-0.1250569865093882,-0.1449048344741917,-0.36327508169203415,0.12121739813206828,-0.03685633883676123,-0.1071553196768357,-0.2413693483312063,0.6716245783187311,-0.1599247212194631,-0.23755337992862743,-0.06247769622473892,0.11070072175783123,0.15971418789356276,0.0022832327507580873,-0.28932144792380765,-0.060331038832619116,0.09108872799527218,0.22904456247555482,0.022580813192862422,0.4179882563191055,0.5834088358486899,-0.1433739572563951,-0.28963571097451,0.34669019035512505,0.004785535468055278,-1.6827956989247312,2.338131906549613
8,7.00898060952702,2.21180394641045,1.73992283612292,5.0400554782065,10.5315323592882,8.87678820834404,4.88983699479848,4.9554611333327,13.6035595878136,1.72436128768642,14.4709656108583,28.0019593282313,13.4396653293705,2.2258398705266,-1.0247094824408,-2.97637539833593,0.0602962128331383,-0.780603162403555,-2.30752169742317,-0.012306790927178,-0.31768509769641,-0.606298503852372,0.475284992020405,0.810535602559087,1.5909827779002,0.179840011976952,-3.68456096611171,-0.296102216980833,0.19183604450424,1.74337786952589,0.929729600815511,1.31967760270108,2.19885489088594,0.846186485219503,-0.56239911290063,1.71403265915773,4.23338613153428,3.75781405597088,2.47287097747792,1.4821934878142,-2.07646546076153,1.31315909581054,3.83041094831181,1.07176094220849,0.155512509317714,-2.58968648036128,-5.17997686898116,-4.27170012126364,-3.55732319380832,0.18461429404016655,-0.2002579941402843,0.06285744389607258,-0.05403752272404114,-0.17781033548802333,-0.5046893245093541,-0.23340290459913768,-0.1885801226555537,1.3586774941060908,0.07968030169177516,0.182531636072096,-0.2233371609791568,0.026866954098225617,-0.11832009946869702,-0.061415237901178796,0.5801767337113699,-0.528429537410497,-0.40467553115733806,0.02417091190940002,0.2032629660060341,0.29525054236441256,0.25306056850122943,0.13542438289628247,0.17332058957646923,-0.13910407744250122,-0.0009633649378057171,0.14792667506114357,0.004448581824062468,-0.08287460681254726,-0.16563093815755245,0.36059669581131154,-0.1911846954274341,-0.05612164897550921,-0.001368228821438069,0.12909077854752268,-0.11689137799509805,-0.013305489016324685,-0.02007815841436743,-0.010823394649016096,-0.07762625692176628,0.1450059618958492,0.22476988580723412,0.016072321043753297,-0.11030865091854894,-0.4729713357438271,-0.0868611359870637,0.3823614379110806,-0.02193070687498431,-0.045189909722485044,-0.9126344086021507,3.686944478536885
9,1.83137863890717,2.94324960551468,-0.515145493292106,1.86600451129473,1.30606303676034,0.61874461950746,2.80883746092312,1.29458727324149,1.72436128768642,12.7417054958184,3.9717334189254,-5.02381895028767,-4.36701498406481,5.84072760469423,3.16077571962153,-4.48711297079214,-1.56241567539708,-0.2997288975636,1.58959669670241,0.44427596737575,-0.881966490035994,0.253070182455508,0.728277906198037,0.402141404719504,0.813897547087485,-1.48952284051075,-2.48909645430324,0.498579219747963,-2.51769944250095,-1.62922955903907,0.132334013407921,-0.408022489697742,0.100911661346075,-0.954890512605585,-1.7041967698367,-0.0794197820035661,-2.18253651277743,-3.09269109546459,-2.31626430078417,0.309277871380425,-4.83265880365028,-0.762098771900232,0.587709970355592,-1.45421283465059,-1.22642756214944,0.249943005660323,-1.356823060901,-1.03179052005894,0.536110041107821,0.07045816699470168,-0.12115035211336375,0.2773565965385062,-0.12311185078039713,0.0309586558504678,0.16306036688542486,-0.41811610416556777,-0.08117308213150315,0.07797417783363221,0.936051511503465,-0.5111121426350363,0.17747549624720727,0.1611972597614069,-0.23508126124448295,-0.11625699453668191,0.13583790954230018,-0.22457654096518723,0.06883749056500964,-0.05872991453644823,-0.13725695925407805,-0.016971177744658016,0.05579141744106749,0.20739931216118707,-0.1440303273697704,0.01588883889522693,0.03238957722831247,0.08709642141590852,0.033832553639590146,-0.03230398785898765,-0.017604250378944315,-0.015221114552424309,-0.06080071169185562,-0.02233958825970049,0.0005180389742637719,0.026612934155241037,-0.11197760604937099,0.02723820152962909,-0.07733482095170643,0.20937165044150302,-0.15391285605745486,0.19555804382275396,-0.04641028778867362,-0.07931127862063754,-0.2057776108902905,0.3912852882728387,-0.2969594246906388,-0.10756281918819978,0.15502605940599862,0.033730681025132596,-4.502688172043011,3.5681515516886892
10,0.783985780827901,2.19356716065593,4.64686750195678,4.09737564261378,7.55158835626578,6.32353690302571,8.08400518320496,6.87570474752256,14.4709656108583,3.9717334189254,66.8098693249701,125.57074614753,62.2377925653086,7.08278427110185,3.76995719878807,-1.17770106151532,-0.612890350213711,-2.64603768200104,-0.0660731863014237,4.16201862465319,4.31711346585403,2.30474162147459,3.44110890111528,3.26777178974008,2.33652941464391,-1.30459322861753,-5.43690277080219,-8.76714245487623,-11.8530141879325,0.112201727571558,1.10382561596783,0.582315114819851,-0.350989681055951,-1.46382209382046,-2.18905925903765,-4.65076474631619,11.5804855190369,5.98116283143277,2.48403870023081,-0.299137129155546,3.14356554573888,6.53482931675778,14.0124296541506,5.92973664198065,-0.114478711706147,-12.2450459710714,-8.474086925069,-3.70769066183429,3.75068550579002,0.16030286596563587,0.11554657568794437,-0.16165017135497187,0.04691653305300409,-0.24659675977825682,-0.031194973111837453,-0.15330547681540704,-0.02167125121068158,0.1767268569669878,-0.5119287483957029,2.2162650296280626,-1.0324467184330366,0.1214848392034098,-0.5741969559170513,-0.1933493517631439,0.06674207537806878,0.2948984578387701,0.2308042511580139,0.19870609327286326,-0.030612697274477532,-0.2036878873969923,0.02679945475183378,-0.06791106633349095,-0.016462695348755385,-0.0456102255682021,0.26181872509202947,0.2506861914953711,-0.0910234496536809,0.15939368847559088,-0.04142325085975271,-0.0908986226913308,0.1674239594634044,0.06462981646552013,0.1343873899615497,0.1117923150837782,0.38740388120646824,0.04777294489356318,-0.055678740693848004,-0.10660777584039068,0.13618848334295727,-0.004966381120903247,0.03679112585133529,-0.0696555648653995,0.026230412113625628,0.0016354857267487286,0.21090883870278138,0.3000445066263699,-0.0469783511254401,-0.20798646996950979,-2.714605734767025,8.173118702488674
11,0.732285823766749,0.326627526526499,8.00283138386226,6.55780211593333,13.9882366312583,12.2823187768116,14.5218628299445,12.9569815397675,28.0019593282313,-5.02381895028767,125.57074614753,256.385945838311,130.703091559116,5.77122053982747,2.4750132561662,2.91377508268793,1.38361262221694,-5.23974059481185,-0.341160581240739,8.43718362548626,9.16609183982132,2.30148370578854,4.28538436503863,6.01513514689149,4.41555516733041,0.546195612922234,-3.9146438582958,-10.4176592721059,-11.6462039901328,0.726502093039398,3.44813231281487,1.58755746723077,-0.007240837345177,-1.40486131042465,-2.3974090943973,-4.81852975428792,30.8537595707709,23.39137415646,11.2045121978459,-0.993059691285486,11.9535558794476,14.6862003125096,27.7119998802981,14.9438547342675,0.660361713096337,-23.2004095181983,-14.1087943322886,-6.07251161497979,4.93802963001851,0.01156723951219377,0.07622050131491069,0.15498695664348625,0.19715956172889296,0.011138366954781197,-0.02011098044502494,0.08532232410648649,-0.18703960109382547,-0.22127096822463527,0.17727153657500352,-1.035399397610249,1.0777512334606894,-0.931333417945978,0.24882150941374034,0.076173744495223,-0.06949129747108237,-0.1899915180827128,-0.13449793328839563,0.02089991808380949,-0.4358758571834345,-0.13400958556368875,-0.096933053685155,-0.025024772177113228,-0.02702756328520833,-0.1701607521633308,0.03480334686196524,-0.05510339562404709,-0.01173742711140433,0.029807441452776147,-0.017677469488361054,-0.06813672410216937,0.009723773739765766,0.025970766605945078,0.003553830736714796,-0.005398227637288354,-0.12036394412803095,-0.08644586814252407,0.037852355287228766,-0.027373060746418456,-0.10570529748955212,-0.02052987433682379,-0.05879279529373431,-0.01757758814118195,0.09907505364383072,-0.13066337704102363,0.051384828116418174,-0.04081972832586254,-0.03570063389421477,0.01933122259027963,-1.3700716845878134,16.01174399740114
12,2.797765767478,0.221764742592341,4.19582795843304,5.14271153955448,9.03863253308793,7.02848773333564,6.85869007323645,5.88494827439365,13.4396653293705,-4.36701498406481,62.2377925653086,130.703091559116,69.5204950716846,2.77490911552956,0.838241894603159,3.6648950949503,1.25199012735366,-3.13097981417909,-0.167491051447519,3.47257940978026,4.79058055477381,0.147162503049485,1.01053154640214,2.82770377997739,1.65871443588672,1.41347747303174,-0.569427722884707,-6.12896571900801,-4.6745954127129,-0.598779412738742,1.76642139875223,1.4538699798876,0.84022480893615,0.129831327538398,-0.279901640619343,-1.03446889575458,17.7453378791269,14.3713219476911,6.8791051350188,-0.0702674489289863,7.84637799679681,8.42217981511516,15.0002192471556,8.99109029817579,-0.560006093874077,-12.3080517548737,-7.30684208066577,-3.55799081685086,1.522568256922,-0.17784531709351145,-0.15378870991315027,-0.09320024368824742,-0.46807335157199476,0.13879404157090164,0.22626894891549937,-0.11515524827192687,0.12311234683937755,0.028332079320067035,0.16251503962130046,0.12387302953827042,-0.9311557963703814,1.7741624471991888,-0.04619111345837906,-0.025580196350971675,-0.12891066434383244,0.09173263286115071,0.2924937134290212,-0.12510448101657975,0.46726183367443175,0.3506066872525586,0.022508538849899777,0.10532291764349803,-0.03693989615240527,0.4439640493915827,-0.07395295888697505,-0.1326059698763287,0.08678190637547879,-0.04088891674678182,0.061082929324748056,0.12135243858696311,-0.10385485077151767,-0.033629244469746605,-0.05866905844445334,-0.05287699281914997,-0.040916312163851914,-0.11579892892688473,-0.12874458974905847,0.19417223440372808,0.2812461070180769,0.023358088956976313,-0.016508133065294493,0.004407741237636576,-0.32641975595398287,0.11743005138705191,0.16817294806770985,-0.29933875102118124,0.23988351440998884,-0.010983896939265322,-3.0755376344086027,8.337295429075583
13,4.40578665828234,1.55176181441566,0.681233501990306,3.31152872019206,3.96343194350406,1.96389238081933,0.0337475441698555,0.875247057365367,2.2258398705266,5.84072760469423,7.08278427110185,5.77122053982747,2.77490911552956,10.6770896057348,1.69606206939901,-1.02853799077907,-1.66760873879823,0.264534959419265,0.992868892848918,0.379164091717692,-0.422531038302175,0.477341006797973,0.469377467811322,-1.36517388648157,0.825358443647337,0.245845314893096,-1.08488468919374,-8.24807238396774,-6.62935461860931,-0.0385629660643084,0.554930144320165,0.954495503399849,1.98443593825976,1.27083942821549,0.85105081075529,2.64452971312309,1.25277730398269,-2.68250817856781,-1.88406363379717,1.36667496464651,-1.29023216493902,-0.113118325324548,0.796983660239077,-1.29182707205524,-1.13967323502334,-1.65147767636279,-2.88903144305139,-0.660569863127176,0.489214142724028,-0.1732382504874354,-0.006317779952947222,-0.01835413467033552,-0.12251031520382456,-0.07734384440258393,0.14077912926653235,0.320846420944241,0.22039766497503357,-0.1182026594012734,-0.23483649632350206,-0.5774382133509062,0.24991052620262655,-0.046198075100754715,1.044802335211092,0.04182593646610482,0.11264157010961694,0.13172477668671004,-0.15708519374802324,-0.11369837276159378,0.11926699813170513,0.07266305499479604,-0.0328157491971952,-0.1322818347387552,0.4234904561510102,-0.10992586263446355,0.031325277760601865,-0.4647409694332278,0.07988534088733878,0.09717364467954293,-0.08597123078759936,0.007816578463038504,-0.015451761879274259,-0.02032669124407643,-0.059747046577284184,-0.23732381131185393,-0.08516433827559895,-0.05881796051111115,-0.07622578607975776,0.0732600774506338,0.06653791970734718,0.014160181800253187,-0.19291010612420115,0.10267622459985533,0.2576464465831473,-0.1579613610678341,0.00028453547968500747,0.2579045128325127,-0.07365298089992786,0.0012930799648936447,-3.9908602150537633,3.2660510721259035
14,-1.43587837748056,3.55036414381604,0.401673041202844,-2.48630615877007,-4.01110834166695,-2.18924665976341,-1.46676803869242,-0.685973689073244,-1.0247094824408,3.16077571962153,3.76995719878807,2.4750132561662,0.838241894603159,1.69606206939901,15.0219076065313,2.34025731689268,-0.462475625401049,1.2730297811434,2.39270296652493,0.720163388938859,0.0129569814671181,1.60950291685644,0.796278669150493,0.0122830175832396,0.307759886145747,0.834567888786061,0.503190864064471,-3.02694251969349,-0.144606930674416,-0.001209503702123,-2.13168630118263,-2.17267836322815,-1.70372727960827,-1.63416276409124,-1.71084121071664,-2.21727223261967,0.533880384697819,0.509766214041787,1.28875994602997,1.88402933597325,-0.444823349329763,-2.76709133100237,-0.953828445306026,0.263019094780361,-1.63235695230233,-3.24596264542591,-3.80241594817293,-3.41611091633213,-3.16064041575785,0.023024140025782753,-0.3049789060130215,-0.021366141185264746,0.09253917816576473,0.13355144511433348,-0.1400242969338014,0.13975976455253336,0.11812578391511291,-0.06061779202193136,-0.11624420279295729,-0.19345796165142776,0.08018396125657742,-0.02821226199536564,0.04123833362093808,0.5965085178412007,-0.26699075385748183,0.216413707290611,-0.08868583038976562,0.04671971789034442,-0.02049915475880046,0.1575515600230151,-0.022488838603938688,-0.23172155823536114,-0.203335568508561,0.03229093945745262,0.0023420937634373177,-0.14557332079237978,0.03941876879682389,-0.08936674523764404,0.15475724958624557,0.1550736902871952,0.11351486042780874,-0.1552371163969176,-0.03957815527351591,0.20079777546318697,-0.03547533369859216,-0.0003736487895697868,0.021764445197145658,0.020493981190776826,-0.16026035356727403,-0.15085046609782762,0.30125841121446423,0.026676358869268692,-0.10865262676794848,-0.09738327938174753,-0.08719547404633336,0.13564392711767445,0.014600791746796403,-0.01375156283782417,-4.15089605734767,3.8745203066355534
15,6.48919746578393,0.70889068154762,2.19803721289347,-0.355335947438025,6.08413822669023,3.48529551532916,0.0010401554864276,-0.638568750274637,-2.97637539833593,-4.48711297079214,-1.17770106151532,2.91377508268793,3.6648950949503,-1.02853799077907,2.34025731689268,12.9048616089207,3.368151070274,1.61761530645003,2.16184910218797,-0.460807874074148,1.85552735291685,-2.63050653191684,-1.86727253768205,-0.414075814146744,1.16085576610653,3.71395773026901,3.11324979827486,-10.4219896695511,-4.54275685303531,0.0957772799221416,0.405891937809842,0.388175089994415,-1.2143305236409,-0.128584857981835,0.934371652580453,-0.791400509553818,-0.0056923236760435,1.46655548834435,0.666640089016256,-1.31875330639515,1.14865822939659,-1.21758195904689,0.140674875319867,0.770075992206287,-1.57380264113325,0.232473769431356,-0.630176252213862,-1.53276710787179,-1.5382347415338,0.010391665642314826,0.1301736506535717,0.07280804133964866,0.19936683376460296,-0.4305718275606792,-0.20010034868234594,-0.1196477425698649,0.3289205537635051,0.5793395687383004,0.1397083228549144,0.06665808706872944,-0.07066939312376043,-0.1269128565874126,0.11408820687280616,-0.2667385444931834,1.456819432092047,-0.574539020318136,-0.37102775864640775,-0.11146907135965244,0.04874477318946076,-0.02897917097491365,0.21329866803166017,0.04672721306797116,0.10906554809555893,0.10633080608363048,-0.011885127704190578,-0.2693033407254937,0.49149388931094107,-0.319334402350209,-0.10581543785696636,-0.12138093502864129,-0.14267841295365266,0.3392752798021201,-0.07579959716182923,-0.34376650491111216,0.15874573511176007,-0.04168054122885733,0.11507476017675339,-0.057619015668903,0.13665867933840284,0.28655979159244926,-0.03567484452454893,-0.004737842792976898,-0.031190469477291188,0.03293170191934008,-0.2861860074382272,0.07691110183945529,0.06917608858809465,0.0959216665870169,-2.7770609318996415,3.590941604777325
39,1.05013849582851,0.116184100901004,0.425261439775563,0.0834041159751907,1.53143908166331,0.576653383652005,0.431598809428168,-0.176739619950223,0.0602962128331383,-1.56241567539708,-0.612890350213711,1.38361262221694,1.25199012735366,-1.66760873879823,-0.462475625401049,3.368151070274,3.17612903225806,0.60388896338388,0.592556001488754,-0.213774982507809,1.06392809838561,-1.25236606585806,-1.25908658709489,0.0737833304146695,0.912016661693939,1.62720486008269,2.33563924808928,-0.250978922659852,-1.52010826016933,-3.65733727214558,-0.476289535217727,0.195374323339072,-0.0989796096422611,-0.451399416513549,-0.494869090305183,-2.72476694396281,-1.1559137152926,0.320829910126993,-0.130579018125267,-1.70484987522786,-1.33455217038532,-1.2111473325729,-0.207861449163882,-0.0315479476577535,-0.111115906418332,0.258329747602264,0.778412865523449,0.355474665045072,0.380916533528106,-0.04979355048104995,-0.1309001566481705,0.07207135852757776,0.05542002811708652,-0.04255390798770012,0.22744336429578382,-0.07446710963618973,0.24449541160308633,-0.5338662195837396,-0.2236681987278011,0.2960125677851849,-0.18945345563182156,0.09056586854560042,0.128092963650628,0.21471476222595137,-0.5737292580124693,2.4247094488864565,-0.424262499814021,0.07223420136960754,0.1987044395811239,-0.8510071304919377,0.11851435373061464,0.2789989663253429,-0.0036713557633487994,0.11711994452411333,0.21115894347852499,-0.30710023248308754,-0.10169179003322887,0.10776466454391195,0.24917458688712188,0.26775918544142524,0.0031852278251574564,-0.18960361012951038,-0.12014590967124517,-0.04331641301367713,0.4677978216603389,-0.049298737526799453,-0.004573395264515916,0.01151199079770708,-0.017649438409756985,-0.04740375562198969,0.09530901385031018,0.1301753188144169,0.08342427515286747,-0.043111238277017974,-0.004086665548938308,-0.07520542331723752,-0.11404332489694942,0.22723010677550545,0.12903225806451613,1.7793619733651904
40,-0.994454150741527,-0.108208217735144,-0.0038343409608285,-0.27320730698664,-1.20560103755996,-0.867352534353103,-1.01337811151424,-0.336849750539028,-0.780603162403555,-0.2997288975636,-2.64603768200104,-5.23974059481185,-3.13097981417909,0.264534959419265,1.2730297811434,1.61761530645003,0.60388896338388,1.93222222222222,1.07178984506049,-0.330680277890517,0.211949866955492,0.557591757583713,0.235001649369607,0.267776142640323,0.523334189771941,0.282223115518864,-0.447183207630275,-3.82178943493441,-2.12666760377932,0.0271296855675285,-0.709073462230655,-0.776111289138685,-0.0127782297922695,0.322023967197031,0.677962320176393,-0.677994488168174,-1.56629585695823,-2.03666652373846,-0.754537886297026,0.3702443618166,-0.231205876071105,-0.047036675788624,0.0217892896228572,-0.143085523264548,0.273332942658989,-0.0703401261344176,-0.460725008605674,-0.323702733261611,-0.115703126979047,0.07649295771048267,-0.3763601595918475,-0.09402213408632924,0.07542994120870056,0.08369800287561395,0.3788916617913634,0.07596023703865781,-0.3126339991984711,-0.40116378846656037,0.06779715968245868,0.2343498892626254,-0.137615655249544,0.2894070699509023,-0.1593623994998742,-0.0900648143988044,-0.3694770940515462,-0.4273344698530596,2.7380288620754687,-0.037167448060216865,-0.30506213037025637,-0.02688955408240338,-0.2140546838314746,-0.031455461494686136,-0.18204249165212574,-0.6201062623521446,0.1311354782039035,-0.005405345258818938,0.32928380744384345,-0.2656009414933244,0.09972844029587238,0.025344592030728676,0.6211460683884749,-0.03087516383676156,-0.10110531495313702,-0.623102402442822,-0.018915007559950157,0.1390384646751023,-0.0008814244997969843,0.19918999995170372,-0.00909696532279257,0.04186624669080971,-0.26964842403897654,-0.31425685460563274,0.09951127936251147,-0.13148096791837494,-0.07870058937427588,0.004726775710400214,-0.11732079025968241,0.005638906962347947,-0.16666666666666663,1.386442289539028
41,-3.44553878721961,-0.909580951472875,-1.22968131372098,-0.757743193145654,-1.78706120481618,-1.72839582150438,0.222107668943291,-0.520626128552652,-2.30752169742317,1.58959669670241,-0.0660731863014237,-0.341160581240739,-0.167491051447519,0.992868892848918,2.39270296652493,2.16184910218797,0.592556001488754,1.07178984506049,24.3158741537236,3.06409803376211,2.24369424492576,0.647448793819383,0.199004246159894,1.02595834547111,0.374855463694126,-1.14479176461913,-0.979574964909595,-3.0790707183519,-3.40107977818889,-3.17076065985835,-1.55105682647392,-1.30723751998366,-0.858887703901788,-0.966770036433955,-0.876987491845147,-1.34638745652148,-1.45710471655174,-1.48905210828297,-2.21683969983622,-3.50627754113039,3.03586006981796,-4.26869668719059,-2.88142996082652,-1.03524325824495,0.392301219070299,0.364900812897327,-0.846403667269686,1.03330292889321,3.91301908602969,0.03426994519697158,-0.05717598985108931,0.1751223577842893,-0.0011200109788876388,0.02179050337217288,-0.08812268626414109,-0.04301124764554879,-0.03485842292680281,0.023405459655725432,-0.06006724354957934,0.19683467231773494,0.022642776397804754,-0.12513404726427318,-0.11217718285995894,0.04718026757639519,-0.10982592352946606,0.07351977993783539,-0.036453615922689565,0.3983345089385455,-0.30249677682195314,-0.22170781979765725,-0.10752281875619982,-0.015055256172757442,-0.15067451082581046,-0.05262002164327497,0.15041667656094826,0.03021251237810969,-0.04733880073348529,0.07592726915968384,0.03571483730441164,0.06719484173613467,0.045769619321482186,-0.012972152440671514,0.026591413982025587,0.09952723994711521,0.0016035636769939495,-0.06959807689821589,-0.004346726273191926,-0.08224654683937536,0.1058638166640959,-0.11366908650145645,0.1732728702202403,0.01787740752399299,-0.07972730597739738,-0.09390122463167559,-0.018243177678079408,0.18469932631044675,0.20607235122089493,-0.24790349735275466,-0.14695340501792117,4.9300987975621355
42,0.20650504391278,0.26697808845533,0.806617989110315,1.73534789722296,1.37156554934288,-0.108175017677998,1.01698022693783,1.70577933785625,-0.012306790927178,0.44427596737575,4.16201862465319,8.43718362548626,3.47257940978026,0.379164091717692,0.720163388938859,-0.460807874074148,-0.213774982507809,-0.330680277890517,3.06409803376211,3.60695340501792,0.190535323228101,-0.333994705634624,0.439121502076036,0.401368503274044,-0.3736201969775,-0.755113224845499,1.42621247845305,3.17686101951956,2.34839298675866,0.912842464012469,1.23824772366029,0.302752895296859,0.639063374069217,0.412935634474908,0.0549136125699178,-0.630913792933576,-0.575479802736044,-0.695381503454667,-0.150085089719808,-0.25636495468178,3.00070845328169,-1.03118405836933,-2.12966507122584,-1.14428114059539,0.0099699483237487,0.215120348915985,0.539672594682683,0.475322436178329,0.233443275857692,-0.15025637349808182,-0.0639122504711546,-0.2829513830313708,0.003843904478138868,0.08028164167397106,0.10009929059848088,0.024262767887372794,-0.18366471894107195,0.20334831269970868,-0.13625020261244103,-0.03085608002195512,-0.43524481770374146,0.4689781166843368,0.11894576192866409,-0.01999446281178533,0.04615566091219833,0.19568956918094982,-0.30684650113196155,-0.30262235947274496,2.070512344916541,0.6201657673139203,-0.0462938145058344,0.2030911506070434,0.25497864453282376,-0.2776956762407308,-0.017722952561703857,-0.07622038104538521,-0.0770140826067122,-0.14723693233816879,0.1887555373320751,-0.3343504606426806,-0.46489303177843155,0.039638236543633555,-0.024814842723131177,-0.10460924322652536,-0.0041747022155136084,0.30200129675250614,0.09760475065796277,-0.005796694893624753,-0.2093903705391508,-0.35671100780901543,0.17053473721834048,0.22513375368504931,0.06876082623481092,0.006489207659607926,-0.06809417678514028,-0.04489660240066222,-0.2958483302775786,0.28607856820043964,-1.7939068100358422,1.8965635779002827
