,Cov_0,Cov_1,Cov_2,Cov_3,Cov_4,Cov_5,Cov_7,Cov_8,Cov_9,Cov_10,Cov_11,Cov_12,Cov_13,Cov_14,Cov_17,Cov_40,Cov_41,Cov_42,Cov_43,Cov_44,Cov_45,Cov_47,Cov_48,Cov_49,Cov_50,Cov_51,Cov_52,Cov_53,Cov_54,Cov_55,Cov_57,Cov_58,Cov_59,Cov_60,Cov_61,Cov_62,Cov_63,Cov_65,Cov_66,Cov_67,Cov_68,Cov_69,Cov_70,Cov_71,C_0,C_1,C_2,C_3,C_4,C_5,C_7,C_8,C_9,C_10,C_11,C_12,C_13,C_14,C_17,C_40,C_41,C_42,C_43,C_44,C_45,C_47,C_48,C_49,C_50,C_51,C_52,C_53,C_54,C_55,C_57,C_58,C_59,C_60,C_61,C_62,C_63,C_65,C_66,C_67,C_68,C_69,C_70,C_71,Mean,Std
0,73.4857048228056,80.4008577817309,87.8384525072732,95.1282426385993,81.142276268104,57.160284685474,32.9721738712609,9.05388517117631,7.46418366259889,-5.21649849162226,-6.85260255249191,-9.25691292644274,-7.69362424773758,-4.76642873446197,-0.700259946335081,4.63695914962587,-0.324975990316062,-6.45004392538603,-13.1676452418486,-16.3371756822499,-12.3373705729702,-6.34257135177031,-1.03292164562512,-2.83229004654974,-4.30974498332194,-3.66625170351338,1.11620338273109,4.84499499389989,7.6582989077246,7.68031280356006,6.46022426796068,-0.0152827863527727,-1.56204293768609,-4.56851127181604,-0.333261829961269,-5.36720896868409,-8.54929515476867,0.540563324949709,-1.10444212487487,-2.10162281448564,-2.11785291670202,0.155926041654642,2.6613491578002,4.37992811394716,1.602074265986621,-1.543883703102412,-0.16284254181024346,0.25690523680877336,0.043811490465378244,0.010469557499954324,0.02458373910634004,0.026089005582628555,0.015054624850203884,-0.06574543306329655,0.08908945060587002,-0.06524378635125051,0.03916898479369707,-0.03169016541851184,-0.03568566308873981,0.013660750131164573,-0.0051426795059323896,-0.0514009833027454,-0.04616221484725929,0.2603761267143038,-0.01851854353597082,-0.12051778312849204,-0.14443123724564602,0.05863087976383721,0.1786388124931736,-0.05227040149051274,-0.05583698398314893,0.057284852919646634,-0.09768881569291818,-0.015517749351421375,-0.037751586190019656,-0.013001655299546562,-0.010472389757185285,0.1066615958137569,-0.060920860377335705,-0.021966167675202597,0.09982802519153954,-0.017123871442289072,-0.09068872916176726,0.09239903448004547,-0.06696574640731136,-0.009275978799112874,-0.01587587965917099,-0.0647608210385587,2.4432586230973325,8.571797059123929
1,80.4008577817309,90.3241544308013,100.509426198803,110.219377800461,95.3608702546764,67.6540521278506,39.742346698564,12.0888858708834,6.83871631853844,-7.83449742882867,-10.6406436851259,-14.4479768066434,-12.8652622800171,-10.1414086819704,-5.25056852179191,1.40767064846067,-4.20189903380737,-10.3929065536785,-16.8750814930442,-19.4211422353336,-15.2597430300717,-9.32362817529467,-3.74052662752808,-5.42438388911092,-7.13651237311968,-7.10448305921127,-2.27815087920956,2.06578380245373,5.39923692132518,5.12975133569988,3.45452349542464,2.66427581072762,0.679099398062264,-3.4801936285903,0.12264489034361,-5.18881266967597,-8.51931532813669,0.15959455974708,-2.03103332100311,-3.77546118358522,-4.38632687908559,-1.9593502459624,0.739440646840746,2.50411634159803,-1.5446141881982178,3.4233036555076417,-1.4410690516954294,-0.3186923214180577,-0.036242196752189135,0.036077131605342774,0.033010623158124655,0.024253984412670015,-0.02074485404604312,0.10552193560596679,0.07860280710845176,-0.07671416153123738,0.0688530571899011,0.006220273735706686,-0.02444050540886816,0.00775654633559637,-0.006993204857905972,-0.13369596863103136,-0.003027757845194017,0.16172269914201512,-0.09926583898653411,-0.019192079344600942,0.026482978462959644,0.008877003210795398,0.00809162254194886,-0.03327356700598885,-0.04814910426983277,0.01704042158463935,0.12282465679047415,0.001052345955387201,-0.1064298058132774,0.017509458656360104,-0.029366694373771027,0.04638536369530772,0.0354894327354632,-0.04237994027441709,0.02800139454505894,-0.048096046424140663,0.020768819227559084,0.10770004704281803,-0.25624547207455695,0.04122361425598535,0.0434830892254474,0.06786086442649356,2.5656844947167525,9.50337594914572
2,87.8384525072732,100.509426198803,113.779101204053,126.13511154576,110.500203427863,79.0984549471241,47.5139082873382,16.1801502106345,7.40924155956902,-8.36697650286955,-12.2779594973215,-17.3921570046137,-16.0301625607458,-13.7065589764851,-8.40038153746367,-1.15530497227126,-7.59264968577282,-14.2049175657223,-20.703744225767,-22.5924398040622,-18.2779389592159,-11.8505218041676,-5.56256440039282,-7.21352815348987,-9.26496479779828,-9.9938444900304,-5.22678122620198,-0.329693459479559,3.82852917552349,3.30955752878777,1.18631476397047,5.81157590870462,3.51668583781181,-1.71036341769101,1.08904010519175,-8.12314855044539,-10.7913709686916,-1.98235194213639,-3.92435937572952,-5.57232444550431,-6.41110923462453,-3.43968927778815,-0.141492858918369,2.06968488453035,-0.1687910925242907,-1.4455542364318885,3.4127221646568833,-1.6085297330741652,-0.1664241015090528,-0.03690493361282749,-0.0002853169632905861,0.026313844056795425,-0.06869454118923142,0.04206322043896556,-0.027844926909446503,0.061903719318650706,-0.025970406469624997,0.025740265310011848,-0.027555945625559602,0.02319794641153469,0.04785836205991793,0.0533142784264857,0.05043463223806977,-0.054248489603959844,-0.10381953902556705,0.13851091964679005,0.17173542071273373,-0.1816831738807489,-0.18278581397051652,0.03246751142452214,0.0532271854944078,0.07495291832003628,-0.008677275374935537,-0.02423116858763249,-0.06061809162376032,0.1882900018965835,-0.14899515762916932,-0.012224672360272651,-0.018847640288169543,0.004886953778122455,0.02635199962165505,-0.1674796369485894,0.1729787855470591,0.07121657170548583,-0.006884685807360803,-0.08044773284825829,0.0028426801705414705,0.008136395627701982,2.5343085230182005,10.666259944519108
3,95.1282426385993,110.219377800461,126.13511154576,141.329822653516,124.983499574923,89.9299001827532,54.6835732020065,19.6842563768975,7.25204890146245,-7.79864869841287,-12.1414256691965,-18.1054917618137,-17.3431586684271,-15.462880464757,-9.88095118625881,-2.26782045330467,-9.35724193397107,-16.1984228756154,-22.6164169983017,-23.7283582825785,-19.2038871518205,-12.3356560013213,-6.13664295458242,-8.38143953720893,-11.1978651574211,-12.6003257999798,-7.52643831060584,-2.25995523073014,2.44334749389668,1.82747015377728,-0.611763057958241,9.4009639238818,6.12852572895367,-0.625731814659982,1.44332564053352,-10.8618594696948,-12.8880024246904,-4.00147297953896,-5.71922646109301,-7.43564441733733,-8.63571601011081,-5.24629384112944,-1.40376735504643,1.20025934771331,0.2588309542723006,-0.3195879222867927,-1.6097493908113931,1.970844974258784,-0.3894912752543783,-0.10764396262470297,-0.024141452930659998,0.0647040906800257,-0.007961345944716362,0.018721745006807303,-0.16017251444769773,0.12084773911091275,-0.1469924264401952,0.07794238901466345,0.0003441584613948691,0.013490081683607979,-0.03656242308881087,0.003029133128891174,0.06970413871227543,-0.25929296753869124,0.14164548063634072,0.03144337979354054,-0.08837156346191619,0.05187501007354944,-0.031167173863571426,0.253610684898843,0.02841702872557038,-0.1584809268026584,-0.05595995463846958,-0.0562077321918642,0.14933177578183418,-0.10815492145913762,0.054893932566439825,-0.04518034033990522,0.03442296994758836,0.019637539089238633,-0.07394182682149425,0.16182040528078157,0.04556156113435061,-0.23698104635256872,0.20640576692922472,-0.011791341958829419,0.041720552715784245,0.00845253659762875,2.4388388493227207,11.887801422193913
4,81.142276268104,95.3608702546764,110.500203427863,124.983499574923,117.271265586521,87.48148936628,57.4453581279987,27.4366152190035,7.7498970670801,-4.72198275201045,-9.34359198429814,-16.0729207221572,-17.1517471192637,-17.0097560676578,-9.88210964800877,-1.20283488056365,-7.64318739985581,-13.3341318808787,-18.1251286337186,-18.1209529779611,-13.5783376059329,-6.84817640175098,-1.76037055478064,-3.85009525868206,-6.711322381151,-8.52186137247472,-6.03861874870662,-3.10834409905232,-0.449060133103557,-1.37416108856661,-4.61081839789738,9.10494843174859,5.4132641385968,-0.01414529609589,3.07358348587653,-9.15819729383739,-8.52924280177752,1.01974833994848,0.546735775038716,-0.87680345961033,-2.2247160329807,0.122711925790528,3.01213334495464,4.5379572174456,0.05580984699915814,-0.03497662015450615,-0.17042670384263933,-0.3892528988738179,1.6774849528422655,-1.3276938310662092,-0.3482803027004945,0.4298889955456304,0.09951749945440767,-0.13651910546979826,0.11111453181601195,-0.04359055263239809,0.04551103183116271,-0.18089915585753633,0.167354892872311,-0.021187844262059687,0.011379607269273352,0.05282866407097821,-0.03890567590002681,-0.0023200126088989913,0.020785501395525072,-0.015992472948528364,-0.037981368585412754,0.012751089182168782,0.0823080683380032,-0.15965726543808012,0.025576240030346382,0.1978484427682467,-0.09305353024223743,0.015475937365420463,0.041550245534738836,-0.1423147933965465,0.33246087489146275,-0.11976783900727862,-0.02070237865939584,-0.008496931199039,0.030977901209615365,-0.022359780247418016,-0.15804683574329284,0.04952105493462191,0.08925814723555392,0.08995171969624816,-0.07767902132962701,-0.03251732461377862,1.5026881720430105,10.828724097811401
5,57.160284685474,67.6540521278506,79.0984549471241,89.9299001827532,87.48148936628,69.4063439854436,50.8931900425837,32.2042951775346,10.8571587327954,-0.406701132419896,-4.31978364431789,-10.4495852294377,-12.7718539710443,-13.6397562022233,-4.91791130945264,4.67524147191315,0.121111765420185,-3.96775208476092,-7.02628528174972,-6.54860273136852,-2.77936419899575,2.66219996590598,5.26705145215612,2.56175841152632,-0.559867284364298,-3.22847300955946,-2.82812835144599,-1.56180545726264,-0.0872282217941893,0.246201812733754,-1.6082942223653,8.02693038913957,7.8800546575323,3.52447064795701,5.73836097979795,-7.71187246882145,-5.29753532668302,3.57548808890537,3.59914628735109,2.60033695536551,1.27751159473882,2.6167425217311,4.62041410042111,5.65439903989684,0.0024205411424276517,0.03559952104612286,-0.025954585684987933,-0.09972102235414568,-1.3281235981079482,2.97008927446837,-1.4795757199855364,0.044435759885603554,0.006393634426122462,-0.06337376812230024,0.023221606677036457,0.007300238701935547,0.04717583369707322,0.001632184030350308,0.0022811677296380316,-0.07020407991064345,-0.004573064522088158,0.07693985105548327,0.01990308800662526,0.037087539797666894,0.006163594719478002,-0.09694351403077371,-0.00880799705688536,0.07654677237917987,0.06029736850229741,-0.010759867009120173,-0.03772897612889198,-0.23454473439165935,0.09451731914326068,0.08287750947877437,-0.0022648643615678365,0.05946181251682855,-0.24814154394163196,0.15884911098123636,-0.018939083095293647,-0.0009965426128463611,0.00581093669153378,0.04480755884021988,-0.07367998650353909,-0.00833029004560684,0.00017001051137597854,0.0060421174646931395,-0.038142226727956,-0.0017570494218583973,0.18705837173579132,8.330446805870837
7,32.9721738712609,39.742346698564,47.5139082873382,54.6835732020065,57.4453581279987,50.8931900425837,44.2384333138273,37.1092467677619,14.0521627159778,4.12335111641839,1.10376367406563,-4.27328042987604,-7.79223399222905,-9.62022820411513,0.554845672701388,10.8867293864088,8.44815988915784,6.1897014735673,5.07678104153958,6.11194548973979,9.13448518470075,13.2060095133975,13.1668146718073,9.65841504484273,6.08708530206052,2.16266873912564,0.150119678036797,-0.383927132723542,-0.0403960919253372,1.49121922707328,0.958009709843204,6.20873397806024,9.67535184357507,6.80624108164543,8.44207333265991,-5.83459819068932,-1.92661237661488,5.78826557534187,6.10058731786229,5.71280815827521,4.60436824476872,5.17082534167205,6.48997318036841,7.24056303338158,0.02194183397441934,0.029074531176078614,0.009301806656692937,-0.02237079589256414,-0.3563366778817263,-1.4813696057029735,3.949663666462415,-2.0043563604738495,-0.031542178643039265,0.03419938419999436,-0.022458439253869974,-0.030219588176923065,0.02763238120375679,0.13927185616027293,-0.10090100348099451,-0.017779063664937027,-0.004099342889289085,0.00455668558549438,-0.023067934376427204,0.025240563350595525,-0.002130911089667025,-0.01193059722693131,-0.006927386638258711,0.014569133065488868,-0.003124468006452897,-0.02428972288319462,-0.003559347904547985,-0.015297632321210265,0.01235975232312656,-0.0008365996135909263,-0.004407194273457965,0.02495357955332929,-0.08028186572809115,0.003982495153141694,0.027931913939146968,0.0574530826299847,-0.04775830786485939,-0.039997461039336164,0.0010884014009817937,-0.002412841968620524,-0.014296100683241832,0.00017018869073060915,-0.005885507719116554,-0.011157268759574282,-1.2253456221198158,6.650446098858881
8,9.05388517117631,12.0888858708834,16.1801502106345,19.6842563768975,27.4366152190035,32.2042951775346,37.1092467677619,41.4583920799503,16.9439164308635,8.52647242878869,6.57522781850464,2.16467917845121,-2.33775484298958,-4.92228881058133,6.21121179034194,16.7786238388996,16.440292940255,15.9942192665221,16.7693296444168,18.3356651241018,20.6487992478869,23.4250780011291,20.844386234378,16.5304653331646,12.4923886449471,7.3370708156055,2.9669065146125,0.633674256372693,-0.1681557206121,2.5700097463866,3.4051111380505,4.39254026617246,11.5049942314424,10.1080501682413,11.1381119859741,-3.98219082839955,1.20423994700937,7.61633796866302,8.20735361151968,8.48247861645978,7.620862203536,7.46203835874727,8.14170770499951,8.65368985809731,0.02449718262316759,0.023070880642169903,0.027648650383858196,0.05960937706395189,0.4262069915650451,0.04252065797990888,-2.002682882267484,1.608828944709094,-0.059202938766892574,0.16609101143301927,-0.09934946139972776,-0.01723520794438039,-0.008681265592873397,0.0731528693966481,-0.11678096330839241,0.052435066183887484,0.007518545529373547,-0.027640835786873524,-0.06274686414105754,0.018642875128983417,-0.012417705338192118,0.03815800078417168,0.005651210475676788,0.022723050227490535,-0.08452982914853417,-0.08870884061354263,0.02031555936778513,0.11479790083062201,0.060229383091551285,-0.0659997958693746,-0.0340199889275459,0.055320315492641554,-0.07832893384474646,-0.0021261051274649562,-0.01931670628455825,0.04408785285066361,-0.06571208870379103,-0.00961104897908415,0.12186622085208898,0.005455137879046788,-0.07005513057484462,-0.023231066271281388,0.023716683338016065,-0.017698995073232474,-2.5947388632872497,6.438042565869711
9,7.46418366259889,6.83871631853844,7.40924155956902,7.25204890146245,7.7498970670801,10.8571587327954,14.0521627159778,16.9439164308635,40.0082986339697,20.0586700436491,7.30304582704815,-2.24171110359142,0.124636236574465,4.58585370795982,14.4400617062249,22.8082618792175,22.67311388571,21.0258910775741,20.1726637820265,19.4732340480402,22.4115593096956,29.0540026776729,29.7570003802724,23.932440798657,18.2134284946363,9.82140338717325,3.15514064519799,-1.62442090298815,-4.66357550136707,-1.77795120366793,0.908368872803438,-2.34214759772805,3.5655718998097,5.95659773003027,4.92659975707035,-9.7726540426951,-10.4970943059874,-0.790149573331663,0.759232839897403,2.53581293576409,2.4263368077478,3.06613661747277,4.61777483957716,6.41595466896966,0.01405504191930973,-0.02013538216619208,-0.06965741012654793,-0.006666496627045758,0.09951535200235291,0.007175332067660519,-0.031056441193829224,-0.05881008425036629,0.3764715299024148,-0.17527549979834756,0.007255848088271071,0.07477670548438868,0.04777615484648976,-0.01297032787646687,-0.0033078212536072843,-0.018767279095856983,-0.021651496544984383,-0.16740407022248754,0.0013737415621804723,0.16187606170123517,-0.04431987275519655,0.012796498721608634,0.030197465686768104,0.0008819586524636798,-0.07010735966720587,-0.07963940611673376,0.006488198078790709,-0.05534454044757285,-0.011404255338293744,0.09644504185199565,0.05501980883711778,-0.03166679793031433,0.05392924591829977,-0.13595291054539238,0.021627658925752066,-0.06871135837992343,0.2285421151244895,-0.14923203967847157,-0.045298740321155745,0.09558220697898877,0.15199146340685307,-0.07509139381272685,-0.011694884949114241,-0.05535690351439005,-4.177227342549922,6.3244208141117335
10,-5.21649849162226,-7.83449742882867,-8.36697650286955,-7.79864869841287,-4.72198275201045,-0.406701132419896,4.12335111641839,8.52647242878869,20.0586700436491,41.5507983444274,37.532626428655,33.5874668030708,29.6951463328401,27.2105499443852,25.0563623139644,19.1560087383834,18.3098798918513,16.324914031995,15.2987014924162,16.350222749336,20.8564304289667,26.7705692820559,27.2979758443226,20.5037756246773,15.1924765607521,7.433476298202,0.461336011864462,-5.41002723460071,-6.84608349853807,1.69652023012004,10.2831002379274,10.1830025987927,14.4582331735237,12.2856757405082,4.48771145448049,-17.5806314089005,-12.0191563373738,-2.80540374287839,3.35569331446289,4.82748890697531,2.99252129809385,0.199783854447108,-2.81320033149851,-5.7908179859907,-0.06731311614678935,0.09838696546862918,0.041651950614141314,0.016876643492824937,-0.14065831797416137,-0.07138380105165859,0.0286743227819789,0.1641032878363022,-0.17625713751506888,0.8909079808734893,-0.7317611821834409,0.14374721439679036,0.0808718003978748,0.16482166384107896,-0.3387221652545489,-0.03717955423934823,0.009627797352112215,0.0983269349437785,-0.2993815733024588,-0.030885601362378345,0.0897135282919239,0.19695694376119996,0.04040738009682246,-0.021109571967021144,-0.24456042144677032,-0.08151920795082197,0.030479527896197983,0.1840183301318204,-0.02476445526531129,0.12741310233076394,-0.10003204311806327,-0.108671409044,-0.008814363965718577,-0.02006405032803242,-0.021250114287979186,0.033191066426965586,-0.10477348495733159,0.2550304491400694,0.08437253905682675,-0.08219698995769592,-0.2977103765438247,0.011209490060284759,0.027331909798875547,0.17901423747266576,-3.5933179723502304,6.445215151135559
11,-6.85260255249191,-10.6406436851259,-12.2779594973215,-12.1414256691965,-9.34359198429814,-4.31978364431789,1.10376367406563,6.57522781850464,7.30304582704815,37.532626428655,46.7613380665886,52.0533757162293,45.1356752138258,39.1904744727837,29.592591249495,16.3607752756764,14.0219036783352,10.793474959959,7.0516628564789,8.51147223202599,13.89417078256,19.253364888002,20.0325758880784,14.285081410788,10.0127825898755,4.84503486852913,0.505579961578864,-3.78851457818712,-4.42553546775614,3.76246847050098,12.1904299067306,10.4123075079334,14.8351626738147,11.0843282836238,1.26332306658493,-16.2365625044987,-10.2888853434626,-1.10261637734352,4.69607391674857,6.17561252139381,4.24724010060722,1.87713336264758,-1.50162501991052,-4.78697119181048,0.08883282550213803,0.0846938013624918,-0.024114742005226286,-0.15619819340294672,0.12141633677737473,0.04029148899207881,-0.019226323261433267,-0.09650467512852391,0.007467527669256858,-0.7321982296617314,1.7188302644439153,-0.6633384449619311,-0.31091876943524516,0.02450198624777233,0.11415505075775569,-0.026906324247469006,0.007884298384344875,0.014921788779161999,0.12880172476350327,0.11728797436989298,-0.12840616682879166,-0.10618290748928154,-0.2467194683289462,0.007910793384614688,0.3227998637223244,0.10538725373728229,0.005747460507237559,0.09274235843861944,0.19162414636773564,-0.43774526992084456,0.05564322870181724,0.0020199928130143477,-0.059955146162728644,0.26878481810855315,0.00970517454598601,0.09698330782263326,-0.1257690410473098,0.015871736152902265,-0.06867829974648286,0.07887439929805609,0.058639258958789825,-0.3230657239906309,-0.03971055693345491,0.09514274646337485,-2.1454301075268822,6.837495014008321
12,-9.25691292644274,-14.4479768066434,-17.3921570046137,-18.1054917618137,-16.0729207221572,-10.4495852294377,-4.27328042987604,2.16467917845121,-2.24171110359142,33.5874668030708,52.0533757162293,68.0739891863555,59.259380904342,51.0294536994212,34.6584966257562,14.6622025515807,11.4348301169402,7.09823382416054,1.3308673448473,2.56014399902744,8.12682798388466,13.9503548617482,15.8853125086352,11.5288868807489,8.57605969914892,5.70166340261683,3.80542977198897,0.94453543306775,1.24214488997462,8.67171947893821,16.9563459802579,13.2671579938834,18.5050738038269,14.8740195889182,4.48592225018345,-10.5561326526929,-6.16885137324137,0.52533468210752,5.21370280292119,5.31555306968024,1.91095417695214,-1.26114889141119,-4.61436269282931,-7.80138871389107,-0.06616216811469829,-0.07599308657595594,0.06220867338872357,0.12056225157122037,-0.048085394259204585,-0.00016823721458715017,-0.043017314717044765,-0.020585343875495814,0.07434179102611298,0.1433975207906073,-0.6628745830455808,1.2248186366246216,-1.1632688313744528,0.3933675699321144,0.05434937979972473,0.054219466588114835,-0.03252123125119382,-0.19653012124438185,0.1901129930437855,-0.022359184332842133,0.03854334421275605,-0.057661020091463545,-0.00934683646226726,-0.002158807583144583,-0.03704350976878471,0.027078746729934173,0.057503703540731976,-0.13392131291121007,-0.20474532562479894,0.24921276756606991,-0.025098635063371923,-0.1279440758821719,0.040420381524215274,-0.00725107758741046,-0.058986056340986685,-0.034375652085923386,0.061763755971074794,-0.08842805297075243,-0.003986074327154953,0.09032262852295672,-0.006527685047790109,0.08617256178484278,0.004229893656328748,-0.061650708309829445,-0.9841013824884794,8.250090253224842
13,-7.69362424773758,-12.8652622800171,-16.0301625607458,-17.3431586684271,-17.1517471192637,-12.7718539710443,-7.79223399222905,-2.33775484298958,0.124636236574465,29.6951463328401,45.1356752138258,59.259380904342,57.3123533483286,55.5503617540282,38.702405303132,17.0631101578097,13.9662860253094,9.69933168588937,4.40866076743667,6.0081885185598,11.3566087955657,15.7637500611159,16.6271633238575,12.5029889220979,9.50482918569037,6.81324204439579,5.11232274961007,2.02741020802607,1.49949531270007,7.65680855622495,14.9592571895795,6.02410055619823,12.3512558995529,10.172239602359,-1.44928997040913,-12.0723960990648,-9.19671483066384,-2.52363947500283,1.92223117150264,2.60183104250319,-0.326434020863409,-3.02261952362396,-5.23829552868332,-7.26984763894787,0.037667194287781,0.06529055916214689,-0.02749680242012682,-0.1506739108109732,0.04419319158817163,0.052756170794100825,0.02789285805024219,0.0025669132756140616,0.04844533331808378,0.0819974789319463,-0.3104401164342902,-1.1621227338232012,2.6574832036692144,-1.1980099389815475,-0.06718730796565073,-0.07097751912341363,0.03046565107805454,0.0884190011081065,-0.17067260244195193,0.01259659542747332,-0.05373930159908924,0.25653003397235075,0.1613565397207414,-0.006033082321725302,-0.24658301022574214,-0.06942292784580245,-0.08805958391649192,0.11136804537070681,-0.016648958382488727,0.013382416853441992,0.06904748824294422,0.15269234131410622,-0.037551253888890454,-0.13405855704206254,0.024531968425367253,-0.0860587133783892,0.13941896655075084,0.0027711832358840636,0.04525902683004367,-0.24910249454612732,0.10324894411336509,0.06616432147770687,0.0325525793618201,-0.00446626930901003,-1.4564900153609834,7.569831791283647
14,-4.76642873446197,-10.1414086819704,-13.7065589764851,-15.462880464757,-17.0097560676578,-13.6397562022233,-9.62022820411513,-4.92228881058133,4.58585370795982,27.2105499443852,39.1904744727837,51.0294536994212,55.5503617540282,61.4897924194767,45.353344140605,23.420468474811,20.7402111382992,16.863900036134,12.4628744759628,15.0149844025987,20.8345317048761,24.4477283618749,22.7170458233658,17.1564429954422,12.4242360097927,8.75490796652267,7.04307893432853,3.39862058142301,1.78132211210709,7.41031282122576,14.4334537005203,1.08640254112205,8.33465405356627,7.228415757521,-6.00107603103647,-12.5976527078579,-11.7882325965116,-5.53923556573531,-1.89884931396951,-1.05003241913566,-3.35856519314882,-5.35216590921002,-5.93938523625106,-6.31150922229757,-0.03523994260247553,0.0022852085433428698,0.02283035651142864,0.07779810930881863,-0.17688014782871417,0.0014258306825140684,0.12575985395363884,0.06863141500290589,-0.013070637630044681,0.16608772251025025,0.022945283186083035,0.394544540417463,-1.1977794784676377,1.1982431741894344,-0.5304898976685858,0.10016347964011568,0.018314908020265138,-0.05326199456341255,-0.10223543096044403,0.12801101776658433,0.033473035149150177,-0.14991905010940376,0.0325266792739691,0.03925887494493133,0.026681756555856535,-0.15147459922766418,-0.023500157995457533,0.0711316128458478,0.12053510146993977,-0.009489335506416386,-0.0814331437120777,-0.0073813515184066696,-0.12186404875867704,-0.07042798758030296,0.11502541312132519,-0.00941853790399482,-0.027909981051608676,0.16187293326541455,0.031003073305362686,0.012089059755625983,-0.04647589602237291,-0.0873385413864459,-0.029530630881816188,0.03601639965836447,-1.8679467485919108,7.840905076550586
17,-0.700259946335081,-5.25056852179191,-8.40038153746367,-9.88095118625881,-9.88210964800877,-4.91791130945264,0.554845672701388,6.21121179034194,14.4400617062249,25.0563623139644,29.592591249495,34.6584966257562,38.702405303132,45.353344140605,46.4921106468274,39.6539945126186,37.058326379609,33.4101151953936,30.0809550918458,33.9865361537998,39.9108234845465,40.932499565392,33.9174082219335,25.5909555077659,18.8928947193018,13.4257148672475,11.2931030552025,7.22691609702321,3.75270593144201,6.92154922784496,11.3344763734129,-11.039122960225,-3.08737233031447,-0.437036745685263,-1.56307776933361,-3.52875869135167,-4.09180253516905,-0.0441523515765518,0.0188506338989226,0.260437349313854,-1.67473368710096,-2.85004564359692,-1.92527497387879,-0.879399204309983,-0.032423520748416326,-0.009898572855497802,-0.025263251323066914,0.0016776605614625512,0.16462769107190547,0.002933139819725262,-0.09098882538867516,-0.11454371614995672,-0.0029827388412485664,-0.34089115155447086,0.11589698063419619,0.05283942096960181,-0.06694573154015242,-0.5316587532583877,0.9725027437416871,-0.11314676485738373,-0.09017011311571668,0.04082460968184933,0.25375088609457697,-0.15551982550426588,-0.007305229410826865,-0.14532708652944415,-0.04567993781399731,-0.024823939808712937,0.1967886686234141,0.19963523587707113,-0.0018212475193018676,-0.2666518778962076,-0.006079692061807805,0.03416899929137653,2.1461847326323726e-05,0.055011590393588265,0.18734873177165898,-0.008178817345678888,-0.06278831224141089,0.04419869189794696,0.03608609571381659,-0.2779039169421954,-0.08149487240278783,0.10763209184305773,0.06812482232061871,0.2612808057893404,0.013532050320263693,-0.18846583273487175,-3.7874679979518686,6.8177790112930055
40,4.63695914962587,1.40767064846067,-1.15530497227126,-2.26782045330467,-1.20283488056365,4.67524147191315,10.8867293864088,16.7786238388996,22.8082618792175,19.1560087383834,16.3607752756764,14.6622025515807,17.0631101578097,23.420468474811,39.6539945126186,59.052719832736,56.8708034405618,53.8683816783781,52.9240420248244,58.5547953495672,64.5094407239264,62.2742516731701,48.9696344545262,37.4707141149886,28.2971512959324,20.2303710102866,17.1877292234085,12.4055689573291,8.8218049703772,10.00673305216,12.1450235372758,-20.0064787402179,-10.1315450646068,-4.70208026961409,4.4458627582199,6.2662616160289,4.13381893357123,4.85112641521653,1.34330719108722,1.09250349388017,-0.344200030029522,-0.408321642912824,2.22253954169635,4.90497114534609,0.005566528664098147,0.008982137750463711,0.022803807172395295,0.01641707051670891,-0.024592971830299463,-0.07171397335021631,-0.018037283665605003,0.053026015829115807,-0.019123259757412855,-0.04163879853215441,-0.021460147430872836,0.055799363510503686,-0.07684071498701858,0.0938397842564996,-0.11123816908646765,1.3683693256000862,-1.679452355503575,0.22954816861016672,0.43573161366285906,0.24130343120343536,-0.4510697805215696,-0.050924521130423395,0.12760082498738795,-0.009172140578495011,0.05216252513360733,-0.03616941281900848,-0.10106008724575173,0.15657328461447598,-0.08789652207722715,0.008970375246360176,0.0037285487850113467,0.04892474867899978,-0.03849005169943173,-0.022388539258508488,0.016943732831688825,0.0037080751690832373,-0.02962344511501911,-0.06509671259089114,0.07927429063966496,-0.11436611285084587,0.06838565894068631,0.17965391309028225,0.0026445219600888777,-0.13733618753239973,-6.358602150537636,7.683926068927002
41,-0.324975990316062,-4.20189903380737,-7.59264968577282,-9.35724193397107,-7.64318739985581,0.121111765420185,8.44815988915784,16.440292940255,22.67311388571,18.3098798918513,14.0219036783352,11.4348301169402,13.9662860253094,20.7402111382992,37.058326379609,56.8708034405618,59.1237395798622,60.1200451134245,62.8817512293893,68.0487737412664,71.0717129037104,67.0330226704422,51.4038812483379,39.8360541911063,30.9986645488566,23.127806550498,19.9889467737339,14.896542865,11.2090987063922,12.1015380727302,13.2663200572181,-20.2156120968672,-11.4382973462971,-6.43815857458941,3.64704573368112,7.91995187583101,5.09102717799069,5.50421256101686,2.10093575831719,2.33436312403866,1.73840532334721,1.90520826383094,4.67144329445626,7.60404162696506,-0.006889265747237,-0.005535959794473468,0.04213380269857617,-0.03052965945635064,0.010623646656602953,-0.007446199855427163,-0.0050280305124961655,0.004555408616955524,-0.02092033293611462,0.000742608576942802,0.010449695445488943,-0.03129187391687851,0.033770734733762735,0.016843560997983592,-0.07539444294853921,-1.6800083326521777,3.5289124771231126,-1.4834007728978913,-0.1914816360537255,-0.349704472140147,0.6231521651252574,-0.09851408694886142,-0.27023994865802736,0.0015410906835684106,0.046306196414877016,0.07221254628079693,-0.014175385700569755,-0.009638830482281781,0.056664198243370635,0.031793683879828775,-0.28041615112128987,0.17186468037211414,-0.012007701005348162,0.04113474395299621,-0.02032781028885253,0.011302410056731611,-0.00945640244528799,-0.025510353214519037,-0.016230958271652343,-0.018864816021031756,0.03806823952966623,0.04241289166310944,-0.009799501628960967,-0.06631177312318487,-4.319124423963134,7.688545999073051
42,-6.45004392538603,-10.3929065536785,-14.2049175657223,-16.1984228756154,-13.3341318808787,-3.96775208476092,6.1897014735673,15.9942192665221,21.0258910775741,16.324914031995,10.793474959959,7.09823382416054,9.69933168588937,16.863900036134,33.4101151953936,53.8683816783781,60.1200451134245,67.3096922859148,75.8624947101788,82.9237611930581,85.36200354315,74.6519058962155,51.8711125914129,40.7659279315961,32.4205701010016,24.9302516150612,21.8625779358134,16.6070331081806,12.9328881648406,12.3872007962123,11.5272731076011,-18.3457712974771,-12.6316381656781,-8.2695133436086,2.71744183492967,9.15260936584525,5.92830602066877,6.54577106813657,3.54875388641953,4.64695137810032,5.29332822372061,5.48875305240552,8.20121258575474,11.1877293704361,-0.0503132571229561,-0.11722171514288726,0.05313252473590421,0.004440731546535417,0.060774951426509384,0.06987248358264482,0.0038751318993099377,-0.027541900930844996,-0.1680119935479204,0.10043934121691843,0.014792579337382115,-0.19714320861501217,0.08547021612542462,-0.05484247318099278,0.04463864031909496,0.22811562514263004,-1.4945054650311633,3.0633924392438265,-1.1880875117757501,-0.31512101284967464,0.1227889138826501,-0.28915752290213786,-0.09799470474651392,0.21665598868351427,0.09228693910197794,0.09469022767115855,0.03778001637094415,-0.24228901011895412,0.17391974644239827,-0.010944912762646775,-0.07776353203495567,0.13100107316811094,0.006005828228783316,0.06220636356316341,-0.07286382925591595,0.096174342723656,-0.1053755555052039,-0.013199699866233178,-0.07797069901203155,-0.03198277261064463,-0.010792301383733901,0.05909100082535467,0.006957425192001851,-0.024980799021590276,-2.160445468509985,8.203638966087839
43,-13.1676452418486,-16.8750814930442,-20.703744225767,-22.6164169983017,-18.1251286337186,-7.02628528174972,5.07678104153958,16.7693296444168,20.1726637820265,15.2987014924162,7.0516628564789,1.3308673448473,4.40866076743667,12.4628744759628,30.0809550918458,52.9240420248244,62.8817512293893,75.8624947101788,90.9038543266769,100.121388306315,102.142709058439,84.7811440237901,54.6918118820516,43.8453607426788,35.6500597234547,28.0813616762234,24.6769793856715,18.9869895441617,15.6503820338125,13.716782467291,10.8076246479552,-15.8322190944921,-12.9440260886775,-9.26651943868098,1.95652483981705,10.4838389877494,7.12057163687775,6.61216986958352,3.86928732028073,5.70060407429912,7.51873209124998,7.65943884004171,10.6600036125256,14.0178934559999,-0.053175819812874975,-0.0011634079604368088,0.056277835861413834,0.06585103201812322,-0.03962814254223192,0.01888072840287581,-0.01799895996385859,-0.06259861629061655,0.001468142300788974,-0.29806987685097264,0.12486104619160078,0.18818330053967577,-0.16058596109306902,-0.10352945205641846,0.24745310923924396,0.437009506818609,-0.19353804504738906,-1.1936964753493369,1.587146884227566,-0.3351147764345371,-0.21240887053221477,-0.057735772320997,0.007753957284427916,0.018306525020046368,0.07344463518826415,0.06906268656769242,-0.13925156598210547,0.21448129303834185,-0.14160642681602578,-0.22149773579418153,0.12106946113882486,0.005452878163290981,-0.07702985421426263,0.11884085818656057,0.00022016355398354594,-0.023800922826821027,-0.06478134792077471,-0.16217342740226148,0.20907407863149244,-0.17432495820597763,0.05664625067730996,0.2269539998310777,0.0018737667389681658,-0.1752780547763548,-0.21036866359447007,9.533826845851404
44,-16.3371756822499,-19.4211422353336,-22.5924398040622,-23.7283582825785,-18.1209529779611,-6.54860273136852,6.11194548973979,18.3356651241018,19.4732340480402,16.350222749336,8.51147223202599,2.56014399902744,6.0081885185598,15.0149844025987,33.9865361537998,58.5547953495672,68.0487737412664,82.9237611930581,100.121388306315,115.920684227494,121.093107686687,99.1448519774367,63.0705649061974,51.5079747683182,41.9453911152665,32.6575539904226,27.7924886449051,20.9279329008335,16.3332354057486,12.3622774129816,7.71491214887099,-17.5437633147371,-16.008057052355,-12.0690913354153,-1.44236328965175,5.12828915197605,3.42142095898585,3.76034103051826,2.93797090110983,5.98909594119215,8.49957856641129,8.56339292210998,11.619181277273,15.0501623398582,0.2546078279796302,0.16099951610663163,-0.05520638514868046,-0.26133329012363254,-0.005155727491656449,0.034434129812706334,0.026360308910791372,0.018383237490322463,0.16199542546685777,-0.030660279698565086,0.11660257294487869,-0.02395721389104011,0.012904094363096478,0.12345508478071947,-0.15789863026132808,0.24092093939599116,-0.34719362212446253,-0.31404449728497535,-0.33493715895759335,1.2542883472374011,-0.5670726394618728,-0.023651531011547367,0.08368865970828063,-0.025031778825257867,-0.005480715524216919,-0.1457196975703708,-0.0330462526474799,0.06471144205809536,-0.06269240938207811,0.14124632582033927,-0.05698317123080017,-0.03707571523519815,-0.05692460803053187,-0.005136189432818534,0.034319424355809654,-0.13295311801452606,0.26546230492339373,0.06556641831422257,-0.25528082066381946,0.20830353621622227,0.04872665313217156,-0.1418708532810526,-0.03572016659785782,-0.04357815561917583,0.2526113671274963,10.766182435176095
45,-12.3373705729702,-15.2597430300717,-18.2779389592159,-19.2038871518205,-13.5783376059329,-2.77936419899575,9.13448518470075,20.6487992478869,22.4115593096956,20.8564304289667,13.89417078256,8.12682798388466,11.3566087955657,20.8345317048761,39.9108234845465,64.5094407239264,71.0717129037104,85.36200354315,102.142709058439,121.093107686687,134.450584275447,112.335474098642,74.4833327264045,61.379546346186,49.5613444471139,37.429793760333,30.1445046171109,21.321065704683,14.6935742447023,10.0756423970395,5.07857928369429,-18.2809786517321,-16.0707141450018,-11.85292304638,-2.37153042506901,2.51201495742015,2.38197391541172,2.69812823313525,2.72422483887791,5.35281056333684,6.98072635748872,5.55616592352519,7.14557926755549,9.08883376218546,-0.01913066511530418,-0.08619069887011556,-0.10990439157030049,0.13914141271077787,0.019929188828341743,0.007326632731944474,-0.0015431242360517104,-0.011532772347212256,-0.04407375663998833,0.0968405638609674,-0.13124341119278263,0.039968753774380236,-0.05352924531765115,0.04350946756034404,-0.009396810126347785,-0.45017485434457954,0.6251245817831885,0.12275810683113737,-0.21474012241436322,-0.5657568177851809,1.1328407728005314,-1.0447219004787776,0.538563496228109,0.03425594202029164,-0.06730573532724218,-0.08886441632336871,0.05472928131336154,0.07614123151113213,-0.05488943481774626,-0.08358838180074295,0.05775152959369593,0.05351035292652582,0.10355242987594813,-0.1289830488832569,0.014857622527903874,0.016280234071108058,-0.022896408011707108,0.015917825394235842,0.08909923616072807,-0.005446395549563048,-0.11414599571610351,-0.07453221481098823,0.03998783334979189,0.16461659486352093,0.19677419354838738,11.594851628004841
47,-6.34257135177031,-9.32362817529467,-11.8505218041676,-12.3356560013213,-6.84817640175098,2.66219996590598,13.2060095133975,23.4250780011291,29.0540026776729,26.7705692820559,19.253364888002,13.9503548617482,15.7637500611159,24.4477283618749,40.932499565392,62.2742516731701,67.0330226704422,74.6519058962155,84.7811440237901,99.1448519774367,112.335474098642,108.965045765977,87.5990040856647,71.9921321292816,56.78631514157,40.2993768745363,29.2785975210426,17.4519539086743,7.75565855168176,5.4084607053205,2.59849327248368,-17.7333410682648,-10.8839842246197,-7.43600046122257,-1.40605542978297,1.11607598221163,1.60687216052598,-0.470021877116834,-0.328613535068707,0.504456093412175,-0.246124475605338,-2.30465263576626,-1.47239129847451,-0.326765205459499,-0.13498013991239308,-0.018540663872242805,0.14841697178444282,0.035848516944782055,-0.017428355022208124,-0.09575141076569181,-0.011781196448712854,0.03480993916018897,0.012585143696935636,0.18863455520292444,-0.1032198628022041,-0.05693070733732683,0.2531488372548011,-0.15633003219697958,-0.14407376545549963,-0.047109830706014766,-0.09405726930110946,-0.28943426500533337,-0.05870400429559903,-0.025376375152768162,-1.0443717282958336,2.5989022932722206,-1.2640664745545631,-0.28368264632237644,-0.07765663115056687,0.2592854187265234,0.17452726350749914,-0.31970307508129736,0.07228246221176456,0.18290013370106561,0.07774535731382237,-0.37430903779018243,0.03212862381280987,0.12550172268083734,-0.052859307892410064,0.053709638134044786,-0.12006963468806771,0.1385252821775088,0.034340617266732945,0.00677995278300837,-0.14705072178441964,-0.10968619940717564,-0.004641581464042432,0.13368102583809133,-0.813901689708142,10.438153369537
48,-1.03292164562512,-3.74052662752808,-5.56256440039282,-6.13664295458242,-1.76037055478064,5.26705145215612,13.1668146718073,20.844386234378,29.7570003802724,27.2979758443226,20.0325758880784,15.8853125086352,16.6271633238575,22.7170458233658,33.9174082219335,48.9696344545262,51.4038812483379,51.8711125914129,54.6918118820516,63.0705649061974,74.4833327264045,87.5990040856647,85.8838605198352,71.9614174071965,57.5307422638949,40.5824838399691,27.4417983466803,14.4813834312051,3.4554624138011,2.13922268380801,0.196550408650088,-19.1673046858269,-9.06036244243536,-6.01544909108533,-3.56542373516263,-2.86480455911619,-0.711779046301538,-5.06314766870871,-3.69126785364359,-3.93720603114296,-6.37138990796014,-8.95609178220293,-9.44982640313954,-9.69407099071273,-0.13901837391844338,0.02138963888200463,0.1676275807235061,-0.09249310748907251,-0.04713485859256157,-0.006818596316358588,-0.0030202241246490916,0.005058059353956629,0.028982582374336232,0.034165251250260625,-0.24099466788933402,-0.008501864971754912,0.15501031828792625,0.03077894036324091,-0.03534420442157707,0.14231923128960555,-0.2932928347510695,-0.10132911817807615,0.007050474976785925,0.07538319188336744,0.5378077596284139,-1.2729151326933357,2.161517369945889,-1.1965897448917622,-0.17567598001377197,-0.0005802104307817315,-0.23590352654051497,0.1976151129215964,0.1670986351713498,0.020757722133393795,-0.048759007939806254,0.14965188162115306,-0.015442890863552857,-0.18044290227806772,0.049043152152785464,-0.09002352299428928,0.09301571912123002,0.05223987487789681,-0.020991250995452758,0.0816088424804203,0.2829375339801256,-0.24493533289791658,-0.03948318842440563,0.149923515915055,-2.33873527905786,9.266815014870815
