,Cov_0,Cov_1,Cov_2,Cov_3,Cov_4,Cov_5,Cov_6,Cov_30,Cov_31,Cov_32,Cov_33,Cov_34,Cov_35,Cov_36,Cov_37,Cov_38,Cov_39,Cov_40,Cov_41,Cov_42,Cov_43,Cov_44,Cov_45,Cov_46,Cov_47,Cov_48,Cov_49,Cov_50,Cov_51,Cov_53,Cov_54,Cov_55,Cov_56,Cov_57,Cov_58,Cov_59,Cov_60,Cov_61,Cov_62,Cov_63,Cov_64,Cov_65,Cov_66,Cov_67,Cov_68,Cov_69,Cov_70,Cov_71,C_0,C_1,C_2,C_3,C_4,C_5,C_6,C_30,C_31,C_32,C_33,C_34,C_35,C_36,C_37,C_38,C_39,C_40,C_41,C_42,C_43,C_44,C_45,C_46,C_47,C_48,C_49,C_50,C_51,C_53,C_54,C_55,C_56,C_57,C_58,C_59,C_60,C_61,C_62,C_63,C_64,C_65,C_66,C_67,C_68,C_69,C_70,C_71,Mean,Std
0,181.199998340635,137.711562757456,85.7594686834188,64.6920722315506,82.1114324180188,99.5819207236206,55.1170405075999,1.20541359950736,-2.01044052853167,-3.17300152163915,-5.38734470295897,6.17104519699927,24.2978283028975,33.3846464643778,4.65007015639075,-1.76413498518263,1.18547506958303,7.56421384054167,5.4593848705007,1.36191852033608,-1.27829429776973,1.4959015597649,7.47167140151533,8.42390497747082,-7.36808778799078,-3.87072068599467,-6.72449493665676,-1.48907542641435,-1.52658622641172,-1.96437719017681,5.65878352102246,7.37026758663374,11.7890771528644,10.2690202409708,5.51612702016725,4.90226335022546,6.9085090259213,11.8466843138337,6.08173825250519,8.48594624823719,38.6278876140664,10.4455646241107,-6.26259485751639,2.04869208493799,3.82291412778583,-0.0217852356318812,2.98278779854922,-12.1152460912534,1.0064968721948264,-1.4516379570586924,0.6749676975126019,-0.06577865537612639,-0.060413362112797526,0.05083534188380135,-0.062404711846448246,-0.025575257792061854,-0.06660972403120362,0.004101224577250994,0.07534891225103392,0.19078272050019407,-0.040951503588284734,-0.521476489053718,0.1496491727527106,0.08508451846258146,-0.029470968886286187,-0.14656424504469445,-0.046082240826524394,0.12039570460952238,0.0036533665568915996,-0.031307886558296756,-0.07605031121999044,0.010155996709155476,-0.021366048910894626,-0.08336311704103042,0.14453374155101748,-0.00977308655068719,0.019510821029217192,0.0772549741388578,0.001989560163380958,-0.01447739504543768,-0.03478631705223279,-0.07992560912590578,0.04126522407316782,0.009991425295289682,-0.052765242799891254,-0.06513877358871176,0.022936104956826416,-0.09961935489354964,-0.005564221368290252,0.11326409466352874,-0.04845861916877393,-0.07536101323844685,0.07333899247205512,0.13314660183846774,-0.2164589937283812,0.04107431281789969,-0.12939068100358422,13.460683427695438
1,137.711562757456,241.087048935703,336.75673778886,69.4945912156555,66.6331562451411,63.8116449761725,39.2333199533084,3.06977524186252,-8.30570957866906,-2.73143204469975,20.8815965263195,53.9504764817369,16.2184066872413,20.4174529044911,1.383477234883,-11.9284798683688,-7.57081019125958,1.24749965688517,0.230681913835367,-6.61321878985387,-10.7289885290668,-6.60078588307949,3.4850806557624,2.0797501827166,-10.3697841941856,-9.22849796740038,-17.513246234405,-12.9812078147756,-6.65591241938451,-0.80650500777362,6.40729620960831,6.24693291969672,4.25132001263489,-3.84472873120367,-11.2262608830678,-13.6107402855348,-1.36075946289294,-2.01063632911243,-1.63925727985969,5.49771854012196,31.0659466795122,5.04628024019557,-14.2353385095763,-6.66166691101252,-8.71449180853779,-17.3377795420368,-15.5267046109846,-29.1949853900676,-1.4498572085305828,2.9779353230368284,-1.437497448456389,-0.02710168413374714,0.04609715450082517,0.027738927559599967,-0.10335443683242058,0.028527197037276655,0.05234490716406057,0.09723931453224897,0.010370054099961999,-0.17043394519480967,-0.04844866328632688,-0.07158942796449264,0.01915886798149581,0.0035115564256689514,0.013498996257637947,-0.016228098704649235,-0.005905280910346561,-0.03816022891549276,0.048901685730521394,-0.05151349996444788,-0.006207103249101123,0.06897076487396468,0.11785801036534069,0.07419899287614229,-0.05699386623607668,0.023060275892382145,-0.05382778545738337,-0.19206706432706683,-0.09125439002262033,0.039218415693651726,-0.01990653385591138,-0.03907902731993266,0.016387848687554128,-0.018655987218589666,0.03442839608088861,-0.04483019046574511,0.03542435149913738,0.37877388145155083,-0.3812168376070565,0.05740222833380151,0.030922122591585794,0.11242338442770054,-0.04905180668541735,0.020023716062243825,0.0647141503832516,-0.0006751694926419554,1.3357910906298003,15.526656077072854
2,85.7594686834188,336.75673778886,585.851630420707,75.9192645309532,54.9077886892478,31.966663470569,24.9827624168963,4.79166642733429,-13.2437533677309,-2.25832545963909,48.3660045852948,103.142181572567,9.3058436154572,7.94762760409185,-2.23832988669561,-22.2354063494452,-16.3453291003851,-5.22921599721522,-4.7342507124765,-15.5771823743837,-22.702729697268,-19.1410053431728,-3.08589468767251,-3.67114016895519,-11.7076379230867,-13.4409250071801,-29.5154633837531,-22.7497175179925,-10.8390809500193,0.517108345570864,6.90640155202097,5.23855368559321,-3.18992439232434,-17.6387286697384,-26.3320296663516,-29.4714669201222,-9.21042273219707,-15.3987942521973,-7.81222962859124,5.13511152091819,8.21780502037686,-8.75179373402656,-24.0201428541155,-12.4637575332723,-21.5940041691742,-35.1658809939921,-34.2383187290216,-44.6861769626337,0.6748013943690113,-1.436953981864809,0.8462506573453126,-0.043794707681362,-0.02073727178965095,0.011562504877510784,-0.018632943146845698,-0.028169554477556622,0.025997072129458572,0.001670142220249312,-0.04035258924823636,-0.38065955580290806,0.060181583621737166,0.09508980977279821,0.05282653173912894,-0.021776000226075166,0.09434232460010354,-0.012687087978083808,-0.05565779841843252,-0.028372114225311332,0.009413483403085898,-0.006213337554323117,-0.0013408926214612455,-0.06170685909986166,-0.045133722406306837,0.009942079296352579,0.03677102593208479,0.08376942769858003,0.047440516564959644,0.06747533939272041,-0.004712237509677901,-0.03816088833560894,0.0056950061222756825,-0.008912251854709589,-0.08170320376607527,0.11816979895230759,0.03837425801651165,0.06837057964430397,0.05302698853181303,-0.14561554311836689,0.18930612080553585,-0.058839561936783503,0.029307519004378023,-0.13833301099782483,0.00308641160889276,-0.02268377874007572,0.018808031879342022,-0.006455421063281694,2.4622631848438297,24.204165559273196
3,64.6920722315506,69.4945912156555,75.9192645309532,78.8939383068241,67.4892172694527,58.0997180383399,31.5838747755146,0.916436877218329,3.06093348039361,-2.73459790024821,0.82345413264454,3.9809533985449,7.00836928004372,3.78797504602554,1.56966594395057,-3.55107018899956,-3.62904283601338,-2.39085843360345,-1.96603957243592,-3.13413328978744,-3.4803678960847,-2.5517702619882,4.3896153111376,8.69214115268137,-3.88523617045043,-4.46391562782183,-10.1984110579392,-6.69240743877895,-2.64361217464044,1.27242739440317,5.11471179437048,7.51375695685504,11.5377536616791,9.33668807332742,6.70447045879724,4.53362002389504,7.86300590263362,8.23843831519038,8.35841463523899,13.8935615682538,9.21991348437049,-1.57283781744141,-11.4094575743919,0.618321166500447,2.51836294460222,-6.26175500541042,-7.59211844507311,-11.7943510065519,-0.06261062382848358,-0.028614827631813198,-0.044688110050062714,0.5697476011484868,-0.5676736305527527,0.31703881074623547,-0.06674339321377391,-0.02271296122273421,0.09462260455622513,-0.058359311626992746,-0.054409157344685294,0.2588103081066201,-0.11826494092527651,0.28969359890701046,-0.00911994112869067,-0.10199160673474982,0.15390975728792772,0.10361028959736199,0.03356380898232105,-0.010407017287549523,-0.04942744085390563,0.0011113231877051333,-0.09878663239936761,-0.09430422550525407,0.1430482149663128,-0.08020714714577619,0.1339084704937465,-0.03953003914316562,0.006134353822156263,0.0936651682487668,-0.08299922426030447,0.01858274076281625,-0.19552627697101704,0.05326071348619377,-0.05093051430605504,0.06282403137751169,0.03389663946937414,0.15932289236863753,-0.38428748115815714,-0.07666500344274611,0.04037829924389199,0.016454890508522935,0.05577366104786592,0.035363363210979576,-0.14967693201722906,0.026090830939042624,-0.11855231206517054,0.0633844084304844,-2.579006656426012,8.881663037225861
4,82.1114324180188,66.6331562451411,54.9077886892478,67.4892172694527,356.03287522249,632.26995612119,322.713220905643,2.75901647802831,2.12344954367304,1.20176867451895,6.75870444439564,4.29973983752121,7.20390289813216,6.49420746079751,7.84648173565771,-2.47756703237034,0.200604546727225,5.31329244576454,0.544874151257825,1.75601984397641,-7.79768864147822,-15.8617003128638,-5.87748967533236,0.574484246474122,1.03070341115906,3.24408055979817,-8.18295317616126,8.54377897824567,0.962035826545239,-6.85073817235251,9.56279209432704,19.9680026512292,19.9964903516489,13.9389262060998,8.24890207995823,8.5620714112137,-0.098834493936841,68.3686701041513,29.4566368969379,16.0676990719793,0.160033731407397,-10.152256420613,-19.0540384159404,-3.44099340034554,-7.14359470202121,1.64308227225163,-25.3076764428696,-28.003917468106,-0.05699326150508633,0.04903891629663614,-0.020420135402087966,-0.5677194304530163,1.4015433310942864,-0.7163426256484148,0.04873619132198918,-0.11635910262660644,-0.10702241007678204,0.029843672690532664,0.003398697343959568,0.005830576639785485,-0.29594916071286115,0.20265989317477526,0.057515043210326536,0.05753091122285818,-0.10761630165722345,-0.315541528388608,0.09933103556515727,0.10426964085349133,0.17813240315472428,-0.0004692999267938799,-0.028634806042401702,-0.08276500104898162,-0.10346104787222346,-0.038675178211092516,-0.15008444881341265,0.12974115124934427,0.0008935648736838923,-0.11326867658313075,-0.01906889026784985,-0.021111305912968156,-0.013697982451277813,-0.07841647037279713,0.4242899406901094,-0.16025227686074198,-0.2325452981350608,-0.2480179753015447,0.6323105005319217,-0.32710416411140264,0.007341297203662554,0.0337396129277085,0.04651736888798967,-0.053756440969289485,0.08235337561255077,-0.07102500101024968,0.31576498072621756,-0.16162159638094728,-0.6605990783410142,18.868568446559223
5,99.5819207236206,63.8116449761725,31.966663470569,58.0997180383399,632.26995612119,1195.80179779853,609.911258749071,4.68014443521026,1.68209246287618,7.15437343170092,11.4552757851442,2.02279952564766,4.61326148138854,6.91878303718499,13.0377331007259,-3.13768865679506,0.443139182690374,8.30224423654686,2.22728720757153,5.25731537164212,-13.5196856592831,-30.1516238167934,-16.0257922011201,-6.28694557424499,2.45219519075831,8.26840281028258,-10.4101478032367,21.2671556853477,1.80471815348441,-18.0582012988937,12.6954109606065,32.3473540211773,30.2705527058408,22.3389865369705,14.5816552544151,10.8046352667749,-9.5663842443815,129.419425138137,52.7114803850348,15.7894794989422,-3.45255033620465,-17.0694311604714,-28.4518627575842,-14.2148914544603,-20.0184587550107,11.2836042989411,-42.5971973848515,-52.8867621977018,0.05063443369853862,0.016361919038714593,0.009548816809755126,0.3173988942757924,-0.716726950866865,0.7266746073255335,-0.6662563123725367,0.21837352931494491,0.22602702235361963,-0.13811194210520314,-0.06729726927423747,0.004739449278264038,-0.016967828156312172,-0.2222470996354318,-0.018641731931864056,0.03581255435078229,0.19363056429999506,0.1416844242791315,0.009727059566607027,-0.025628093214629465,-0.16232259866957724,0.0408892399338488,-0.1425994300258158,0.2543297441632179,0.07001788861559641,0.0030265789637253055,0.17724646495175636,-0.05316858504644718,-0.0003480225755218521,0.004886072659794028,-0.10108580246354634,-0.012959822558258331,-0.021468087366180583,-0.056833816725180134,-0.27174455557369087,0.23597993155871325,0.030619143693637184,0.05235510246388734,-0.13316514799467907,0.005096802564545149,-0.031833235069111135,0.030818175645908996,-0.018659282095122052,-0.0016357477096446073,-0.08466999121437124,-0.0043168160497308455,-0.031485171871628144,0.05952889009686802,2.1449052739375323,34.580222639516506
6,55.1170405075999,39.2333199533084,24.9827624168963,31.5838747755146,322.713220905643,609.911258749071,316.610914602958,4.06311242517169,2.71980703803778,3.68932492394593,6.46940481872376,2.1854912436666,1.95212259085656,3.27390140965692,5.88062777656717,-0.45652917767216,1.20854678718029,4.92786432787217,1.74461197286247,4.23343359707621,-5.0543974805253,-11.3759751577792,-6.16257295596801,-1.76918912479192,2.70388212925627,5.55875145668578,-2.12032486824537,11.4012658111238,1.31035350451929,-9.031696187642,5.69956252618508,16.5964521131562,15.5551583201756,11.4387175401179,7.39363869371974,7.54978484079848,-8.19838028837589,64.760680453253,27.2937965018912,9.71739199842357,2.07716383394729,-5.23534405832057,-12.3743967233995,-7.4755441269686,-11.2564486646102,7.0914009396154,-18.8118881603769,-25.2761892207065,-0.06863551121026602,-0.0831761720198363,-0.012482130622231054,-0.06798035640562901,0.04871720370847001,-0.6665601767667947,1.3105878949187888,-0.28706317064465486,-0.35082135563638844,0.24628595701985764,0.11564378362906853,0.04349396353449287,0.35844809279484546,0.23694174618388075,-0.02057280578713612,-0.08682917170261588,-0.2551264676306212,0.01805157460221046,-0.128349840193906,-0.06592158269629823,0.08003960751712652,-0.03399866718360849,0.36440095691308133,-0.4117334136536928,-0.031440261056414454,0.016642749594285872,-0.2642084079266853,-0.06048686853505488,-0.010563773651420827,0.09325521148225509,0.27741619651585553,0.0010162956582594595,0.03739902454748706,0.1864561571277859,0.11523282129586954,-0.2985997169105127,0.2158438965837983,0.012917621954095968,-0.34251015520138645,0.2695641420120299,0.08763525783171766,-0.14368741717741396,0.002267356222804211,0.07704021161398877,0.1116691561642213,0.03552145240018709,-0.16024618991011944,0.028235062390601973,-0.7205581157194062,17.793282850642203
30,1.20541359950736,3.06977524186252,4.79166642733429,0.916436877218329,2.75901647802831,4.68014443521026,4.06311242517169,2.64273835125448,0.942588388418756,1.06706233670463,0.904141317758877,1.10244530758177,-0.159927415547258,-0.376750797979734,-0.512039187850754,-1.23309816219195,-1.13245965045273,-0.45495147510315,0.169109445103103,1.26253392745154,1.14286337777229,2.29129182376104,0.962582691885842,-0.485092730406809,-0.405428561539879,0.301439648120173,1.30178983436572,0.650242697576678,0.0079442636437905,-0.661087714179443,-0.559504283866261,0.303776883402534,-0.841836565964577,-2.16910148433736,-2.564170069209,-1.67607485676005,-0.0333818958062814,0.0846446918611189,-0.703224221328558,-1.0556007114475,-0.97167793378614,-1.18090449272771,-1.94019263861327,-2.69695559710101,-3.25005647435991,-0.454057938398334,-0.678018226536182,-5.92679384925004,-0.028646209429498356,0.021611823286611466,-0.029847188342469567,-0.024607473825910012,-0.11550847972157094,0.22036240805835317,-0.28758229895801185,1.7774639759146933,-0.19682250685593455,-0.11495593667497732,0.035279014186102575,0.08471944811022807,0.017901179704392617,-0.051622596996452684,-0.009500338711344009,0.0069455491757496384,0.09782553971922976,0.31023574585143715,-0.006744654873958514,-0.4932052437237909,0.31174851121136804,0.08976929283073808,-0.20294990363570248,0.38861206442722696,-0.11024539978653683,-0.3908231823370737,0.0571017089306966,-0.08522006121082217,-0.002481285489866668,0.16476552983134415,0.18327741042652457,-0.19218253750932948,0.031074728431855173,0.28656583085674053,0.08920361875521321,-0.22680067513964153,-0.16702645086794743,-0.06147051940869639,0.14940195086662714,0.0850386259848722,0.09098175829891676,-0.38355719780924336,0.25594165812120917,0.011266550621533018,0.29705120881177227,-0.04829460391221187,0.0008966148698541979,0.005821816185446116,-1.924731182795699,1.6225715242338252
31,-2.01044052853167,-8.30570957866906,-13.2437533677309,3.06093348039361,2.12344954367304,1.68209246287618,2.71980703803778,0.942588388418756,6.98719534050179,2.88215663353539,0.333924873938499,-1.89465190590471,-0.373245945235034,-0.911983356430102,-1.19839226309937,-1.03296906053047,-0.696550394953443,-0.0913276899232834,1.16006867727018,2.90760702729552,4.89388969556868,7.35516052077005,4.92378338892266,2.73236798748013,3.59415139360507,3.59350017779982,5.402224633431,0.832504141462763,1.11630414364814,1.46225727534407,-0.45306971653235,-0.0107138469696038,2.14195314754966,4.1173343812843,5.4742123644041,7.56554062731083,0.371049252987313,-1.12551590700095,0.599083300722382,2.58320500904763,-3.58865946954566,-3.10842289206901,-0.0043696880946647,-1.27612323036106,1.57847191090134,-0.694610706222321,-1.99581191881001,-8.00437031997075,-0.06185258993405878,0.05592597902684683,0.027642435704289477,0.09357453693554893,-0.10419637333422037,0.2269716340847557,-0.3505558704434313,-0.18947736896220357,1.616358838952991,-0.006861195851708219,0.0731348607466064,-0.027009253751628482,0.05916259318194292,0.0752284061607516,0.42287348317923457,0.030300315188389135,0.17194705810358288,0.0911877509371795,-0.28699953356851693,0.33109211817835954,0.009905206725693214,-0.1426443146737561,-0.40357738431566553,0.01183820676546764,-0.1871358247236375,0.013391358566299739,0.2940162976097873,-0.2190406660479867,-0.19993014751149132,-0.2457407824695828,0.30364774203247713,-0.2985360728961273,-0.006215499176390945,0.14880171721614402,-0.03235764374759481,-0.13845886012998102,0.15686778112207447,0.09347137588268219,-0.023694307866711267,-0.42185185988763213,0.12444982693264389,0.10513448142536234,-0.025359736236863984,0.5731916316092475,-0.6436126937681436,-0.01935436311220279,0.15042035973291124,0.07626776576785763,-1.6559139784946235,2.641438119756318
32,-3.17300152163915,-2.73143204469975,-2.25832545963909,-2.73459790024821,1.20176867451895,7.15437343170092,3.68932492394593,1.06706233670463,2.88215663353539,8.35744623655914,3.38401955840025,0.757203998202399,-1.46016500383137,-1.69570426802399,-2.38211352954042,-2.80532200615404,-2.75821709916094,-0.487294120958748,0.654027603913854,-0.636253772460346,-2.34258029680593,-2.85282901533895,-0.751082329721005,1.10527858783394,-0.989762581497635,-0.219370707790319,-2.64820387305775,-0.0162270847926088,-0.278846293757306,-0.611157319912366,0.0506664359940844,1.99951697062765,4.37178573449522,7.06470540028168,9.65325268474791,13.7261919827737,-0.393922948725648,1.43649405798199,-1.07565648868079,-3.32573790339052,-3.62695769500917,-3.47747599616621,0.37338521631936,-2.19829558463862,-1.53411036188107,-0.853925432179549,-3.55861223704218,-7.58413974959406,0.0034698336392007495,0.09559873510125895,0.008374522675350929,-0.05947704465110001,0.032968757488832455,-0.14007600857614738,0.24907164661438677,-0.10592140260158886,-0.007440765880207524,1.6743171924436122,-0.53864429955618,-0.03995592666489937,0.11255628526025567,-0.14208714304312153,0.2281776530033843,0.060934339997613746,0.20984409160544062,-0.011966199360250049,-0.2543077039705915,-0.024966369456065205,0.06733859720129352,0.0006859580491742936,-0.3722997390829027,-0.3076687397929148,0.23098215019830587,-0.28475106343290285,0.23422014466336116,-0.07445813432959433,-0.016561429002449075,-0.017885881555984168,0.2698404983010951,-0.006317008735529944,-0.07953827520430655,-0.08920656649340783,0.04855607649905058,-0.3339762775469381,0.3283074414363265,-0.23141774790252043,0.2968811184371629,0.5127886931460929,0.02062485888988051,-0.13614218213239165,0.09275992537097696,-0.20297219085386933,0.04050053460851473,0.04116769998026025,-0.12738179709503145,0.18199116635469553,-1.6693548387096775,2.8891947384278445
33,-5.38734470295897,20.8815965263195,48.3660045852948,0.82345413264454,6.75870444439564,11.4552757851442,6.46940481872376,0.904141317758877,0.333924873938499,3.38401955840025,10.3961559139785,12.6643932485002,-0.0225294721582212,-1.2892343223476,-1.2216498464561,-2.13616740863035,-1.43517167318372,-1.1900189937851,-1.59261540549729,-5.7295572097698,-9.25814458437891,-12.6056558001584,-6.17957873821986,-1.29833412032631,-0.77437079564842,-1.4510145240273,-8.56000417031341,-0.923303796846507,-0.342761542058915,0.243048183392538,0.669989532690823,1.79685669134511,2.41936094661094,2.79120379748721,4.34486937776086,7.7951557562927,-2.76401206081267,1.19572429272192,0.957472174653491,2.16322051756411,-2.70938964491136,-1.66761221792349,-1.08178451987002,-3.59151451919178,-4.2916796591448,-2.15302214679014,-2.95825053877382,-0.64055556451762,0.07647218273591612,0.012513071711369776,-0.03962276745952604,-0.05576298401503845,0.004297368571390581,-0.07014635957868022,0.11753211390661546,0.03248361665851851,0.07150144910941328,-0.5405676502873313,1.7635558006512602,-0.7158810286398466,0.28682234003350787,0.02356424062255347,-0.23215983159599,-0.128170542380016,-0.06912361810112853,-0.14269128020640764,-0.08503743512346407,0.24078651785093563,0.07251375071300302,0.1079442795819143,-0.23451153245974302,0.10218246642281578,-0.3087321781550776,-0.031343942494429074,0.022962681593167732,-0.02034617197186194,-0.011284873726360042,-0.14317021458086884,-0.028920705371111362,0.014171700992161718,0.0012922616611714204,0.21838599561795932,0.011889453343610926,-0.1941887762624473,-0.15709634004653378,-0.20619803478479193,0.10441087845043187,-0.24086680921230028,-0.09145308502633077,0.1965980652548986,-0.1964817213698074,0.40330647993960933,0.13738635648623496,0.22445217633236716,-0.3646421064086896,0.024764047124086176,-1.153225806451613,3.2227559501114107
34,6.17104519699927,53.9504764817369,103.142181572567,3.9809533985449,4.29973983752121,2.02279952564766,2.1854912436666,1.10244530758177,-1.89465190590471,0.757203998202399,12.6643932485002,23.242123655914,3.80827991141558,2.91374291930019,-0.587295545657835,-3.86455653810771,-2.02995398271251,-0.961143863114161,-1.20939473294282,-4.21078887843944,-6.60388100651864,-7.28855505611191,-2.99169987490165,-1.59069416193732,-0.357980336053222,-0.682257939802837,-4.89775005923557,-1.66299840094122,-0.567804654109013,0.399423622404837,0.792156878884571,-0.0130692648959128,-1.11060322553593,-2.59019511014669,-2.35452532664202,-0.0099018592269011,-2.39371717384168,-1.49348719562538,0.173662617251545,2.67337003939148,-4.51766511686382,-3.80599390647282,-3.46815731990566,-2.20694455980386,-4.91626985135374,-3.37920908808756,-3.67801263795517,-4.71349676358318,0.18157080360847486,-0.16364974269886776,-0.38417403006024464,0.2591368778839166,0.005007298839321674,0.01559381481485051,0.04242842082264747,0.08640937385224418,-0.027981442860022594,-0.043769103563362284,-0.7154651869513255,2.7626646271371493,-0.4906711453330946,-0.41611390696663175,-0.055129259723225015,0.3007288316125753,-0.2879241813247022,0.12914459045029586,0.16166527784960694,0.34261646840273563,-0.004912083246014974,0.006661906597887206,-0.01824583577163559,0.2654974136993231,0.04952992402926087,-0.25930641275435823,-0.1333525336910809,-0.2063201349903847,-0.033947422851748156,0.09996848445837271,-0.018840727369762483,-0.021766449607140588,0.040438879717339365,0.11543126269506115,0.35687550573607135,-0.4253510973131162,-0.1096614881273035,-0.024957570560590288,-0.4310765634761037,-0.20939534060099635,0.0865125661060355,0.008007752571932715,-0.03643996547170254,0.2542460171160459,0.06591861359949483,-0.0369451696402117,0.08795568160629459,-0.01767841372194231,-0.5564516129032258,4.819971333515789
35,24.2978283028975,16.2184066872413,9.3058436154572,7.00836928004372,7.20390289813216,4.61326148138854,1.95212259085656,-0.159927415547258,-0.373245945235034,-1.46016500383137,-0.0225294721582212,3.80827991141558,8.60784946236559,8.89815253159652,1.70587886053979,0.49403204909222,1.41161423199611,1.6430913857024,0.850685177388385,1.44179257306524,2.26530980520816,3.94896949927243,3.30479949150249,2.23166953396327,2.12091191385766,2.77146874909025,5.24143442004555,2.90881732201126,1.8779071940285,0.598174880917593,0.689542122014331,-0.698865805323058,0.262896899857668,0.65190329297793,0.958906564406094,1.91395471000186,2.20310089234534,2.15482547902854,2.60677357828182,3.89719147932361,-1.80107221593562,-1.65562805309674,-1.29172439074117,3.41869036908298,2.46448558146555,5.6839962443981,5.91477582226069,3.36191363002529,-0.04807529231021598,-0.05311984666638124,0.06742645773099744,-0.11391623349706845,-0.30121008814480027,-0.019080569497827462,0.35770807121909964,0.02096498236708013,0.060587910824454604,0.11134561613464924,0.2885431271166502,-0.49229136883517943,2.1592147153061854,-1.0906159242259237,0.031177750493400064,-0.11355677294837797,0.1858731285538533,0.07652179824923236,0.14338502284637833,-0.07105506648997317,0.002461228467923853,0.13357270555384226,0.05902503338700754,-0.08622935367310201,-0.152894112586479,0.05335091468550257,-0.23074538505555633,-0.19566818938178407,-0.19298126852612899,0.20865181668254684,0.14948181865805757,0.1843313679359728,0.1930877673542696,0.41201236670017055,-0.2547249132525685,-0.2203899804406382,-0.03998321901996494,-0.024320064420530096,-0.13557108717220337,0.07993829644297594,0.06305128407943159,-0.09513277618584921,-0.09709127180150481,0.1988049928983107,0.013033027272424447,-0.2288037261602713,0.08518148379131234,-0.014200766972416526,-1.2580645161290323,2.9322089731745913
36,33.3846464643778,20.4174529044911,7.94762760409185,3.78797504602554,6.49420746079751,6.91878303718499,3.27390140965692,-0.376750797979734,-0.911983356430102,-1.69570426802399,-1.2892343223476,2.91374291930019,8.89815253159652,12.2337119175627,3.65794305767702,2.19183992580934,3.22068842364854,3.27284291611412,2.26515249370403,3.00866545614325,3.91548322837107,5.73710029308101,4.75878122154892,2.7798157595655,1.55057107185907,1.86634169575688,5.80621641163002,3.89600212610562,1.994988837646,-0.120612928188604,1.73740532294532,1.12042618544212,0.322043248940211,-1.07667915738133,-1.70316361700639,-2.1151391480767,1.69943763176991,1.22170912407512,1.02978172083458,1.37785198532599,-3.37777286808477,-3.88306255287549,-3.74820009449502,2.25913255155196,1.07625370671088,3.81924774744637,4.06735501108611,-1.42856139266785,-0.5068775008153292,-0.06913420055192059,0.09489430498251265,0.28816614206327734,0.19713153968089472,-0.22088931903883516,0.23588578930732446,-0.04844742675123945,0.0785152018228314,-0.14477827944371022,0.024476619034383328,-0.4175824785726088,-1.0834693153662636,2.8969907031941804,-0.6461821762040285,-0.1947528549481043,-0.23825290501891147,0.2608504451001444,-0.22618547940545522,-0.2528472663884584,-0.05263943347680623,0.16062165142701315,-0.09231964712595381,-0.34922041370921336,-0.051794282930735625,0.017638876987287392,0.09219301326493613,-0.04165599289637856,0.014081225397150851,0.04181223679184635,0.03347841687681908,-0.04562938292297653,0.012189640194932209,0.07584309415754469,-0.024908946855533826,0.07695305116591368,-0.0143459509990851,0.2534111681882428,-0.07253315922013887,-0.19583509917954472,0.2878482656071644,-0.07413023440904194,0.14600308333423034,-0.11687252006359278,-0.12262913351804375,-0.069566838076765,-0.01394184922642875,-0.004623187872963362,-1.1881720430107527,3.496242542725365
37,4.65007015639075,1.383477234883,-2.23832988669561,1.56966594395057,7.84648173565771,13.0377331007259,5.88062777656717,-0.512039187850754,-1.19839226309937,-2.38211352954042,-1.2216498464561,-0.587295545657835,1.70587886053979,3.65794305767702,5.04284050179211,3.65337485998301,3.78615148385606,2.0576233055187,0.557323627738753,3.57213843021711,6.27654524191804,8.44975073527189,5.89763427217299,2.10574015740863,2.01985265660528,0.794357397647486,6.52847306381401,2.72792206850131,1.31327292671212,-0.187575463120086,2.87109820554838,3.37009206417325,0.457390107662067,-3.09879354398877,-4.8388176751293,-7.48754740350872,0.81089639253978,0.931942731344676,0.226177260585238,-0.0681867147059931,-0.768542225324959,-0.75124897737076,-4.15774124426812,-0.662233207123779,-0.325486777663274,0.846055904347865,-1.12929104883166,-5.13618383561401,0.16493283830745792,0.027470286334851646,0.054837853514397905,-0.010617787735538274,0.056022834718443285,-0.017276323579517378,-0.01720661162323076,-0.008061606417028886,0.42831737195645836,0.23229831654857075,-0.22636307267957603,-0.055039319828552764,0.03150644982471141,-0.6438399845797834,2.322011796866749,0.29486987177812907,-0.19068667718464624,-0.2551523551244203,-0.332361080319384,-0.33959593524769044,0.3101505627363526,0.07918840783878169,-0.2694268896360108,-0.33983053839964444,-0.11069448124112546,0.04624181198033238,-0.04340575452181282,-0.03530548801615793,-0.03494038145442112,-0.023806225577062627,-0.20889814245676114,-0.3613401517270772,-0.3534427691697718,-0.0611306493642286,0.15924900437951736,0.23548204225384847,0.02647391213450295,0.03252829007012884,-0.1713902449280295,-0.07202198654345382,-0.050241968881956506,-0.2514620012582778,0.5000030544323882,0.1332769286316203,-0.33035600039994084,-0.009144476364211684,0.17082141671311785,-0.04700906807617119,-1.8279569892473118,2.2433993183987817
38,-1.76413498518263,-11.9284798683688,-22.2354063494452,-3.55107018899956,-2.47756703237034,-3.13768865679506,-0.45652917767216,-1.23309816219195,-1.03296906053047,-2.80532200615404,-2.13616740863035,-3.86455653810771,0.49403204909222,2.19183992580934,3.65337485998301,9.63021729390681,7.80804393994254,4.11731700410872,0.621824083223358,3.24728851660071,6.45239355237286,8.41711928734497,6.0502130631233,1.10257921990628,4.16178152314902,2.2484728637913,7.98548999842139,4.72574320408506,2.05551002558582,-0.677177801689473,3.63400751338209,5.07691948765101,1.52203685229866,-1.85001858223081,-2.45022643268222,-2.44403586593584,-3.55981378202895,0.157449843847101,0.523755781529254,0.678289048023505,2.18400944718193,4.08818757464379,4.4119770537062,4.20226388151768,2.4059682165952,3.68097386642412,3.85569091921527,9.89803261258932,0.08507613447800577,0.004012302732365197,-0.02325293124951186,-0.10066805408062002,0.05957974820827794,0.03763399420521571,-0.08750620834776279,0.00703942314704729,0.03483776371715279,0.06507102990001463,-0.12612392263412597,0.2965586599107673,-0.11675129308415318,-0.19178695780667307,0.30122797955027064,1.5968125123943586,-1.1811052530684893,0.11002880482559106,-0.21379245184716442,-0.06984873049240435,-0.06057490508110111,0.1749378997499943,-0.026115976907244313,-0.035137747781588825,-0.07243819963771246,-0.008574605263881669,-0.11549250643280846,-0.03125187329864518,-0.03447581965274599,-5.26054413363054e-05,-0.29577285188223257,-0.15858007251596973,-0.08183190080338743,0.10330535891403743,-0.1687345518533325,0.20589149483449423,0.1522398205315703,-0.14443546652686196,-0.0010451289248922424,0.14552885812942043,-0.04689073523966661,0.043799221110460466,-0.1338960838178229,0.09666229222953264,-0.005265688526124874,0.04006455937991503,-0.017278620005048977,-0.07060495286722517,-1.3494623655913978,3.1016475128400405
39,1.18547506958303,-7.57081019125958,-16.3453291003851,-3.62904283601338,0.200604546727225,0.443139182690374,1.20854678718029,-1.13245965045273,-0.696550394953443,-2.75821709916094,-1.43517167318372,-2.02995398271251,1.41161423199611,3.22068842364854,3.78615148385606,7.80804393994254,7.98471624850657,4.49338951423976,1.30564521721776,4.54708180464598,8.04148498473977,10.7621615384559,7.3966753788185,2.00481463593988,4.55151292253997,2.89782936357266,9.31635691396216,3.39958875970201,1.42555105075066,-0.490747989402791,2.51426698562033,2.63645321791725,0.227892691941935,-1.99015891155377,-2.60245058181389,-1.6748549475395,-1.80241528275014,-0.0210294496327365,1.08522071757634,3.09628492941931,3.69333147874256,5.22194992746947,4.32858303726684,4.18092983989279,2.07393165751172,0.654342094616345,0.632380742731598,3.5360898636135,-0.034810972536627696,0.013471618407928933,0.08941750159457354,0.15430100524311954,-0.10954370685083037,0.19293909120450015,-0.26183584894316136,0.1059027879445066,0.1658870520570621,0.20737538030275476,-0.07108155466431611,-0.2937173310376865,0.1910230762434498,-0.23127997504738773,-0.19723155271154127,-1.1813949359615414,2.388254031369072,-0.526503477299552,-0.006205096437817247,0.27316181208034507,-0.02086424308710181,0.01803727392184303,-0.24686200050047302,-0.20922776591655184,0.22279672719123683,-0.071600395821873,-0.08614124003535205,0.06543279869326364,0.15912833642315607,0.04000998546288686,-0.24269315098298574,0.12546363553368842,0.013606551105853962,-0.05707439980822869,0.3131602313171055,-0.20098598904055348,0.0827415439198299,-0.025288440964934492,-0.030492932028178585,-0.32575783476916215,0.037304764630017175,-0.08873689465267563,0.14025531726290166,0.004736783981873583,0.005128071971435871,-0.08342338210472418,0.39078142969294205,-0.07980636004799421,-1.8897849462365592,2.8239540096302154
40,7.56421384054167,1.24749965688517,-5.22921599721522,-2.39085843360345,5.31329244576454,8.30224423654686,4.92786432787217,-0.45495147510315,-0.0913276899232834,-0.487294120958748,-1.1900189937851,-0.961143863114161,1.6430913857024,3.27284291611412,2.0576233055187,4.11731700410872,4.49338951423976,6.06089605734767,2.91850788950911,7.5745277876528,12.3956744055801,16.9619116143445,9.50653381701905,1.08314777085626,4.5453329268898,4.75478270685505,13.4219135609268,3.51735627132537,1.89026128828598,0.207671744182308,2.35784262072194,2.49668018867241,0.7408712713039,-0.834374323963527,-1.59985026373244,1.00689046442882,0.300772931833613,-1.8885383216572,-1.86214783836712,-0.0575676405804119,0.384005990010923,1.60495066858121,3.8888551695304,4.2065367519113,2.57548429940526,1.06238529953613,2.11345825168709,3.1450885226585,-0.16184174936003998,-0.016697753786538042,-0.015330665409941574,0.1045757149413028,-0.3099685056363427,0.14173774768779104,0.01375700052038364,0.3087828835738756,0.09945618615052026,-0.011538704831687448,-0.14572322390281298,0.12952451117102617,0.07695568486213084,0.2574374148499356,-0.2564094152499817,0.10293751066979111,-0.5311631834847881,1.843565159389029,-0.6852544626914805,-0.17157552535487836,-0.3758775480039981,0.1998289774439256,0.10705760827328357,0.16103928436432757,-0.05161635074951212,-0.05505780461309947,0.019511229504588713,-0.30600861354765985,-0.02598634398753182,0.2143030699578078,-0.38706855348995606,0.21733096730301643,0.13020781928274366,-0.01066948930939625,0.09011761803281336,-0.20150090988339078,0.14924466022021365,0.043846315859343024,0.3705647840285497,0.027032030887096253,0.2432799624105518,-0.32094449829299343,-0.034762250054934274,0.080401513644404,-0.06577027723208034,-0.0927927111237729,0.02661706653444477,0.0046011736474618516,-3.1720430107526885,2.4598569180640713
41,5.4593848705007,0.230681913835367,-4.7342507124765,-1.96603957243592,0.544874151257825,2.22728720757153,1.74461197286247,0.169109445103103,1.16006867727018,0.654027603913854,-1.59261540549729,-1.20939473294282,0.850685177388385,2.26515249370403,0.557323627738753,0.621824083223358,1.30564521721776,2.91850788950911,3.43952508960573,7.96952396874426,11.8911026628775,16.6903342916974,9.00785299970805,1.20543639843873,2.39002549142411,3.63547276827694,11.2740051523459,0.565670322637228,0.301100383501045,0.0124489207150687,-0.19424865912192,-0.8570538121616,-0.837620720188664,-0.564964857693634,-0.932807747295953,0.0951333956262217,2.67399088229217,-0.716709596527389,-0.695921857069171,-0.76931225502527,-3.3241967673718,-2.19012602199758,0.815739322989342,1.56502731775112,1.43973718795514,-1.02133835759892,-0.0194434586349817,-3.49063700875755,-0.04124008265705506,-0.00437902126023322,-0.05679731450307462,0.03196400674995051,0.09820787827007992,0.008205368956429622,-0.12588933283579984,-0.008505641014190256,-0.2925644158866952,-0.25416180265530464,-0.08646263273399277,0.1649653285239226,0.14438992660808325,-0.22810895721710453,-0.3334700608393645,-0.2180662862796082,-0.00637781593459802,-0.6852978545009659,2.686193344973562,-0.9529201333888305,0.1484845668203192,0.023574582327904735,0.17987241512507646,0.040240840218286306,0.305929814216574,0.02098749225952239,0.044401999978803904,0.00717638044601685,0.05763601474266027,0.1550462597909297,0.6538879246163114,-0.021372090080199854,-0.054433845433907606,-0.11992000685346407,0.011727382035679204,0.10922256076149352,-0.2271921817176648,0.04228681677369251,0.027641371137988324,-0.08327595009883242,0.12061830429798073,0.1353690936508232,-0.3098880645988195,0.10205957755839615,-0.3978738215614767,0.11909579410742416,-0.15470993020429158,0.07909449660064091,-2.7849462365591395,1.851897699551931
42,1.36191852033608,-6.61321878985387,-15.5771823743837,-3.13413328978744,1.75601984397641,5.25731537164212,4.23343359707621,1.26253392745154,2.90760702729552,-0.636253772460346,-5.7295572097698,-4.21078887843944,1.44179257306524,3.00866545614325,3.57213843021711,3.24728851660071,4.54708180464598,7.5745277876528,7.96952396874426,45.861747311828,82.3199313194628,119.132098437128,63.8938852526256,8.1056028197611,16.7010389697368,22.2378494193443,80.4376046639165,4.05727735662104,2.86623605793236,1.63230755176942,1.64290405970556,-0.400190605405131,-2.34496839142233,-4.23086211864262,-7.23929732518878,-7.98692115553566,15.3921442049244,-3.37166808425481,-3.05333526182064,-2.6489575636442,-8.85442269302356,-7.8020701324078,-2.87050844097005,0.28110873334286,-0.150701618756032,4.55846499911474,12.6206891533444,-0.874397731776967,0.11277855385044176,-0.031208865206696232,-0.03448783549669289,-0.010730348116839407,0.10299435411957021,-0.024918535244799013,-0.06359772621740632,-0.4864861576768818,0.32314421647951086,-0.026290458711107866,0.23756832767450603,0.3421958239790099,-0.06783500276487306,-0.24664717878032894,-0.3449532677669054,-0.06377042111843785,0.2730738309422046,-0.17268103003805543,-0.9498973981075342,2.337551752056194,-0.5358993218180873,-0.42016630096740576,0.05506871827282913,0.3223836989097259,0.05603937487103088,-0.024969963767513675,-0.12977395852308446,0.14969441185526244,-0.05334662155587708,-0.18907408942949394,0.032084788993548344,-0.000614756870436849,-0.003015740177552484,0.04973956227663688,0.1875243334337078,-0.3385924529476943,0.23525602535611223,-0.0953925298453167,-0.21894388567169562,-0.13502675174612297,-0.06673815625375143,0.16537523623625805,0.11160773287386626,-0.04914095336958686,-0.027374635304496065,0.20368547685414348,-0.042866264494993006,0.06936411265241993,-1.118279569892473,6.771391829736923
43,-1.27829429776973,-10.7289885290668,-22.702729697268,-3.4803678960847,-7.79768864147822,-13.5196856592831,-5.0543974805253,1.14286337777229,4.89388969556868,-2.34258029680593,-9.25814458437891,-6.60388100651864,2.26530980520816,3.91548322837107,6.27654524191804,6.45239355237286,8.04148498473977,12.3956744055801,11.8911026628775,82.3199313194628,154.578503584229,224.075432727083,120.66797086226,16.0298680513259,31.4792044433609,40.857716623577,150.551475398232,6.98833178688443,5.18550197518592,3.2628570588032,4.00075975589122,0.758716945210373,-2.73426398794358,-6.2786763967066,-11.5686344426163,-15.7323781407892,29.2569842739422,-9.64689252342971,-6.97327680531529,-4.55263327083776,-12.4277945932617,-11.1840553537504,-5.13366080871426,-2.16026846982002,-1.3001495935372,10.7795429644068,27.5679848359681,5.4559663907584,0.004199404504402178,0.07092411531256196,0.015363976844266441,-0.055229189809138705,0.17506728123623438,-0.16506448663142953,0.09169859276810427,0.3096180236363309,0.010202770572432922,0.06431203501084205,0.0813409920526365,0.00013611942929322375,0.0018658667339832124,-0.05407923492381578,0.3177006210161896,-0.04942231844872209,-0.02060660540605368,-0.3785042582892535,0.1497383646774413,-0.5337289346431355,2.3966943019457925,-1.323370378884424,-0.12902110910064246,0.0903347764209333,-0.3355337753908852,-0.08374303273239807,0.13032915353469376,0.2164282847151806,0.10309167526260676,0.08581953792151589,-0.42289619240881743,-0.08660453211683754,0.05812641135592433,0.2717199724932969,-0.05255130170921541,-0.09355963288926912,-0.3296149721566024,0.17196876319810123,-0.08618511390856361,0.004490560818090197,0.05504405913076807,-0.07859563065616063,0.13619056545823252,0.1954532865708937,-0.0010793396589172972,0.11723201441080089,-0.15067510064841064,-0.011927960691183993,-0.061827956989247305,12.432558207554445
