,Cov_0,Cov_1,Cov_2,Cov_3,Cov_4,Cov_5,Cov_6,Cov_7,Cov_8,Cov_9,Cov_33,Cov_34,Cov_35,Cov_36,Cov_37,Cov_38,Cov_39,Cov_40,Cov_41,Cov_42,Cov_43,Cov_44,Cov_45,Cov_46,Cov_47,Cov_48,Cov_49,Cov_50,Cov_51,Cov_52,Cov_53,Cov_54,Cov_55,Cov_56,Cov_57,Cov_58,Cov_59,Cov_60,Cov_61,Cov_62,Cov_63,Cov_64,Cov_65,Cov_66,Cov_67,Cov_68,Cov_69,Cov_70,Cov_71,C_0,C_1,C_2,C_3,C_4,C_5,C_6,C_7,C_8,C_9,C_33,C_34,C_35,C_36,C_37,C_38,C_39,C_40,C_41,C_42,C_43,C_44,C_45,C_46,C_47,C_48,C_49,C_50,C_51,C_52,C_53,C_54,C_55,C_56,C_57,C_58,C_59,C_60,C_61,C_62,C_63,C_64,C_65,C_66,C_67,C_68,C_69,C_70,C_71,Mean,Std
0,17.194811827957,14.5834605637053,11.4536857765414,7.46892458586433,7.02714406461906,4.33247785125225,1.12474434781219,-1.01706835573528,-2.9768204616771,-3.21754235495801,-2.8489457153223,0.43950020903394,1.09684560628314,2.58063165140992,-1.26531765664055,3.40596515785055,-1.28464331379969,-0.157022942128752,-1.83295050960596,0.206716852629924,2.34410398016793,1.96651432422591,3.0502846578805,3.41973714685258,6.47028144063422,11.9957892435533,7.79926722371352,-0.0812663815427214,2.75714751019633,7.78164066953279,8.46161847424493,8.47095167879034,6.07172932737497,5.74494873256125,2.87999401300821,1.42009607022372,-0.375765614278496,3.92020179379703,4.43594120714608,1.59603279842645,6.98205272470639,0.8335406234527,1.75271668250092,6.59673031439893,5.06606074794599,0.0430588098255311,0.130149540921058,-4.28219142899112,-6.59317488070261,2.145159356490821,-1.2521157423613438,-0.4013909464520179,-0.16443089247787174,-0.29380651219538445,0.03156679652889523,0.35666117235228834,-0.009541087379746477,0.06458107915051295,0.06347456511084897,0.12885473343745193,0.01067493525778881,0.03415566503310897,-0.059324809333440386,0.016045534315285416,0.08764527717922994,-0.1438717485396723,-0.0887916973874333,-0.04386153904978011,-0.025999615814820784,-0.05320453074601733,-0.05635634367072063,-0.37175109976183396,-0.661906695371236,0.008778583920514595,0.07259246648303629,-0.21914834512295783,-0.09346929208023191,-0.44890437050831644,-0.1289198963787013,-0.03204809842236882,-0.17171372146720748,0.11538958716370917,0.02823982801658401,0.1534361089668269,-0.027804877603591432,-0.09706904366153825,0.24233770861797305,-0.18240708476070838,-0.024420857102592806,-0.012239804199105163,-0.15896879425339328,-0.15353758784359364,0.3930437190536349,-0.13055449410778297,-0.03035137191134453,-0.1775684239596997,0.15224786681746166,0.27986640419809683,-0.35752688172043007,4.145456769519734
1,14.5834605637053,15.5798924731183,15.2375508904213,11.2260506363432,10.4971687423625,8.05199843636627,5.37540232504665,1.40185632902516,-1.01099712534994,-1.81958544691449,-1.53639894451493,1.58248790928968,1.75746400101448,2.06682124437713,-1.34376750432277,2.95487155434347,-0.380665524680223,2.43791697323513,-0.227894297539353,1.835193248739,3.98767366330789,0.365827804605713,1.17708891161821,1.48437288998259,6.66818236056008,14.0941529241686,9.45980407815462,0.248656419326353,-0.492966176110757,6.34290809252808,7.69833448494238,8.0638763371698,6.89572200524381,8.02757376742079,5.22954521834122,2.94516588346335,-0.651060804504877,3.80790367565892,1.25236536526296,-4.07265345318041,7.2976756259355,1.27429868690834,5.47470963198336,17.1515910535132,14.3386149966962,2.0861713264427,2.42830119254531,-3.29593772187367,-3.29660507975549,-1.256439548230731,2.9149845391511926,-0.8329347889599377,0.07411588921325517,-0.24953168190427585,0.09191689007294494,-0.13260454441402159,-0.1844411129426131,0.29518060598260054,0.24358226432529145,0.057981407290048685,0.2196646154415084,0.18369038515991892,0.02756975641002541,0.07305732823910943,0.005873007788883127,-0.08491870022844195,-0.4058932777765388,-0.07980666411920607,-0.11345313718800512,-0.4244135077413831,0.11068585341275501,-0.006522474079947017,0.04319957576950693,0.0248137221927219,-0.08630350965120073,0.053965439020850006,-0.005050136965152027,0.1930779182332763,-0.4844299697085875,-0.012940115354932814,-0.027296931889988232,0.017727496905208088,0.2733640667836523,-0.0029686992909877825,-0.10846502218160702,-0.06476943240456344,-0.10283514608833952,-0.2389625639926375,0.09841016236624635,-0.3024069293041584,0.003671800521088793,0.22042571650825565,-0.15843736699704894,-0.030366986003068797,0.2039919006065612,-0.13199217143343378,0.12512944105842047,-0.03773231284417792,-1.521505376344086,3.945870306170526
2,11.4536857765414,15.2375508904213,21.3509199522103,17.872603963025,15.4411841700476,12.5318441612433,9.19320975918918,3.98340118485077,0.986842834225235,-0.0316589480849765,0.612607604725486,3.13741569531385,3.22019181348368,2.84285879832892,-1.49573391942341,0.363296412241518,1.25952866439153,4.44766680932323,0.22310284464834,1.63361369517839,3.09274143269873,-1.11109082762996,-0.486802527942478,-0.257690396082299,3.5912992388667,9.09457851554669,8.12885769880831,0.557791377981664,-4.58605626039122,-0.0512902109415823,2.59217014817876,5.38315656022777,6.79864564975807,8.7240245807897,7.06452713763237,2.90344994827375,-2.1546282609739,1.21088602333717,-3.3524603295553,-8.48264492795408,8.05168685242336,0.707234027182955,8.05436922184041,28.3165125773723,24.3880512629067,3.12529935297743,5.07558089185441,-2.1329516493564,0.467447438455736,-0.40898947282691805,-0.832531353540523,1.912475588433029,-0.2619492492687848,0.03273685686720328,-0.13877638799919825,-0.019242395832466078,0.12844627361245806,0.043653072982841976,0.0521187401478344,0.04260314262518827,0.3314226367461105,-0.28074351040075585,-0.11890188758665962,0.6356182532772345,-0.2485716519652516,-0.172602122881067,0.027813916749832347,-0.04021527265059242,0.07435011505069782,0.3110790216287822,0.03362204196862804,0.264934688944418,0.08462569444707037,0.08550091049701913,0.06414362750086854,-0.26605804500296815,0.016564584098093936,0.3326755320058342,0.26507265163580634,0.06650896449788178,-0.019101698100954363,-0.03015737478060975,0.013621147700163032,-0.2831698541560532,0.05487326388687647,-0.034293639513631416,0.02425391820171047,0.3330063756934353,-0.09909407439301327,0.005065947507194764,0.17643095308406412,0.16240808784120903,-0.3576773161247757,-0.12881579998026182,0.5000835550823921,0.040807049116419,-0.04164078803069901,-0.03791474461806936,-3.193548387096774,4.6196233560984465
3,7.46892458586433,11.2260506363432,17.872603963025,31.8731421744325,28.0790584928564,21.6688817787143,16.2925032724595,10.8556147631462,6.51066804228159,3.23006785873341,1.95751512730139,7.42353475554172,6.68965363765569,5.20953574599546,1.09260468488796,1.84921358937858,1.70777603784256,7.10043150850987,-1.94546204521062,1.14959068642126,4.2097542762301,-1.00479898705226,-0.744727614380544,-0.634620918912352,-5.66016797927522,-7.93839228267221,-6.10115499015566,-6.77920852622877,-6.55962208263335,-5.78709591449646,-4.99951582106576,-3.43985409898258,3.44825866836227,6.35193260559096,3.51283632530993,1.64868789643094,-3.22119133065018,2.98509563755864,1.45259219876024,-0.103508848192662,6.02528242929006,-4.456247726446,10.4267052182193,34.259451599806,35.4419847641355,12.2417006124996,9.80751074073201,-1.46205574091433,-3.19034144147427,-0.16508119452844414,0.0766256250821015,-0.2629975610122081,1.459563232417156,-0.8576965357437448,-0.04704248853154245,0.19625449388322447,-0.020713498170931908,-0.23852344359364921,0.08948977197567431,0.30925838057246574,0.15905096243078623,-0.09337695807553467,-0.3676118515854673,-0.37082814009243,-0.019607310261486193,0.046387206203782366,0.09560564356200098,0.3335466701608812,0.029258448907280694,-0.2094074008860674,-0.1330870585895246,-0.04356891358538581,-0.0020892366912342105,0.02132994663248313,-0.07584147191683026,0.14038780093356928,-0.06018353695778787,0.11341577430811349,0.05291472513902485,0.1279711264973253,0.11813711311145284,0.0350394318274962,-0.0687054551729352,-0.11079203613121659,0.22598383733145647,0.3336001432969407,-0.14022646659644183,0.27901108829089594,-0.041446606782031395,-0.08435978671022001,0.1963276800248234,0.003205018397123632,-0.16681443538975982,0.016967907132700966,-0.47032838927749787,0.2625874479906054,-0.0018066232135435156,-0.16367321064647689,-3.0268817204301075,5.644744650950342
4,7.02714406461906,10.4971687423625,15.4411841700476,28.0790584928564,28.7391629330944,25.2792667566893,18.0804461533973,11.5514067944104,7.56084175764137,4.59114522452402,3.24409210389879,8.07625768062294,6.84303820706748,4.66932247780901,1.88970800352423,3.86168308995258,2.41879203391253,8.20497288212199,0.18213532820462,2.23284844521232,4.29437889682791,0.272775273721489,-0.0051269742745662,-0.304891546501874,-7.24150066833281,-10.3996995959971,-9.83747586387561,-12.6974828015309,-7.37134477675499,-4.97154150262039,-4.7029655943608,-3.47388561469298,2.77756605081435,5.78824930076662,2.87522510978037,2.49511968339965,-1.03137731937615,3.17834080592208,2.89203986748301,-1.55600822079184,1.80254146870945,-3.28030543079423,10.8790144303422,32.1659512263898,37.4077528316077,12.2640715505062,10.9466354249284,-3.51130447485246,-6.29309098176349,-0.29705058118832356,-0.25142534577913245,0.03163530893900991,-0.8591525647185867,2.054854094729101,-0.059373531602993246,-0.07007314204683292,-0.16369525809672428,0.15683294276666968,-0.02665220640576245,-0.2734266850383544,-0.897509378155488,-0.09771267624487982,0.3523578544250643,-0.24524265107491494,-0.020723956553680884,-0.1440280173611076,0.14783517822920086,0.15407516337459212,-0.006047247519543237,-0.16869841775769254,-0.24338665944639162,-0.07410919375176633,0.266057496162482,0.3232671033620107,-0.025139758294134434,-0.09642290936964126,0.22475825965837218,0.16807983128035228,0.006350377086501893,0.11109776325336165,0.20599027690048427,-0.40632267926200655,-0.18531488127816945,0.020823888967707246,-0.07024253683557855,-0.10996746600601955,-0.009009235142997453,-0.19682354895976992,0.06804939562775522,0.16121373087688295,0.22820804190361907,0.1749543246217831,-0.06613138788867369,-0.06640765580017884,-0.04013761537189752,-0.2863867946808559,-0.0025399433543632313,0.06253571038043186,-3.5524193548387095,5.359959228678366
5,4.33247785125225,8.05199843636627,12.5318441612433,21.6688817787143,25.2792667566893,94.3300866188769,20.3450651995914,19.7825228539716,15.638915624634,9.61298583444512,4.43507118537038,9.8868901974831,5.35491973589302,-0.306587102553106,5.3439715396249,-0.990307910436183,1.76102682238275,9.3633732140233,9.78792563126868,7.41361561822851,5.02303024621067,1.21797251574577,1.90709660520585,2.836202710615,-6.8578544004292,-12.9837217121258,-11.8053018745859,-14.2767524234251,-11.7338473228691,-4.28880208557382,-4.14052564266721,-3.03479513276865,5.22062018002011,1.76403384271018,-1.08184075114801,1.28640627164992,-15.572703078003,6.2657403987934,14.4806660725102,7.34187378894869,7.6634837140585,11.0936930082221,8.22672935683445,26.5572311236362,40.2447075550692,2.4755793142053,4.00419740648542,-4.59583757705482,-6.3824538346137,0.032570889765123505,0.09074161351526366,-0.13777942380928518,-0.047154272564806296,-0.059767731154626476,0.26177554349128956,-0.1688254581378002,-0.032468956228065546,-0.05210721446500453,0.0007514476998624071,0.12799540240968243,-0.182672732058468,-0.06364958451556561,0.12697956107849145,-0.1963597127979854,0.06776976732805554,0.10428163804779338,0.11552363666617121,-0.14172496822087166,-0.04029292509147021,0.010769082170720461,0.0398129127339652,-0.03252091968833407,-0.08315650590093916,-0.056970221695668226,-0.028320494164071473,0.07412153839073574,-0.003010390698949773,0.015186685394505945,0.020181891750647305,-0.05741447882272652,0.034239369583166965,-0.07920792619145867,0.17102288771961963,0.015127082748526954,-0.044772987842068464,0.026786065806141058,0.039103815991665014,-0.18951768897673993,0.05373197995940828,-0.057304560530881524,-0.15119542222764618,0.04068965666424306,0.014167566342529041,-0.0018777330385362596,0.0741079184750965,0.00038380777572661625,0.07268084899781015,-0.04449996147798737,-2.3602150537634405,9.71185289318557
6,1.12474434781219,5.37540232504665,9.19320975918918,16.2925032724595,18.0804461533973,20.3450651995914,19.7890359916368,12.2660540694425,9.84865019685343,6.70124002146752,4.35661099828374,5.76724430026411,4.71578989410276,2.82171262832104,1.77261859215147,3.17598739235716,3.8897143193802,10.8429554021998,4.5118493877213,3.77995527261454,3.10756441538863,-0.600705535537647,-0.232734368857337,1.06947956598961,-1.53614861600543,-3.07390198078833,-3.14715150367372,-5.90358552599621,-4.73796177125162,-3.42238574667648,-2.44243394167189,-1.70453479228445,2.91582529703064,7.77263298110949,-0.115429396537869,1.76101245933418,0.78408435236575,4.20678407783559,0.44769616786017,-8.26634740850001,-3.01764831392899,1.33824134609089,12.334142611918,31.6953743119862,43.5060557481256,12.7389698043898,10.7260681390063,0.754638661682124,2.60535463460448,0.354956719225466,-0.12930384187544997,-0.020843097611704768,0.19566038446961043,-0.07222232549976546,-0.16987576757530679,2.0138469410634827,-0.37405646445010604,0.1959211938024989,0.059675179410948874,-0.0944649407219726,0.1519577050899446,0.02851978005003603,0.1037527016714345,0.17676264169912484,-0.1868800291707646,-0.06130651201202691,-0.23560222427522265,0.13646178573719678,0.038759351093561954,-0.14581560041396252,-0.030498719035231842,-0.010789538114740644,-0.17767813314965444,0.20029940864172727,-0.04080382313128965,0.09635510487118772,0.17785273439130045,-0.047162219775433965,-0.2017909616999123,0.008494618375111505,0.18049752035225308,0.0169761128052929,-0.47591326817856006,0.026983418294390733,0.20107840757408427,-0.17080329036698844,0.1673049482559413,-0.3755575147074939,0.25265842541097405,-0.11589349478269989,0.659469681459441,0.17639426312715178,-0.15914655737820446,-0.6107403957709172,-0.03612668827902556,0.3079808328414713,-0.12533510393343023,-0.011167945235451634,-4.188172043010752,4.447362813132835
7,-1.01706835573528,1.40185632902516,3.98340118485077,10.8556147631462,11.5514067944104,19.7825228539716,12.2660540694425,15.1356272401434,13.3835368459363,8.92086959004601,4.90808092934175,4.5960302447538,2.64623647269258,0.269592147681558,1.03971652242549,-0.904419808017611,3.80122846598063,8.0634774017169,1.34908560746024,1.30508788335814,1.22648370919792,-1.58400895591253,-1.26491295534446,-1.30193338190522,-3.73589500736029,-5.8450249231855,-4.81304873367517,-4.78042480984058,-2.60729064733669,-4.5671586753402,-5.4866911245522,-6.01185188550657,-1.78697410178432,0.104289725109264,-3.64977292843855,-2.89808209355663,-5.69269680165938,2.61230140996084,5.57492498904055,10.7811353393544,3.57306475839431,2.58734579219553,9.90743442593846,19.2001298187682,31.4480222186381,5.66450385186092,8.76598936716852,1.48125934505631,0.797414247346655,-0.007262064385732824,-0.17756128765762355,0.11487950326206618,-0.021567437106389725,-0.16150951155594206,-0.03254695442430496,-0.3721131557281144,2.5248966155143364,-1.0424858927779037,-0.4347888597014578,-0.004105848391906125,-0.24632852553201137,0.05673439722942554,0.4723135427424064,0.1724430517480245,-0.15936214981219365,0.01602866347284894,-0.5410733614273188,0.36842523260024884,0.08857876827788323,-0.026750005662704867,0.11453390852287822,0.027815864119865377,0.0036911333749860623,0.13974321050835176,-0.14862620054069725,0.23179724679054986,-0.3406167847344121,-0.047008539819920134,-0.0008422334904663684,0.29661395874327673,-0.2236869306704382,0.34582518775709203,0.01292322256407166,-0.02987442301238246,-0.14739410014999144,0.3716208984109929,-0.08157164072726122,-0.13649638400578445,-0.07766590837678101,-0.03392536271134323,-0.1433295784515053,0.30300684568362807,0.013452192060312076,-0.17392946166181456,0.05566061471770473,-0.15011405389618082,0.14382395638835185,-0.03260666805120669,-2.7163978494623655,3.8891679367370307
8,-2.9768204616771,-1.01099712534994,0.986842834225235,6.51066804228159,7.56084175764137,15.638915624634,9.84865019685343,13.3835368459363,13.824460125448,9.51019109534902,5.49344654054362,3.43324398665494,1.79433746892449,-0.208912477382514,1.41548887281454,-0.913504784673478,4.14525299933448,6.94024067118531,3.13903283191878,2.05330505259488,0.858110868523522,-1.09018673949122,-0.935115213862498,-1.21849559234087,-0.278407982631248,0.427186211998748,-1.32073129080575,-4.09436906316411,-2.27748613046311,-4.21837355974144,-4.36903647148428,-4.85632437118363,-1.48511552184591,0.947462198663978,-3.09360755291369,-2.65757054523936,-3.96726930744678,2.99353979039929,5.03475344200641,11.313452102389,2.96484047643746,2.09335316171246,8.25813649591628,13.9342182185045,26.5494268435676,4.58225174555975,7.30691011998536,1.04386893698618,2.06487482682298,0.0703536021160865,0.2881823145509483,0.05006501335715446,-0.2356531932502874,0.1471706022789302,-0.05395363515243782,0.1862799835230794,-1.0475644445404968,2.4106121019908695,-1.6100005043227,0.2955240699965394,0.245451125959249,0.10137373050316272,0.05118625114894053,-0.06889720727625356,-5.9792134122487015e-05,-0.10624660794693629,-0.17283185053548833,-0.05105818806209553,-0.02709155553998845,-0.05133169009273425,0.004192619057271802,0.10069699185361039,0.09276329791000008,-0.00970391907540932,0.08674186626590553,-0.06983913795466416,0.025379597163605175,0.01770695510571897,-0.01024135837450408,-0.03038860898301344,-0.08391501069158674,0.07601559260997924,-0.2722709401331607,-0.0033051786706452912,-0.022569982221082096,-0.18622807889041065,-0.359238790752124,0.14767966204204885,-0.0277686697516583,-0.2509229516916451,0.08589624160531618,-0.009497853302712682,0.20385952106297497,-0.20820018613752664,0.1743508166693137,-0.09888737173800513,0.053471587166375366,0.14391715880060577,-2.9139784946236564,3.716780882087082
9,-3.21754235495801,-1.81958544691449,-0.0316589480849765,3.23006785873341,4.59114522452402,9.61298583444512,6.70124002146752,8.92086959004601,9.51019109534902,7.93856929510155,6.28688646008918,3.37530419595642,2.31575685194305,0.917971295679535,0.763547895243084,-1.62509008895346,3.18927830417513,5.70551800087592,3.88788317316584,2.18332311330383,0.43273051249075,-0.773311092575107,-0.801693015582901,-1.22260007778741,1.44278409116079,3.94950700124494,1.58849046726745,-2.46973074012421,-2.44395899045939,-3.81492288796614,-4.70705143420202,-5.98233952736963,-2.9008788032848,-0.667857023362934,-4.0546782027271,-3.73463508662952,-2.28622308248055,1.45462415324018,3.09665962850648,7.65106923334693,0.166241948375084,1.67739574455978,6.13731270454803,9.69148040214725,19.451853799325,3.25363055126052,4.30901587453488,0.152833854572391,1.47941884248575,0.06396029936867587,0.21390579284726843,0.04939815988029881,0.08757992312505927,-0.029879694754081833,-0.00048714403510377596,0.05896718347861517,-0.4210514615229884,-1.61519594371912,4.3673091633380725,-1.3210833897790706,-0.19260932148902882,-0.09842783509244203,-0.10174047688960552,-0.006928871356746855,0.05119046072267161,-0.26371861321613516,-0.28019473425268754,-0.2405589273104261,-0.033713501968648724,0.14532594745068753,-0.11292360828304661,-0.020874383457097554,0.1365538535751581,0.018626122797148415,0.032933339042438496,-0.18621935085495284,-0.007412891482798821,0.008461552779188407,-0.03599836865407017,0.03243100937172332,-0.009486567026789756,0.02946475291879231,0.05255755443008264,-0.072380280579426,0.1632332845725382,-0.10076508027631814,0.03318751187792286,-0.009946878511085371,-0.010898177266156947,-0.05817167699691153,0.010467821985647848,-0.020205892803984195,0.09882885033304283,-0.11662208572331635,0.03631562861323627,-0.004803955327717531,0.11354964527624915,0.1330572077574668,-2.143817204301075,2.8157715275038835
33,-2.8489457153223,-1.53639894451493,0.612607604725486,1.95751512730139,3.24409210389879,4.43507118537038,4.35661099828374,4.90808092934175,5.49344654054362,6.28688646008918,7.15010976702509,3.40634100060272,2.98063256382741,2.22740465706608,0.0617033653986485,-2.32718943242653,2.16919333751406,4.34075021737786,4.51637350782411,2.45401663407852,0.402261743847569,-0.611035877184562,-0.852448042340908,-1.44384257905797,2.79278003105457,7.03237797530915,4.26539760515709,-0.769034511482468,-2.6369975207642,-3.55600570909711,-4.90542387576381,-6.64438383421831,-3.39743805585154,-0.978868160051369,-3.46631239213103,-4.25326097684242,-1.12258077311014,0.376328408091977,1.949339776376,5.33177112644274,-0.961972957939514,0.551435013164775,5.153090779292,8.67351054151673,13.5657120023464,2.22135193432993,2.01037603746987,-1.1078098517366,0.411316907980535,0.14616148617280295,0.0557386524232283,0.05175726228065481,0.30946333296972195,-0.27515051688672515,0.12855856331293403,-0.09643915469346745,-0.002477595454298604,0.2927972205552825,-1.3242729973301581,3.0395980691488145,-0.38435679418186935,-0.43655745185702766,-0.17249808952220144,-0.06750890588742176,0.11965559707447185,-0.5020557107417085,-0.047556007739952985,-0.7267068628113538,-0.08359543654590981,0.36810022906995643,-0.15453726190505687,-0.1016310599084772,0.19078564175800916,0.030410447509414806,-0.13281826814347203,-0.06644683278103367,-0.07251550071191332,0.028790929241528224,-0.03293219619550451,0.1483934686450168,0.0433936134820586,0.020951416845084555,0.335463328833777,-0.3156591069621717,0.48636449556604483,0.0154124292038605,0.3205395911500598,-0.2750898218557618,0.01871692509254703,-0.011125309389977047,0.07786436980915747,0.02512006947593528,-0.3335084642296025,0.1038612513395747,-0.0073613739736489775,0.056563365761069545,0.17027444653857826,0.09990776114893353,-1.2647849462365592,2.6720983827368876
34,0.43950020903394,1.58248790928968,3.13741569531385,7.42353475554172,8.07625768062294,9.8868901974831,5.76724430026411,4.5960302447538,3.43324398665494,3.37530419595642,3.40634100060272,5.00516129032258,3.76849270576519,2.29036825181332,0.18674273548241,0.537844684710857,0.416768453513922,3.85817547188513,0.722778841360098,0.958224306220722,1.20415274841746,-0.311508364080132,-0.400679759896845,-0.995927509924979,0.929250022293908,3.69915532524492,1.83404558527725,-1.04010260612206,-2.15677682500313,-0.550758828726059,-1.10200922415954,-2.09344695409828,-0.0330513978598681,0.937132854104179,-1.44138195780372,-1.79353655710782,-0.276318286426116,1.04419957885037,0.463642981071383,-1.33026178465732,-0.188293348211165,1.58444615067426,5.14733456490547,11.8297708490654,14.9784097857848,4.6022134983797,2.66714248036147,-0.721129016322406,-0.722785167287184,0.01219861446739897,0.2221798591554676,0.3381296366392158,0.1602469361722935,-0.8970890276311922,-0.1818397643533561,0.1601280838577595,-0.2434429576051772,0.25066532243967854,-0.19136001895279656,-0.38314349437898615,2.7163513426006776,-1.0743737057995362,0.23203201282048144,0.6975938689433356,-0.25029595530298926,0.15663797599133883,-0.10058805703453791,0.10886678653151256,0.024465256551333112,-0.0061631273778094495,0.12780437018301932,-0.03790738708139496,-0.0447433138815652,-0.007483532138002464,0.04250882794476301,-0.22770728425833606,-0.14925655187673867,-0.002632556364695448,-0.011652362828049356,-0.001627510859797223,0.10247567197975437,-0.19853091335352116,0.03022650723024898,-0.02667148786068985,0.22788152681753743,-0.0651833300084211,0.12621612690581072,0.25638127601563193,0.032230585450720474,-0.10875275931526304,-0.1860240530143247,-0.1451716908578539,0.08542967891720615,0.041072312672226594,-0.1648404286176216,-0.051919245575268294,-0.015128226871798826,0.1881375667567342,-2.6129032258064515,2.2349857472302994
35,1.09684560628314,1.75746400101448,3.22019181348368,6.68965363765569,6.84303820706748,5.35491973589302,4.71578989410276,2.64623647269258,1.79433746892449,2.31575685194305,2.98063256382741,3.76849270576519,4.28849462365591,4.31203355955159,0.223326124356817,0.12117783814716,-0.265176329349836,3.0637289819321,0.50518602469678,0.879107163236074,1.30748632882289,-0.678173547613223,-0.651512570650443,-0.975926923200273,0.223431983896377,2.49595724504217,1.82293550981706,-0.445821175186007,-0.736779448685688,-0.949925229855695,-1.78718626731468,-2.56844758285315,0.0076101602272349,1.39499075687789,-0.0368251192063252,-0.975484054877737,0.785894777520734,0.681698610884228,1.81540105109868,-0.190479296258316,-0.764125467079976,-0.240557273053884,3.08705824895866,8.584494074272,11.1594640786622,3.69637607527144,1.53297600015559,-0.919683971173202,-0.883893581374278,0.0324803728332215,0.1670893937328269,-0.26894295368000504,-0.10742043565511666,-0.09987870751004713,-0.06890417342439968,0.02964167283794192,0.05626936480612043,0.08042199375235029,-0.09992922366655656,-0.43256118543037136,-1.0767374789138946,3.908142760045464,-1.4932771277377117,0.09871535744005046,-0.22423568269117414,0.25272190378889187,-0.19861168968806825,0.08889331807833431,0.0243688878643622,0.020520528530067174,0.13902110338387405,0.14115099863771155,0.22848584380127238,0.010584019383090832,-0.006875881152113486,-0.07882233111369216,-0.011268069374725766,0.06984953565069084,-0.009309897868985739,0.02060599323283942,0.02940600657284448,-0.016015405223488884,0.037217597750352716,-0.2965912564970102,0.20226536828987515,-0.03834394311249236,0.07056864795946449,-0.17795117041719977,0.03002339906655259,0.12977634782219297,-0.16652328585563309,0.11239862305482556,0.15425361142205482,-0.07374741285719894,-0.34730754728969054,0.06225820314340989,-0.17555132648932392,0.15495266134041225,-2.6129032258064515,2.0684522290002043
36,2.58063165140992,2.06682124437713,2.84285879832892,5.20953574599546,4.66932247780901,-0.306587102553106,2.82171262832104,0.269592147681558,-0.208912477382514,0.917971295679535,2.22740465706608,2.29036825181332,4.31203355955159,6.58365591397849,0.11768530148743,-0.73682746844634,-1.56495392365011,1.55557526784334,-0.0909785194755019,0.565169458448607,1.31895973984969,-1.03462436419074,-0.813776065182494,-0.816429853762627,-0.494114246359319,1.15368162792249,2.36670453441873,1.40086254438306,2.49751641907742,-1.22310456619689,-2.6577021752399,-3.14768136436415,0.0869100001261672,1.80034431825062,-0.659688545337937,-0.888407378542988,1.57184573237081,0.415398713588162,3.56838500066925,2.13673298382406,-0.0925789292751174,-1.70166047918655,1.36053559950307,5.72159447193051,6.33374558765304,1.93109042139798,0.164457760068954,-1.81257853648807,-2.09568104706957,-0.06475667510818726,0.021865909875748067,-0.12106457493116865,-0.36133424483368,0.3488152561610537,0.12847795770030485,0.10076526002471899,0.48335167459462675,0.05003902672471602,-0.08875233130712834,-0.17160352243753046,0.23219101589609437,-1.4899358619420233,2.0515601969224204,-0.1905001152768665,-0.0016118627084824675,0.24815026779838506,-0.18496637365609941,-0.06601655353438027,-0.0026874091837798967,0.011559406183258483,0.11466988640197544,0.06001423251379727,0.1322762561263433,-0.04502071294621109,0.043287669912839555,0.023165625373315492,0.06484425198197233,-0.24703780275316609,0.08203933900833657,0.2999545245912327,-0.04031292125357474,-0.09195957889588724,-0.21450892362838658,0.07076877436584007,0.14134055862464057,-0.10815321478277946,0.0772004262847012,-0.5155180213716759,0.17147885450689038,-0.1835004790151259,-0.15222846739996093,0.2649388292490424,0.09486011971892565,-0.22562931398178174,-0.05939767155808938,-0.008323914296075936,0.11633337354333825,0.07097986960628848,-2.596774193548387,2.563914178356697
37,-1.26531765664055,-1.34376750432277,-1.49573391942341,1.09260468488796,1.88970800352423,5.3439715396249,1.77261859215147,1.03971652242549,1.41548887281454,0.763547895243084,0.0617033653986485,0.18674273548241,0.223326124356817,0.11768530148743,2.50879032258065,0.942254612813456,-0.128836910363217,0.542704340872239,2.03204170575432,1.05790690352917,0.0276317399021797,-0.170756766602504,0.0397993829082943,0.286484072689826,-2.20182943581851,-4.87444699118424,-4.43776956878606,-2.85560605964679,0.766610123763613,-1.01133220271045,-1.04613323280086,-1.18811227119474,-0.901736739365282,-0.928059798738929,0.057140514405166,1.3760540651485,0.81864994820172,-0.82907975666314,-2.7118834782087,-4.69733898846976,-2.92400518704621,-1.19193818527198,-2.56841600872682,-0.507868333625164,3.11834346461608,1.54610288463183,2.74524413304425,-0.255111308946155,-0.911260714041942,0.017750906356084915,0.07280610445986581,0.6434314668644393,-0.3693407439704059,-0.2506261768672095,-0.19713926095033976,0.17266416000764384,0.16544638867094003,-0.06832506390914922,-0.011444686120113103,-0.07180563440896079,0.6919175100480126,0.09824888831481518,-0.1883404513974758,2.793561506836731,0.4568788956539002,-0.13719591011825696,0.39523305428179234,-0.17849530514099182,-0.17468803938208033,-0.24329099134303717,-0.12158440420459217,-0.07165615750957822,0.17985633901509626,-0.04188149771985622,-0.18519199342952347,0.3616589183436042,-0.04841989158264912,-0.22582209053182142,-0.02276969500436175,-0.12374724903729195,-0.032483171045723166,-0.05609181221635278,0.0014967488318051348,-0.1422427327173171,-0.011067878353976199,-0.24718747610685257,0.14487470858655718,0.1460771885971146,-0.03790213530122946,0.1697392221798375,-0.14409267494393338,0.36554078601766105,0.009167877880763406,-0.31409445269385905,0.12225934901144828,-0.24345941662213633,-0.051321584247196766,0.14091776672846565,-3.556451612903226,1.580756250210843
38,3.40596515785055,2.95487155434347,0.363296412241518,1.84921358937858,3.86168308995258,-0.990307910436183,3.17598739235716,-0.904419808017611,-0.913504784673478,-1.62509008895346,-2.32718943242653,0.537844684710857,0.12117783814716,-0.73682746844634,0.942254612813456,13.7331182795699,1.97944215923083,0.18321081412679,1.39610377271284,0.713117359377759,-0.0024912251740187,4.73783254084113,3.66121095404426,2.76781831152065,5.1151935960072,8.45170151863539,-3.08253958899476,-12.0663279672882,3.21365613370553,4.43891560983513,5.80263729066535,4.83786768548178,1.33122190745771,2.15586999669294,3.83396503417753,7.39381357206823,2.77920905815639,3.5693404463133,-6.96391935219707,-19.0772969435763,-3.46625434824069,-0.750272867735223,-4.99977005066207,-1.69900563712628,0.84773368073598,4.57172154081235,0.566891880096065,-1.55595957523163,-7.14995400739792,0.08243233178964068,0.003660460473991525,-0.24702058921857564,-0.018941195160967976,-0.020171225221044732,0.06748121011539787,-0.19097511567891068,-0.16595239830255104,0.0006243170683623696,0.05485796957271435,0.12329164290953441,-0.25215481163246434,-0.21410670440756616,0.0014189168161941326,0.45828981891571285,1.6613389452163256,-0.23573425174747223,0.081089101596531,-0.1358287602902149,-0.07237563989624639,-0.035022364166450035,-0.2200001385878631,-0.028605325615035166,0.00567182354279107,0.14798130509963484,-0.39769871260976697,0.5998203008228049,0.37845166834750077,-0.527408991895947,-0.11508982186231996,-0.15916496196548663,-0.09660986938095892,-0.03728302894209264,-0.21642971007366854,0.08610861500598442,-0.005051156843188278,-0.0011406237218363827,-0.42119523502948164,0.2415017307703357,-0.0025250706973023998,0.15292122706767558,-0.24935653426404392,0.18174131845666852,-0.008506259228301474,0.2151211955693538,-0.2638800245275324,-0.003927398667711859,-0.21227482387553823,0.04379980744741324,-5.161290322580645,3.704472739752568
39,-1.28464331379969,-0.380665524680223,1.25952866439153,1.70777603784256,2.41879203391253,1.76102682238275,3.8897143193802,3.80122846598063,4.14525299933448,3.18927830417513,2.16919333751406,0.416768453513922,-0.265176329349836,-1.56495392365011,-0.128836910363217,1.97944215923083,8.25726702508961,3.39132565568584,1.8006333551864,0.667591472458192,-0.514068275238911,1.2334289612602,0.908138641157411,1.02616371249597,1.19917561142223,-0.40789141757025,-2.19464530051845,-5.86395231802025,-4.81462133835804,-3.85536965880525,-1.73198264957664,-0.539016580726789,-0.0953856453575129,0.290722634830993,-1.39332877828966,-1.00152525443829,-1.6952765637872,-0.0624120259828594,-0.217661979196715,0.0924562290874894,0.566955413912122,3.70574317051767,4.10710843519516,2.77278860263259,11.9431959164136,2.95320162467872,2.83724017582821,5.31696045619787,5.44819875067937,-0.1423634759892664,-0.08943014261903527,-0.17622086724225286,0.04456224050423859,-0.14599188274406297,0.10440521630354961,-0.05861508625467061,0.017323849842673607,-0.1057520666232242,-0.2644533063422479,-0.5027140069843371,0.15519728662469134,0.24886060966914375,0.24956518611065354,-0.13498067173803507,-0.22905302035106548,1.1729247080104306,0.477740368617265,0.020129205767227033,0.020530402756777394,0.05141542324771626,0.20933299463134936,0.11050178396443221,0.009562672748170076,-0.27938359971278276,0.07742091862935414,0.1597505553994926,0.1878468716820222,0.003785354739421788,0.14932257672791943,-0.031205304979892032,0.13252024450090968,-0.13102768836382336,0.0320991749316208,0.01265336948381913,0.08742565620116383,-0.01741336572300442,0.13813417381461002,-0.17845457097155232,0.11127718142859548,-0.09006252763003342,-0.18569710371349105,-0.06032540548602473,0.12369183621695422,-0.10081014541858797,-0.1821803179324427,0.2960115389570855,-0.1070421438497299,-0.2925793203320719,-1.4301075268817205,2.8718055339959228
40,-0.157022942128752,2.43791697323513,4.44766680932323,7.10043150850987,8.20497288212199,9.3633732140233,10.8429554021998,8.0634774017169,6.94024067118531,5.70551800087592,4.34075021737786,3.85817547188513,3.0637289819321,1.55557526784334,0.542704340872239,0.18321081412679,3.39132565568584,10.3561768219833,4.73428941713436,3.67941394985663,2.63882766435342,-0.378999487345327,-0.154074063807165,0.396649173330604,1.12665712934526,1.62351449282492,0.663845319301493,-3.0900809651959,-5.04147780839462,-4.05869392276776,-3.04121292956711,-2.28949282450268,-0.265809348343449,0.849110678541018,-3.9639986492113,-0.934899797141791,1.37547563086628,1.96591416961479,-1.24579998173767,-4.12389218581207,-3.88528710841145,5.15464315886304,12.1978044728472,20.5997128423314,32.887623670839,9.09156517086939,7.21713599767892,3.41528706595872,5.18351176154002,-0.08597202592835602,-0.40917008010120576,0.03127482018343022,0.09623083975459489,0.1377522901106166,0.11598398686087848,-0.24172177092915573,-0.5481673752329153,-0.17028490407816763,-0.27967213658676154,-0.047839374215086106,-0.0986470144651479,-0.189079497424123,-0.18098314868596704,0.3943915160306723,0.08549279745491532,0.48229950369965197,2.964197441799275,-0.11847426975372174,-0.17107941811841798,-0.525639427275452,0.0004147962163213824,-0.23872532200672003,-0.15376921457031845,-0.07632076323824165,-0.0048460985263931436,0.0460822563537983,0.09592507781264957,0.19202441901287373,0.10096088104385709,0.26498566693311176,-0.056904671894735484,0.03959641959992092,0.5844404690901929,-0.17388151767305698,0.018098563108423303,-0.03822499910947975,-0.23013447072007892,-0.17257828012530813,0.2957576445466273,0.17264378655920595,-0.0002335716353602799,-0.3529877162602061,0.1812335566485685,-0.39754640352020293,-0.04937132080218409,0.03799564026766528,-0.1716242532538548,-0.32123862004037684,-2.17741935483871,3.2165473449000053
41,-1.83295050960596,-0.227894297539353,0.22310284464834,-1.94546204521062,0.18213532820462,9.78792563126868,4.5118493877213,1.34908560746024,3.13903283191878,3.88788317316584,4.51637350782411,0.722778841360098,0.50518602469678,-0.0909785194755019,2.03204170575432,1.39610377271284,1.8006333551864,4.73428941713436,15.0813925394929,8.1852421867554,1.25445443968056,1.24815340515663,1.76534691393064,3.34011620109931,5.93213753121869,9.77852556556822,7.29353653942781,1.54376815414276,-2.53941910592803,-0.69649138566543,-1.22183023539713,-2.55684093106769,-0.450103564504137,2.50097128383228,-1.62903037577181,1.68441019556481,0.371165344994569,1.86426592354974,-6.60712936875255,-13.6478103381497,-5.56844808662664,-0.436294009787413,-4.97004241197566,1.48147401660744,9.66973862302654,3.93292455621852,1.54547432001365,2.07090876957695,7.33015258670646,-0.04168395174536339,-0.08078302644840452,-0.044002766995130206,0.3394163060534914,0.16059144408123502,-0.14212111651647386,0.1364641773638807,0.3608407400445221,-0.05043644508030036,-0.24157367911327884,-0.7233032674991319,0.11534296492239783,0.09950260110609994,-0.0615730088622747,-0.1789324708967974,-0.1365964652908498,0.02253233745345749,-0.11825990579369373,2.032528469856588,-1.8761138937636221,0.3023147674710586,-0.25203861348027284,-0.1068285666954242,-0.2555259611013039,0.17888372642188827,0.08597249303355735,-0.20529261726107292,0.03476263751663798,0.07383054993040145,0.0018534867611968812,0.06744498069362984,0.05536337124182343,-0.03380873957208756,-0.1271858656759685,0.04880892763903541,-0.16904540710896962,0.30279307000474637,-0.16503565266101147,0.21628729062112587,-0.048189136356129654,0.06402271978513766,0.1337937874879678,0.20673058812892645,-0.08471091741380557,-0.018188118368086408,-0.24782358181538122,-0.1476536453005088,0.07792083654450743,-0.1497601245533197,-0.4856630824372759,3.8821891426736146
42,0.206716852629924,1.835193248739,1.63361369517839,1.14959068642126,2.23284844521232,7.41361561822851,3.77995527261454,1.30508788335814,2.05330505259488,2.18332311330383,2.45401663407852,0.958224306220722,0.879107163236074,0.565169458448607,1.05790690352917,0.713117359377759,0.667591472458192,3.67941394985663,8.1852421867554,6.10384873224479,3.90878767714504,-0.375484073934576,-0.114810048084837,0.853912045731459,3.22998233437287,6.99343463581211,4.57146091415865,-0.141943230593989,-2.2371778774453,0.0390123406179107,0.0952883281862786,-0.590758787298094,1.08554227631969,2.57977715331801,-0.96319180845881,0.593840132201701,-0.0069793600838014,2.04407591783004,-1.36538547234774,-4.46837535686601,-2.43778941641352,0.704353309080598,1.41175625739384,5.35165953559048,8.86958075318034,2.44713211032435,0.383636990749395,-0.0934863119532468,2.48061884244779,-0.02654316267131049,-0.11366242656441618,0.06139319827536223,0.027689979862389226,-0.005294128126802196,-0.039473678423323395,0.04876071180969715,0.08673570734065364,-0.02597946365424033,-0.03384261249910182,-0.08456213753109848,0.02392887500919484,0.022997327410047456,-0.008059503403871309,-0.1830392510437967,-0.07339643833720308,0.02143171439062299,-0.17761367327698724,-1.8724504196367833,4.139559443154281,-1.7552890173294378,0.09616758711770508,0.06750216391132614,-0.013060966856257836,0.042261395456700705,-0.01596771756312975,-0.01843009721493298,0.018352174710057474,0.03599349409848114,0.019707227460952888,0.012319498463157722,0.06484788681986332,-0.12272974765915622,-0.09451721036138704,0.024358697479966957,-0.023762595317308927,0.03171587970522586,-0.051072304687209094,0.15073067990585393,-0.06771298195007178,0.030895319495469677,0.009854181911949056,-0.03886622582200941,-0.012068697788816333,0.03591070500049566,-0.009014391808258856,0.05043428345228359,-0.05964332432781548,0.024925593855808587,-1.1057347670250894,2.4685722051916548
