,Cov_0,Cov_1,Cov_2,Cov_3,Cov_4,Cov_5,Cov_6,Cov_7,Cov_8,Cov_9,Cov_10,Cov_11,Cov_12,Cov_13,Cov_14,Cov_15,Cov_16,Cov_17,Cov_18,Cov_19,Cov_36,Cov_37,Cov_38,Cov_39,Cov_40,Cov_41,Cov_42,Cov_43,Cov_44,Cov_45,Cov_46,Cov_47,Cov_48,Cov_49,Cov_50,Cov_51,Cov_52,Cov_53,Cov_54,Cov_55,Cov_56,Cov_57,Cov_58,Cov_59,Cov_60,Cov_61,Cov_62,Cov_63,Cov_64,Cov_65,Cov_66,Cov_67,Cov_68,Cov_69,Cov_70,Cov_71,C_0,C_1,C_2,C_3,C_4,C_5,C_6,C_7,C_8,C_9,C_10,C_11,C_12,C_13,C_14,C_15,C_16,C_17,C_18,C_19,C_36,C_37,C_38,C_39,C_40,C_41,C_42,C_43,C_44,C_45,C_46,C_47,C_48,C_49,C_50,C_51,C_52,C_53,C_54,C_55,C_56,C_57,C_58,C_59,C_60,C_61,C_62,C_63,C_64,C_65,C_66,C_67,C_68,C_69,C_70,C_71,Mean,Std
0,81.9103882915173,8.97037694888379,4.26723226931444,0.388022398152257,2.15539113372852,-32.1202343157693,-38.8846883477068,-26.6692304655672,-13.9935905770544,0.928222283233404,-1.47265856992773,-0.422546437070432,1.86902975275849,16.1744759171474,19.5451667378229,8.05069006843672,-8.55100601238251,-6.76883306936628,-7.89591279686571,-6.42626564727147,-5.15809979516588,-7.56674787124118,-1.72596221303366,1.57619258706796,6.92675026034737,6.03384224997696,12.0541313864928,6.13613455611076,4.60001766203088,2.50902666528679,-8.6861676225481,-19.3198900356599,-13.9499322738814,5.00103186067794,10.8421094717997,-0.0443647587068934,-7.68909576090864,-9.36123247811245,-7.39119883147452,-12.8317959234735,4.29445633707139,1.82907294337712,16.1691255765765,-5.14483632656039,-9.56371935136655,12.2889304327046,4.92691674010904,-14.5492657497268,-18.0465857896371,-36.3371767297506,-8.24877841974562,0.241816443511854,11.0887355182213,9.5620572331013,7.77548384347347,0.456864829741279,1.1148059230948528,-0.13455125104947677,-0.10938608624850873,0.3004646448587076,-0.036695762187800504,0.3246173428895588,-0.035914458224136143,0.13881822789857026,0.4091990001046256,-0.10965318846462868,-0.0642543088266941,-0.2548854878333314,0.018339456378121476,-0.29383930534181024,-0.06616286163152278,-0.16188688352952033,0.2166001862975146,0.0586866987636228,0.05498002751958839,0.0717339723049427,0.17191034616275383,0.11419042322128002,-0.11295635698121696,0.15674088083173224,-0.2448206592877389,-0.05349012338259225,-0.24701085344474655,0.1745752423631012,0.00026886381007007015,-0.013824955408219139,0.16978891715933536,0.5597721656701818,0.564459998976299,-0.1706286202332249,-0.23421943772847173,-0.022504189951477824,0.14854149753306273,0.21094456428227681,-0.13079237089965673,0.4724724425403232,-0.17225419836063158,0.08539568936839813,-0.2912193216382581,0.10402836530551333,0.024365531437132108,-0.283744807241171,-0.20366846737773917,0.05879641137460169,0.08961416784796068,-0.00027603380750598365,0.021630725301904716,0.012817835206925192,-0.2767090383779007,0.004048215525513605,0.05714041660037933,-0.4650256784831788,1.9543010752688172,9.049883330271022
1,8.97037694888379,59.5501433691756,13.0494412613425,22.9464862712391,-1.92305116801874,-12.6807329004532,2.14191241030726,-3.55339533478182,1.97981615698407,-7.9522935527578,4.62030298933174,-8.62160310630493,6.54761093604354,11.1455117414829,-10.0796461608405,-2.27227227177839,14.410572512428,5.12157923599646,-3.22991429459047,-1.57324793195118,-1.42083011024948,1.52437207097497,-3.96109954653608,2.15887943346055,7.80861017655684,17.908850967186,7.6778609372462,0.753197149750855,7.25652287905294,7.10408869942361,0.278690101150474,12.3446366991906,4.71846469992254,4.17075319341927,19.6985269047076,5.99330528320766,-10.6530612878344,-5.51436131048436,13.0056334817821,4.90947334065033,9.9841774665847,-4.31258090699477,-3.8227698996441,-12.2250750758721,2.88893284971969,-8.80433676269831,-6.18949242342622,-3.32806180277264,-3.96675108364219,-35.0472564460346,-17.523818614732,5.7519522125544,14.9629773705501,25.4796174108802,28.2063707706649,6.11296393230711,-0.13609469322517875,1.5557198670876722,-0.4148390345122324,-0.34222846290191067,0.36967363120711044,-0.0006030881578750424,0.05383218313325926,0.05568505091159189,-0.13036134482527875,0.07560183190375648,-0.18203360715047398,0.35074791568780156,-0.23915640252536505,-0.011451397310923034,0.43796048374453256,-0.03735871788341802,-0.46171881986010116,0.13148295170183383,0.21449067467184424,0.03340254963381148,-0.0660992779070873,-0.24944654134711208,0.11649300266328971,-0.12411768275652015,-0.018479646023601616,-0.3994774355125486,-0.4385206932065567,0.22014981133668216,-0.18879138946066445,-0.3485470439094575,0.4005182201483851,-0.23743264871149922,0.0046353847490779,-0.15368679820801384,0.026773249980600218,0.14211758092016646,0.269486464563602,-0.0022409376719633146,-0.41868536063552825,0.15839525492201853,-0.013927947645052608,0.09495194709003033,0.017317091894098295,0.5952534092254571,-0.2163521970093321,0.300458034207704,-0.10465477780126503,-0.010579922718370674,-0.41891294654806654,0.13686127214773272,0.10821599729573711,-0.04689212937393196,-0.20605034168070982,-0.19193447422582804,-0.19593156099789924,-0.025416515356466857,-4.768817204301075,7.716225979659722
2,4.26723226931444,13.0494412613425,80.4202925253883,35.8320004879473,10.7352931095016,0.991505513359135,18.7128323402669,8.06517401029161,0.064036201121815,-9.73385729728711,-10.7719951753619,-9.77245020755703,-18.7043390690132,-11.9155967774644,-13.3561459278156,-11.7999884713293,-3.39494634429088,-2.8369911940516,-0.870014663424324,-3.7310098061819,-8.21912968661376,-5.08555226003905,-2.11310668448142,1.97676749956568,-1.09456442467192,-5.10733264277134,-0.89201745852339,-12.1615114091184,-5.28642025750566,-5.47372639262205,0.370376117379711,-0.214503048381279,-1.89662740577388,-4.19902944575185,4.12184448383983,10.2452437224775,2.85874935151345,17.5899074660499,1.56596293559822,-2.88813048191245,15.404006365055,0.0765477971201583,-0.902331457425427,-0.0581527050322928,12.6178820835266,7.4296505713401,7.26523799136604,-6.37983855438581,-29.3616342210181,25.8894877717778,67.9617404605046,11.1147293316437,8.04530180042116,2.8853825353085,7.00094398872774,8.17452844364289,-0.1038628255581161,-0.4161243350017611,1.0193046983327112,-0.2264147771781841,0.11577066111845329,0.026162728309250826,0.07335799204349905,-0.2107936495583278,0.19657615021454694,0.14452527473119123,-0.04048395856097009,-0.16527199713589938,0.2576215880711086,0.11648411336474924,-0.04402561695182526,0.030890174770945585,-0.032293819219336224,0.22132831388947768,-0.23421712804643827,-0.14629009332412768,0.023900818008003158,-0.1345188935470727,-0.10086542025499597,-0.20214944085257985,0.02239593322325487,0.0531108544189206,-0.11417085656957816,-0.0049987735570899494,-0.0010688249738057716,0.38280184639724774,-0.35053060138858266,0.040603018941392274,0.11804185786821528,0.012606959290768664,0.05264369323993866,-0.12922168052922145,-0.1941380703190773,-0.4178617217389099,0.1044848855281128,-0.15432246226705706,-0.35221327829475685,0.010986575386034992,0.06974629574165456,-0.1422586259147511,-0.18255938352002982,0.008151136382838159,-0.32475615310811884,0.1078130429820234,0.6218994033382353,-0.29207251507811466,-0.07998258499313878,-0.38164217084743235,-0.21288635517825416,-0.03370377656122874,-0.006547973702345114,0.32179098301513,0.4119623655913977,8.967178626825065
3,0.388022398152257,22.9464862712391,35.8320004879473,115.198588958582,71.5481253089266,-6.7071697320851,22.9719735173664,22.1484985206344,23.5580594100389,-6.97606393666814,-4.60348874128719,-17.694117549469,-25.7165130160621,-11.4981324600012,-19.1619781551497,-26.0653839596061,-21.2654070701212,-17.1541722398154,-16.6112136838505,-6.66779385006025,0.596436569725862,1.27136916254601,-2.81404310618774,6.65856711096033,3.77801410067677,7.06080442235754,6.64647486202544,-13.1093222597508,1.1872274146231,4.74440090557045,-7.52692177906144,-15.4413377690417,-8.92259966057957,-16.982442288534,4.71033124603135,14.7633760289137,-8.3701046161675,-0.720457782468584,-1.9859813312722,-24.1361066446915,15.5950549537233,-0.76226944075395,4.93822526198918,8.89601528282933,-10.3719319235237,-6.38462312234357,-13.918260472688,-4.0237560007946,-10.1836245283443,9.98686260548745,24.9484374315044,7.94766167367452,11.2847289893434,4.58213295344831,10.0186087602672,23.039395277778,0.2989886333695215,-0.3444843598298779,-0.2267920310944374,0.9818105029637512,-0.436016263618959,0.1150314054768936,0.015268927316691522,-0.11077542658920707,-0.3712266059246338,0.3828177152003177,0.049519882131507736,-0.058233205587810324,-0.07592809833291475,-0.15024906139783561,-0.11522246756389894,0.1768270075184533,0.08399475206557547,-0.08894278475187496,0.19026234676707604,-0.08960494632163302,-0.29618923380744844,0.15665092754129206,-0.040316078985629895,-0.08735950804100301,0.0641024137375017,-0.14184372351077157,0.06643000172889585,0.1728038735498757,-0.14783856147479577,-0.2092660313733942,0.3401547849160506,0.3106436205238702,0.07244259495515952,0.21137855158145116,-0.1545784978494535,-0.1938065131535806,-0.0556690205940313,0.3932501829343795,0.0080383713614168,0.1986953118022137,-0.41596658965380573,0.10769217720767366,-0.2436048695626508,-0.33680788495328223,0.3565644389689982,-0.12333147801325293,0.13568524783952599,-0.22609299161590582,0.07636116640865764,0.009620281409079962,-0.12963650668043056,-0.058604893677607114,0.11199808469813019,0.025456034624159646,0.03528768909063952,-0.021712425426138993,-0.3525985663082437,10.732594698328183
4,2.15539113372852,-1.92305116801874,10.7352931095016,71.5481253089266,144.498547578156,24.3476040933729,19.5460111572949,16.149231150736,15.6828793186746,-0.478544968224066,-6.65859276287816,-16.9163494471368,-5.00062356124281,21.8850497261404,-4.7282122634038,-3.64450081152317,1.96405927562155,1.28065212458639,-3.90793857214217,1.06098986117167,2.80589354729126,2.9776826730425,-9.36699462963332,8.11747192819134,3.18527114267802,1.07782698367758,11.2026268871516,-16.1900698275444,-0.67991919635457,2.14774409334966,8.72952289516392,7.59501977630185,-13.5250364237261,-19.0423380618123,-7.11485799242957,19.277512092562,-20.1406831795381,19.4188053486296,-7.97977034257868,-0.756672355427584,7.34561283236843,6.63361872619635,-10.7108355245885,11.0768367934794,2.91974773845468,10.1068145262605,2.89059939677795,-1.07707528607341,-4.52494076437675,-0.679177085479756,-16.2190853197533,13.7364036744935,40.0306053015016,7.80232822494195,25.8205141678778,51.1181855043406,-0.03741943645747212,0.37442645088471727,0.11745211334822496,-0.43854745909338266,0.8141252261256088,-0.14052917438698329,-0.05705486582614635,-0.03623509376982253,-0.06599837192343076,-0.0515966501015192,-0.22892172229160376,0.16796939787533385,0.22074195531344543,-0.04489552366101398,-0.0970741621271145,-0.009830507752873998,-0.1672436621051232,0.09779481916287668,0.228378097641801,0.1320122245277577,0.04112669832779665,-0.034264000779635845,0.14839149018533265,0.01620346186033921,0.06600429120880504,-0.002120728962119645,-0.2851769971233246,-0.2549478135239239,-0.10091302067172213,-0.013156486112906651,-0.15036884494827946,-0.032862363203525286,0.08458400598962569,0.05684864275965895,0.14870719051408915,-0.008639656620431261,0.04270915306763923,-0.32398694007546663,-0.12825272016294542,0.019634811145830534,0.027592365978672363,-0.18631584738274234,0.21773238251800056,0.06840156777294344,0.0007228943451530365,-0.3235861199959066,-0.1238264356251527,0.15459292788198417,0.025351793067264566,-0.05732517912733746,0.1964394096601106,-0.07373127418965073,-0.32155131035380125,0.29040416330863095,-0.3871795922165878,-0.4837872827317248,2.2739695340501793,12.020338912782623
5,-32.1202343157693,-12.6807329004532,0.991505513359135,-6.7071697320851,24.3476040933729,75.6636738351255,60.9959932946678,39.0857202188557,6.88094097850304,14.7719864758798,0.501374356739754,11.224269424372,5.8496820137905,13.7857130414334,-6.10982149942135,6.43719192671336,18.4544293021061,20.6832978178458,13.1365046530767,7.1626205135613,0.64659671416199,5.11623184060161,-3.03276553766649,1.43342508611775,-3.00002241550011,-3.19673050886112,-6.71795269744869,-5.19244606359896,-1.08828831559551,1.13251497779985,5.27463073519634,8.45903916976546,2.47837471043366,6.09905511342043,-12.2120559423734,11.467782530589,4.67945728501706,20.6448960215471,11.3344049907281,3.44051717512335,7.22832949256828,11.9874134413152,-6.70698608028979,4.96271546598103,11.1217402896898,4.44687558355611,13.6252382039997,18.692811114304,17.82431278661,35.2977213926975,13.7191020931412,-1.99452930827795,9.92102074028069,3.98052787697555,-30.1170830542796,13.8606498200348,0.3278412671923226,-0.005003723845852507,0.024471470732548545,0.1112594824385464,-0.13845576275884758,1.2084498581882526,-0.1505373513201481,-0.006172363629515669,0.545044411143262,-0.1851870805606103,0.007528117115866873,0.06824909396894943,0.027825933954843847,-0.07695829090863306,0.13036162584200545,0.02273259043101036,-0.1287689024265519,-0.2043063195789226,-0.20944182305154405,-0.1625268485083553,-0.06716118281910681,0.005622095918694455,0.12977979965047354,-0.0062139066801478,-0.02487496993568958,-0.037318385915759485,0.17355751444818235,0.15124321996022108,0.0009062401091133814,-0.2974514478316494,0.1520750532610018,0.11931619275283156,-0.18193304229879398,-0.20582958147003788,0.17154474064880587,-0.5071399726087283,0.21781199666425313,-0.24647197252613598,-0.43626178193260334,0.4054111274426032,0.02731616945195062,-0.09961951488166092,0.1153212088383198,-0.44686915559052387,0.06896659762942926,-0.1426659496374614,-0.3289634756524601,0.000703088159803672,-0.22926466699498976,-0.04934834198475334,0.0062270167601481356,-0.1942148788438312,-0.22144110758462388,-0.1784469295278386,0.5350454761696423,-0.011357802414656948,0.17204301075268802,8.697912038824343
6,-38.8846883477068,2.14191241030726,18.7128323402669,22.9719735173664,19.5460111572949,60.9959932946678,108.914567486393,71.0188399376406,20.9449446371526,14.3741406507882,1.10545840078889,14.2654678054561,17.4555943968505,4.74007598766185,-11.5445090717025,-10.2101665810683,-1.10375083399071,-5.23023509720625,-8.76262012117948,-9.47548758214799,-10.3602213151036,4.37145726479501,-3.03022995668817,2.37547482737759,0.744014637579097,0.309245349833723,-4.36686592386759,7.84427258330351,9.1016909087271,9.40925734797642,10.7058725986208,19.4932418081013,0.687933259887206,-0.785806223832218,5.23209914561515,23.3718023519363,8.18158723445863,25.5307451671645,3.89535474562619,-15.5052361126963,10.2631879746128,10.3464234253999,-8.52246279360548,-1.47211072875978,8.63950176096699,-7.36508078400414,3.53800904413433,18.3829667158207,17.6090311215123,48.471541573373,48.2440688419732,-1.57641027345727,15.083280063601,22.1360919508323,-35.5949338339287,8.73067319147541,-0.03864682551256349,0.052739761864097186,0.07108586988837408,0.01793434460982101,-0.0560197841938871,-0.14937769600161108,1.2395051611979935,-1.0611609298516695,0.09452641238737582,0.06690797539971989,0.05006703704380117,-0.0827382991675961,-0.08529846306919495,0.0729026895599185,0.2511066885662807,-0.09350326951042176,-0.1876339298844697,0.04563431351724489,0.1452701197011623,0.032016761567172175,-0.010895667616982687,-0.029894803981187056,-0.15370313909672048,-0.02895095977921252,-0.11596708482283184,-0.006462549848712164,0.19897691734795817,0.16476193096483654,0.020490361120168776,-0.044202809230452986,-0.24457472142034897,-0.2829222503375895,0.21064490254139387,0.23156750970595855,-0.4125014770268728,-0.40363362319135054,0.0824973012606088,-0.1510446139457903,-0.24115216513977808,0.11550496757700202,-0.19760866510656458,-0.2826796473867471,0.006579503349402113,0.5636217640448994,0.04418870153731176,0.07255414026613217,0.09291713664022533,-0.30710924119656946,0.10460942326205566,-0.05947626560101375,-0.11971437790815305,0.2766632499991855,0.173802899963651,0.09392511310486226,0.10246507590727724,0.012048514821629823,3.736917562724015,10.435735119597144
7,-26.6692304655672,-3.55339533478182,8.06517401029161,22.1484985206344,16.149231150736,39.0857202188557,71.0188399376406,66.68358522501,40.2347236574535,29.5513105874782,11.1158724713498,19.1422695130767,6.32127632915113,17.5838683082977,-0.194905495063289,-2.13190234100278,6.78334167673659,8.563047643709,5.40129521590889,-0.0476427244895694,-6.15509663684977,5.00418633222943,-1.19888293065594,-0.437733047194039,-2.79081299204497,-2.21585535523012,-2.08576457936559,12.3762194078295,11.3874377713724,7.61667608640673,6.97808210063067,2.57610684072491,-2.79025877415817,6.34219919959286,-0.741605938456599,7.53852533471143,7.50803872347946,18.3802529217786,-0.629500103391438,-18.0134036603971,2.86307656052874,1.63474844531534,-3.6451268366797,5.15608204160097,4.96576942794084,-16.921954551396,-8.48490910080275,9.38198467778201,12.7832943828329,39.8149772059062,45.7518693818035,-2.5569045684283,16.817214332486,29.4544108943375,-28.815358804339,13.7463528610677,0.1539700651742222,0.06421108020323218,-0.2210043733321646,-0.10256819900961774,-0.04380754739638605,-0.006482129572325828,-1.0575788872761986,2.7089018612121527,-0.7566342722707202,-0.15698133572413975,0.10833891300631496,-0.35763087542025723,0.16252834130478855,-0.15959510319306114,-0.24277736224263982,-0.005552566774880745,0.17698154997438373,-0.13124265723187725,-0.02570859657073624,-0.040237813505759126,-0.015185107606969632,-0.4632296893918568,0.09078748756373366,-0.007956084778339863,-0.10921883658169604,-0.2758739212250344,0.023360010244312005,-0.4547812628414387,-0.02176300067604755,0.364355051744725,-0.25419856751356984,0.000846990072410601,0.020791610309983038,0.04664225688746376,0.2514571987632796,0.053040006439973995,0.29687419132071624,-0.041065385171536885,0.022716299177346855,0.30697227519386105,0.06705317104445196,0.3709036631962771,-0.030180989767210453,0.013977683711292212,-0.03401534167998588,0.4142131857636636,-0.019068401908524164,-0.1951119535498349,-0.22599950861460213,-0.13824058789128146,-0.04994661219093336,-0.01895965622792348,-0.16084707004436624,-0.21353455792768622,0.3975381885524545,-0.07601226004307299,1.8322580645161293,8.165389471728215
8,-13.9935905770544,1.97981615698407,0.064036201121815,23.5580594100389,15.6828793186746,6.88094097850304,20.9449446371526,40.2347236574535,59.3289130326563,45.5391825510697,18.0833974004745,15.9271004534749,-3.41894990453565,21.2078312988376,3.23773782461182,7.69464137533979,18.3040107446596,23.3109162205188,20.8170388414625,8.81787845011245,-4.55599900277874,0.201685908027666,-1.25019930424623,0.0480938133690053,-6.48499122038338,-4.84603522802834,-0.163209483653849,-1.23656375492862,5.2308577006546,6.21317026886393,-0.925810397554737,-10.6208347746328,-3.35214155292397,14.770868310469,-4.60662260365336,-1.82310770161858,9.12449878724792,13.5613535397314,-2.94403021223774,-11.4149791827085,3.14033861924108,-0.463657828136765,1.53974042891514,6.93195962776881,3.78361175215713,-20.6340434623345,-13.1993713093468,0.123792355606823,1.58989044318299,11.4402848968889,40.2473144424335,-0.770489780622806,13.4051544959399,27.89934635651,2.15240023300534,20.1213693283841,0.41176249642304247,-0.13000657247125058,0.19976124333650605,-0.3798989767226359,-0.05993534696717069,0.5479452815396545,0.0878939805617514,-0.759313478260829,1.9856569814169225,-0.6419344516976422,-0.03427809273364604,-0.2525480665588304,0.004835673219071707,-0.29186605978612057,0.25055832125438093,0.026417859237147363,-0.06528772490681672,-0.13497625982354108,-0.22313342932440097,0.10707423926441523,0.5239905075462076,0.08915799980069758,0.020930238400630668,-0.168313342637564,0.10226615018411211,0.12020111104083596,0.22715140522191685,0.3003791822726131,0.09697255914676108,-0.11779233912658237,0.0017087739224513389,0.21844872006201724,-0.07521529061721151,-0.5392353792569314,0.3459330120244558,0.11857734406871222,0.006912479920714034,-0.1374014715039609,0.37703364576317605,0.3224447295653331,0.28748716911778543,0.04863781718082864,-0.19528717696625691,0.1301600328518311,-0.28090873515241704,0.18519326784644477,-0.07696496313043094,0.00967631035720543,-0.015649295422005313,0.10324467808585443,-0.031058973312994603,-0.1188766064757814,-0.09063035120185833,0.06483152032025627,-0.1575685345771182,-0.027816958272710166,-1.3748207885304662,7.701877240819691
9,0.928222283233404,-7.9522935527578,-9.73385729728711,-6.97606393666814,-0.478544968224066,14.7719864758798,14.3741406507882,29.5513105874782,45.5391825510697,75.9814048187973,23.0826310414675,9.04803297036916,-0.228441954034625,20.7859394570998,15.4267897138368,6.44794064142721,7.43028217823448,16.2074901355701,16.9618761251802,7.39919517677975,-3.86862791395726,-0.203375487239942,-0.510391919723787,-2.95979903064184,-5.59697314517123,-3.16250551558106,3.73573481849063,-5.28356464139882,4.70136426984315,7.34349514125962,-1.310045072145,-12.373003094052,-3.03052157391631,19.6131265323159,-1.89761438180564,-4.13145393180234,19.9235117928927,12.6376677448319,5.51783108694291,-9.99507174734602,9.93781822070049,7.45659925689113,-4.032347799413,9.9281414044616,3.08909173405942,-17.848041137834,-9.66259687705804,2.7401734700432,6.39671230598874,17.7630153442085,66.4498280725503,-6.79759655943968,8.88007568039404,33.1680831162178,2.15495624283076,14.7212228682689,-0.11716094884229115,0.07578984451726507,0.1467650767465526,0.3873106422069171,-0.05490797886487062,-0.18278028344850542,0.0684163524368615,-0.15411768675405882,-0.6427657890519989,1.5873227051325998,-0.42766806719870903,0.13524600863887448,-0.10360645915908187,-0.11536022720255425,-0.48329823644066255,0.02368529403693221,0.3665158687201485,0.16327323936130353,-0.16584500153711715,-0.17251916348164828,-0.100925080626555,-0.013225826250364446,0.0776693031792595,0.004116043349245981,0.043736199784189675,-0.1677869984086454,-0.16377605465723016,0.4658388313256907,-0.0037268277302869306,-0.14157463696825479,-0.2600803083991702,0.16552623813519585,0.03234923057991041,-0.2985134039120048,0.14005977112563764,0.10660989087739403,-0.18488264948003877,0.005890242732287746,-0.2301555976160381,0.08271591081112614,-0.6273686580408202,-0.4092996399628733,0.1901143956225533,-0.2688549309684082,0.31687961001597253,0.4346362209571829,-0.039807570691691135,-0.04810893522895223,-0.053142445377754664,0.06353082099358558,-0.2992270955001285,0.05304825098049206,-0.10181932490922088,-0.0346366012079081,-0.2397915686139173,0.09967553112915097,-2.4062724014336916,8.716157686664307
10,-1.47265856992773,4.62030298933174,-10.7719951753619,-4.60348874128719,-6.65859276287816,0.501374356739754,1.10545840078889,11.1158724713498,18.0833974004745,23.0826310414675,39.7324976768884,40.991051612851,21.6549198661575,8.70105681351737,3.51363140320865,3.56552592565383,20.4559038120092,21.8613922608907,21.0984513599259,12.2545244706923,2.15349740443995,-1.04056049656308,-0.139908785704226,-4.97106081149647,-1.95947836839645,3.43905633475419,7.58231750388345,10.9777618810229,12.929490934435,8.81589608225248,4.02720739690683,-0.89377322433885,6.01631693059537,4.63284974047875,3.80536435457618,-7.53788031015107,0.776811595877558,1.39855244249397,12.5969020739096,6.55066895893041,0.500108089088335,-3.1389674230469,2.09573868221774,3.13152920225928,-1.66852629113974,-9.66330246898381,-21.8676230858675,-10.0351502421993,-4.40885292236291,-18.1340492204465,6.98551058626853,-0.228951721669267,7.54600294162018,10.9393488601438,-3.22917374416307,6.77862020763917,-0.06605313472266723,-0.17796845442682246,-0.0442819130144198,0.05026833399326072,-0.22743549889401665,-0.002463521149808719,0.04557688331115464,0.11134680801313585,-0.03402933950431145,-0.42780062583962636,1.8299051005283329,-0.9397146194608323,0.07978174638463953,0.22563825360634773,0.16017125241003677,-0.02568690297985507,-0.2713760830078408,0.03777276625926137,0.038856875885232754,0.0476640711138492,0.18299369268906565,-0.4507184090267757,-0.317553248652682,0.028254330906804244,-0.09510352221643541,-0.1223908560745356,-0.3334213436977569,0.04967799010674081,-0.172127022192543,-0.47365083646495554,-0.0093661305010081,0.038778465100311806,-0.07896592955361245,0.1589296055235407,0.28699412681095837,0.02405966850407704,-0.29297507290287744,0.0892666923135939,-0.3407054773419198,-0.08926932594284595,0.1993467034142819,0.1770918902207787,0.4319337803966855,-0.10349695453222955,0.034050302806720015,-0.09161319980830732,0.3513929394453901,0.28752996960119365,0.033229816343316704,0.10868314941862994,-0.026725469242127937,0.2657282404596137,0.14141888146516918,-0.11994418748235863,0.07203191459922412,0.1885732402601689,1.6693548387096775,6.302578652971207
11,-0.422546437070432,-8.62160310630493,-9.77245020755703,-17.694117549469,-16.9163494471368,11.224269424372,14.2654678054561,19.1422695130767,15.9271004534749,9.04803297036916,40.991051612851,89.3402879828754,58.8753375192245,8.32826556120926,6.0921894731994,10.8653074602457,29.0797437423251,29.9088393272016,28.6307249693195,13.8326754409901,-2.03755810484717,-9.6619685686023,2.23080326019844,-12.4460310486933,-8.68781115707089,-7.06867623714381,2.2312337476489,22.6877674018119,18.2195894751413,8.65996204431173,4.81492638938477,3.61922988370729,11.4767985415775,8.8192584061646,8.24116475902229,-0.918917918927605,1.21351059728903,13.5449626968389,5.21130941001758,20.0132716865432,6.49308507520724,1.75373282933608,14.5056761707969,7.38953387499691,4.81393729315002,-5.42167482065268,-9.49426188402472,3.54157015062314,7.81707710204293,-7.46420166190525,-28.4215044148676,3.29940194027531,13.5377320261653,12.6101114597049,-13.824470083084,10.3843638557709,-0.25565268456186696,0.34782444133819646,-0.16212500888125056,-0.059305932554531725,0.16948007221394426,0.07449454923883472,-0.07710004990355578,-0.3591711543162928,-0.25311325643632204,0.1357276015429052,-0.9418519737521708,1.2756876686073928,-0.2966044895252099,0.3081479577288476,0.0001175603232255808,-0.07150334545679506,0.12347431832893047,0.002607705518195414,-0.264948819217666,-0.1384434033156474,-0.10393463774857728,0.2369839152764164,0.014498952012120122,0.19953304026506663,0.23720162812765894,0.20349613275634626,0.27820482978823474,-0.07030194577750475,-0.10198552050915549,0.044923140148159214,0.3473181663033444,-0.1316247390492436,-0.2841160362911023,-0.0260393498395321,-0.1715115660427358,0.05486847878576488,0.11953855113580128,-0.06282546855886045,-0.014636576335288252,-0.11623191701712744,0.04510300304437298,0.004174496249271989,-0.13895112083514546,-0.12871650518176433,-0.07162995414991617,-0.44972778887160825,-0.019589921334969895,-0.228910872017739,-0.12921762809919285,0.15860433031354648,0.19429764532643268,-0.262051331050385,-0.16371962530148365,-0.11473594483451129,0.15993448443080713,-0.031889448032617465,4.107078853046595,9.451470149287642
12,1.86902975275849,6.54761093604354,-18.7043390690132,-25.7165130160621,-5.00062356124281,5.8496820137905,17.4555943968505,6.32127632915113,-3.41894990453565,-0.228441954034625,21.6549198661575,58.8753375192245,134.311941457587,45.4595567510324,33.3745068291738,37.4076146314085,41.2451819038084,31.1071787501537,23.1252966106099,11.5200502181087,-3.0170927473488,-6.2362881585162,4.5121398513112,-7.85811025865407,-7.52338201268672,-5.80352991614283,10.4154338212178,6.69495799587466,11.9228331293181,4.60547343842129,7.31377525339728,11.3772823989015,3.96591333435297,-9.46277600955436,6.13757703508221,3.41915467405535,-11.4444873956402,29.5531544147238,4.3744221867056,37.4804871643176,15.705591174784,-10.9403524940842,-12.7988995363804,-9.02048532223378,8.46390496187187,2.74521629201843,-18.9930305060231,-4.11824304261559,22.0650206615972,33.609417808914,-59.2902762475606,18.0997428031967,0.472660953531527,-7.29206267904488,-4.13964993225264,13.0781759375925,0.022609692059019124,-0.24003905407676995,0.25914016650809996,-0.07618739005297501,0.21979082367336022,0.028143696653211828,-0.08517531182382243,0.15796186711489668,0.005630656197442615,-0.10288413383123263,0.07959373321090894,-0.29597158858579153,0.7805342732026714,-0.25440807231866663,-0.3833787273025534,0.1142587455844731,-0.055675286125596656,0.09178939402804133,-0.044785883929489616,0.0015545565088850599,0.14146719174160113,0.22477300030445982,-0.08305380346653847,0.020224521658660153,-0.01757158208650545,0.0035011482750056423,-0.47068323896173764,-0.018931688614748476,-0.10302380021755761,-0.2845386260631827,-0.34445803854387674,-0.1013575124687928,-0.14401558686635768,0.32348907998791526,-0.002697495172212765,-0.24625648734664238,0.22692781781384505,-0.3836479882726166,0.08730263681784386,-0.19057621146633508,-0.030141873584655567,0.0478812785141937,-0.1708183064413377,0.05615004783606915,0.04013749943950153,-0.04102395161835005,-0.12988842055377867,0.05545322069026747,-0.1570497433912505,-0.17526133104129799,-0.012523215070790152,-0.3055198526943011,0.12205412828683673,0.2578903606558655,-0.014686415981397229,-0.10362760265702958,0.35752688172042996,11.588871448833428
13,16.1744759171474,11.1455117414829,-11.9155967774644,-11.4981324600012,21.8850497261404,13.7857130414334,4.74007598766185,17.5838683082977,21.2078312988376,20.7859394570998,8.70105681351737,8.32826556120926,45.4595567510324,86.9376943123809,48.8192481085909,57.4319445463114,66.3287524344626,55.6419810497662,35.0748806601422,20.5472608161125,3.41151180475288,0.822002883117626,-1.77239718709959,4.38282608798003,-4.37862224417199,0.092644315087378,4.42151751936192,1.54649086500124,5.46329073577085,-1.68626441952253,3.34150330520576,-5.44029206961654,-11.1989850565984,5.77845814710676,-0.277497122610195,-2.74970679380179,-6.92765546528568,16.6075893007113,3.70797797928788,13.6435002353317,3.96683189702189,-7.80481880517973,-13.5377715766801,-12.006948804275,7.01248180184664,-2.87228196117763,-22.4625406210892,-12.6517860888435,-1.27746655505396,0.152974220879709,-33.1563420124681,8.62725496933089,20.5925580247452,29.3444193837309,2.21488524489219,16.1000765522186,-0.2972236423141863,-0.012631271841621935,0.12044676500564554,-0.15100759323530755,-0.04507365995537027,-0.08413114235701855,0.07902275951488595,-0.15634281009051645,-0.28736382164152646,-0.11717862397015938,0.22156083993803852,0.3096226471821128,-0.2542194652300759,1.4244084927381804,-0.30659188984127694,0.06386784993660974,-0.2872242570194967,-0.41629352200575864,0.02469399631071933,-0.017175546326217112,0.023025600033125208,0.06637103941814203,-0.2783940497758727,-0.17510781080238205,0.02969373577001048,-0.048652839495324764,0.09508910355371225,0.052598311343963984,-0.09663416708996427,0.03739808418217792,-0.19299717181271,0.21632816341735123,0.46283978657458047,-0.08765279106576532,-0.2209731821292425,0.2920681447548048,0.01581215928678915,-0.14981410433268666,-0.016043460475588595,-0.1439007412167827,0.10369425673612084,0.22397112101984434,0.6603100036534262,-0.015935459451687548,-0.3888263162986361,-0.436323796082046,0.12641914721216962,-0.1420878256914115,-0.014772622010386026,0.14567441319812166,0.13796787663463403,-0.011059551217503155,-0.2722552101181838,-0.31143934149309643,0.34062192139511377,0.29916422597659587,-2.0032991202346038,9.323502255718122
14,19.5451667378229,-10.0796461608405,-13.3561459278156,-19.1619781551497,-4.7282122634038,-6.10982149942135,-11.5445090717025,-0.194905495063289,3.23773782461182,15.4267897138368,3.51363140320865,6.0921894731994,33.3745068291738,48.8192481085909,68.5286829191228,66.3785010207309,57.5892029316345,45.6934313895712,27.8731273025876,16.3682448819191,5.44503485706534,-2.96421842040857,-4.26672066795465,-1.19766073872316,-8.00157980924709,-8.56969978634427,1.09510020991907,-0.131746719860523,-5.74817963160026,-9.42016501595992,-11.2795701034172,-16.9462551396515,-5.92888765645233,-10.8142951157488,-6.55557387011625,-2.51681868657059,4.21200078206594,8.25983225786293,1.75306678709131,4.77553775536172,1.83314162301227,0.147435077833051,5.51923760566378,-14.8934711717524,-2.43635673984125,-5.16378968892451,-25.9609846477768,-19.3820894422653,-10.6850899284219,7.99377323650727,-16.3238824486493,2.34633374620705,0.220099880049435,23.5397691044951,4.28037835011003,1.44902476537263,-0.06290127571392418,0.4292230714696084,-0.051094467016305004,-0.11412490905858469,-0.09288841152059114,0.13991423918592225,0.25490396813988786,-0.24293303342575148,0.2555623395372568,-0.48752798673377656,0.16019747508191226,0.00017135411095648,-0.389168180776508,-0.3018980136622861,1.6819275333273547,-0.8674823398671678,-0.07298330442098676,0.039971303625651995,0.3192081690820213,-0.02949400391327159,-0.4884093933243698,-0.08711928690286345,0.02799528683412357,0.06569645028585816,-0.013418129144472206,-0.1479594528637014,0.10171896462110624,-0.23987643812920648,0.06649849736370773,0.36507986048735325,0.047012155738341777,0.013415467019235468,-0.21830580028934723,0.24069947049710147,0.0787947819979748,-0.15890255796404695,-0.04801584685934589,0.2424686117476642,-0.1342903673970874,0.048789533638575126,0.021803485357424716,-0.035144018799925264,-0.2770064306163411,0.1558989424213938,0.009640959153774121,0.00019851097703449345,-0.026547022365195315,0.18604018508252104,0.049055494767408635,-0.12566220976603984,-0.08129953354167509,-0.010849824006470055,-0.20700370902230103,-0.25202925395412246,-0.13871029791433417,0.5693038184301658,-4.2404692082111435,8.27760127809517
15,8.05069006843672,-2.27227227177839,-11.7999884713293,-26.0653839596061,-3.64450081152317,6.43719192671336,-10.2101665810683,-2.13190234100278,7.69464137533979,6.44794064142721,3.56552592565383,10.8653074602457,37.4076146314085,57.4319445463114,66.3785010207309,96.0944822559789,94.9913983063569,79.8481802564385,52.2804976992174,29.2871787908029,6.48683288851343,-0.879848060954591,-3.36871250490349,-0.0810772457341361,-11.0016646815115,-10.5848047342087,-2.45664024266318,-3.22340771415952,-8.63244794695106,-12.835181577532,-19.1012273170372,-17.3020406208229,-1.73254919705521,3.30846041662511,-9.00924946925622,0.357610242297466,4.32291720312667,17.7786276079917,3.02491238789447,22.7539221625807,6.04733376811045,-4.32724040520609,2.15592876974604,-21.1375369221472,0.0324057012055483,-1.79653006094886,-22.6994033448751,-17.3375597824849,-8.40961300388726,17.214759220329,-23.2562098672408,6.06212278700123,-9.64725913868081,23.6949484271235,14.9924786231955,18.0268868378703,-0.16149063132921623,-0.03871138565804721,0.043506970642386886,0.17460061457834258,-0.011090568625238979,0.019204691978147993,-0.10725565808775121,-0.006162220150039574,0.02669102276979009,0.022905610275486366,-0.030933932445137983,-0.06781680894208494,0.11698786500007623,0.05316269040318422,-0.8769990965846769,1.8419925697005544,-0.8133956087617343,-0.2097575473326523,-0.000531317227388292,-0.07578161091300552,-0.08553572931039198,-0.3141930625976111,0.3108844277427983,0.055273051849543606,-0.008074457059455758,0.08330065479918441,0.2798738931365533,0.08246877707691044,-0.0773274431373433,-0.20076413777436175,0.7977175384802366,-0.23602619674127137,0.3476182318578294,-0.09016179276688814,0.10329300768987937,-0.32368036574448467,-0.0817474457264012,0.02721988613064136,0.572039940361762,-0.028592923912350854,-0.16761013447464015,0.1706417393514055,0.3172702077702774,0.21178898980760236,0.07884312695457735,0.18475590962046126,-0.14175339271673543,0.094633437033198,-0.003429147430822024,-0.016513726639941193,0.06735308674564372,-0.07579842580776697,0.20493144201631328,0.19673041148748008,-0.0017596811475719403,-0.1390400728845069,0.7418307498952665,9.802269240128988
16,-8.55100601238251,14.410572512428,-3.39494634429088,-21.2654070701212,1.96405927562155,18.4544293021061,-1.10375083399071,6.78334167673659,18.3040107446596,7.43028217823448,20.4559038120092,29.0797437423251,41.2451819038084,66.3287524344626,57.5892029316345,94.9913983063569,129.703223087298,113.613768325725,80.5041455785096,45.8537603729159,10.8210706275072,-3.51789133347195,-4.30725011678268,-0.230726766114866,-11.8752767910889,-5.45940336232563,2.06830068108518,5.24482153892866,-1.93538438861578,-10.9280321837835,-8.34894499594387,-7.44912203444559,7.66680307908656,11.2008521485029,-1.6083605917605,0.323895204811256,6.20534132512039,19.4562948451069,20.3527983026918,36.7940094787765,8.68626652370503,-4.52472608211727,9.77792723445895,-21.797342566358,5.50634903396209,-8.02515340839823,-35.1753120046326,-21.7562522284672,-16.3504499867104,-1.21234772759082,-25.1472310682698,5.86230493160118,7.7396202261858,38.292955600549,24.9336319041911,32.2945345581434,0.21768891825579723,-0.44869125183674796,-0.03405332813223021,0.08827401874614618,-0.1680415908379772,-0.12221181601107697,-0.17726522748376095,0.17975064067921132,-0.06594152830021797,0.36957318053705174,-0.27540846078366277,0.1253428847131072,-0.055661927405953854,-0.28476745480383986,-0.07860309905695063,-0.815800909078458,2.082957531895817,-0.6911713415471931,-0.3079165385636918,-0.16690428273927566,-0.016421641678890216,-0.03993558057871744,-0.4325383753270758,0.08789951344941421,0.33939367539955756,0.19972576262385985,-0.01702121940641455,-0.05330202358448175,-0.05112771655672443,-0.267625932620983,-0.12028906392462393,0.25855256486346806,-0.27816771081723324,-0.09759696192453356,-0.03550808240670837,0.025056678234526578,-0.3663312387353105,0.060136654652771335,-0.1383948790700595,-0.28880027583749723,0.4142135691651392,-0.4372816861754334,-0.1681974326743028,0.3309338002997859,-0.03311912998129202,0.21813378213733378,0.0019540280842343894,0.008394356449649027,0.47145245211166137,-0.052893467882924886,0.06474356940083112,0.032661259894728005,-0.07835452995723581,-0.07635117909946906,-0.011739450150535152,-0.058857592483089596,4.540748498813016,11.388293247335074
17,-6.76883306936628,5.12157923599646,-2.8369911940516,-17.1541722398154,1.28065212458639,20.6832978178458,-5.23023509720625,8.563047643709,23.3109162205188,16.2074901355701,21.8613922608907,29.9088393272016,31.1071787501537,55.6419810497662,45.6934313895712,79.8481802564385,113.613768325725,117.546372076844,88.4001640461989,49.7902725058829,10.6298875667325,-3.17776156406568,-3.61106636436969,1.43374569987829,-6.0467286159187,-3.26807766116033,3.7992866250439,-1.87697190704201,-6.66030584043962,-13.9345478717015,-3.63676542995013,-9.63339517922787,4.88298270656264,10.1179295721155,-10.5500451184068,1.42452320836201,10.7574099588923,15.7301631073371,22.3049774795947,33.1798724484354,13.5129939753506,-10.6118558691401,17.7690445726278,-11.1469993136675,4.51793456957499,-6.19187894775437,-29.4900666720123,-18.7033488157098,-13.7302307324485,-3.1169000908355,-22.1597143366766,-1.46281607756435,4.23943671227227,29.6870506496547,25.8030513650492,36.0569441982693,0.05321672063830307,0.12431059741390933,0.21830915480390672,-0.08965335140215795,0.1047671070673932,-0.20840877020132687,0.03278684745745039,-0.13290910945940856,-0.14331499838460665,0.1703378860171774,0.041896769600935524,-0.0009031842797181318,0.10246085674019849,-0.41307652580145576,0.04114544987893801,-0.2183312975025825,-0.6855236913725432,2.3861915215847573,-1.065484135389447,-0.19730614707419128,0.40326593279139794,0.003793689468853721,0.48058993409750594,0.20961700067875913,-0.34696468617899984,-0.19661400409081634,-0.017852169968504007,-0.023603344794732598,0.05310476854460806,0.2498552526334631,0.02737835974583417,0.09591045966120776,-0.3264312910762857,0.0637235217571095,0.06485492619335821,0.22476509678203038,-0.09883245834159148,-0.011993389860327563,-0.21928479268072842,-0.18060180880346188,-0.47529620325267635,0.43622344980360495,-0.3865849808417651,-0.04404546901071638,-0.2836048207627516,-0.20620240964728007,-0.0155655401068876,0.06952965101532689,0.2252893895350347,0.05398497067022721,-0.006530148725488286,0.33393578388281797,0.22898772539249193,-0.06601432437697216,-0.026123707106810057,-0.37287149819237764,3.9998044965786894,10.841419283324669
