,Cov_3,Cov_4,Cov_5,Cov_6,Cov_7,Cov_8,Cov_9,Cov_10,Cov_11,Cov_12,Cov_13,Cov_14,Cov_15,Cov_35,Cov_36,Cov_40,Cov_41,Cov_42,Cov_43,Cov_44,Cov_45,Cov_47,Cov_48,Cov_49,Cov_50,Cov_51,Cov_52,Cov_53,Cov_55,Cov_56,Cov_57,Cov_58,Cov_59,Cov_60,Cov_61,Cov_62,Cov_63,Cov_65,Cov_66,Cov_67,Cov_68,Cov_69,Cov_70,Cov_71,C_3,C_4,C_5,C_6,C_7,C_8,C_9,C_10,C_11,C_12,C_13,C_14,C_15,C_35,C_36,C_40,C_41,C_42,C_43,C_44,C_45,C_47,C_48,C_49,C_50,C_51,C_52,C_53,C_55,C_56,C_57,C_58,C_59,C_60,C_61,C_62,C_63,C_65,C_66,C_67,C_68,C_69,C_70,C_71,Mean,Std
3,855.617200654835,685.25641647136,495.248150115137,302.933484927772,114.178894428107,85.6042304472095,80.5439338094397,105.105803259276,116.217484346943,146.037617675405,177.136819729452,206.062099786356,119.914558796348,29.1655160130995,38.6789134269405,58.140199905673,64.4823458615616,98.0937239437487,156.287327732243,205.96169247722,175.244141587562,141.071177431545,68.552190525485,9.58089373343303,-22.5200764842488,49.4678632194809,105.447469196426,157.594793763842,132.947676328783,107.220477235224,75.0623054364779,29.0121655048076,38.6308991483602,50.3040299184607,62.7441860475768,68.1468724772138,53.6682224235628,55.9565257311683,44.9987947359371,16.1993914260707,14.0809172545826,-8.31991176368018,-18.8935839235939,-27.7857683547234,0.3992306078567835,-0.44713087874740337,-0.03590506163105387,0.08625013390490188,0.02434686461486083,0.2218526652620716,-0.16805253885269272,-0.08649613601559114,-0.042698619903945356,0.03013231969092189,0.05396612283664026,-0.002653622982323064,-0.05612786359716167,-0.08573142772115368,-0.1152729980054694,0.1006681645262496,0.0649737739402331,-0.16042093894521403,0.0368917490573098,0.10982942834305948,-0.04069631762596545,-0.05591546771082169,0.07512728519693257,0.018389981711122435,-0.05243497319127077,-0.01905515315141247,0.26697735460632877,-0.20124415798326967,-0.09919536100334132,-0.02718118618285342,-0.02929279848022955,0.09639299314260127,0.0021816445397129206,-0.0076301939767848765,0.0013925452868402686,-0.052457219478918675,0.02761020975917925,-0.09163448783749188,0.03169352701536848,0.05137884995246744,-0.09768800546417815,-0.05217528126638524,0.08682512344130058,-0.0015024937614417624,2.776660341555977,29.250764103777442
4,685.25641647136,572.120051957255,420.80117761251,267.248419962281,116.538735240913,79.0774091752963,67.8680608562177,85.4802157209351,93.7798296206967,119.588507030962,146.346410185211,170.728125128259,102.619499988045,26.3869244559703,27.8932920309089,47.7366352180544,56.1177061270845,82.9776737819719,134.002211308161,167.808358094874,136.370261497785,109.984127870673,52.0664555494365,5.03800628930405,-23.4787123083211,51.5293655222543,95.6350481933467,131.986581484994,109.917099510777,86.7392707669039,59.1696233608046,24.7116534892419,30.8633302006276,36.8182540948668,41.2589364052303,41.1738851818936,24.0948299236042,24.0234516591035,32.0915128396888,7.64740355402968,7.78497213015478,-11.8663614066216,-17.6314304936061,-22.8545130702397,-0.45429815956262515,1.4201275054634361,-1.1883698348845473,0.02062770066396655,0.15678107833678875,-0.25091948476504783,0.23883912420976622,0.04842224596944048,0.08024564175473067,0.020693172352166323,-0.012442625227889317,-0.04551733800715303,0.04456216880179843,-0.04117423630097067,0.2639946366392591,-0.1643687451277352,-0.0381090331295972,0.15018368211693042,0.04911430200900288,-0.11871638654982512,-0.053683104729425384,-0.04468281244548367,-0.00863996802286062,0.07657748198920795,0.022721618796784682,0.05896916130113303,-0.16880612573337195,0.22388379145240378,-0.0013373408015346006,-0.30343642494256456,0.05118181156902548,0.19339433537500353,-0.13314203552805817,0.11418038178559803,0.010314236507940947,-0.16845254369372717,0.05245923855298613,0.27542224174611846,-0.11603746882678326,-0.07641969286485926,0.30439041697774905,0.0029904343573465353,-0.13085797507870078,-0.016805652814092298,0.17565848920213253,23.918822127296632
5,495.248150115137,420.80117761251,319.237573274988,215.236429927727,112.278236989031,73.4588452402967,60.6103591561892,75.4987149480009,79.047547039927,97.1667792403444,116.478984123996,133.826390065642,81.3628446259855,22.0873628626373,21.5798262605255,36.7355179975128,47.5629628166719,68.6557076849664,109.584068450148,132.286858406373,107.390875288278,84.5400099602562,38.7814398599423,5.11728635749179,-18.7000637437207,43.3060287102372,75.0138966540966,97.9567014106454,83.6696443547768,68.1366126741413,48.8468562705363,25.3998981753876,29.099080806002,32.6739942928289,34.6703765506485,32.9083474184316,19.1288665580005,21.0157409506573,20.6738222139698,4.74228544379279,7.38512359191067,-10.8986819041833,-20.8533041628571,-30.2207958344404,-0.03397893672684915,-1.1970671238287025,2.440045344184463,-1.2250241358459708,0.08505684987578449,-0.11675925661585412,-0.09638428672065986,0.0780214329198616,0.1392869904442393,-0.06312298729240425,-0.114663020223669,0.008440545582974263,0.05074838231582374,0.17464001481953814,-0.180249978896857,0.009695257104560663,-0.13636990809888203,0.11926842574229504,0.0661248343175847,-0.06329810978526415,-0.005293564878931955,0.0402773670249412,-0.03677543798665029,0.005879292826260403,0.047650895991620396,0.007648268041534216,-0.12089601781796887,-0.006847688646449736,0.04723963308698434,0.2714270104081681,0.049879204774280685,-0.2147602625006083,0.0867010012866546,-0.1619883769748993,0.04526858078583031,0.25508476436471217,-0.1349813535362018,-0.10026819322592993,0.06586324298077448,-0.04642913782598444,-0.1650323608711377,0.04567893389970832,0.18032905943805627,-0.10251188944152051,0.2155168519020513,17.86694079228417
6,302.933484927772,267.248419962281,215.236429927727,162.971141055028,109.803088951779,68.5454290673652,54.5754370268562,67.2011688139216,66.3921665648423,77.2699082912934,88.6419107977064,98.6088620264955,60.9212317456197,17.5830717434245,15.2370552521008,25.659808019423,39.1146048878516,56.3114233977731,89.21553689491,101.855579736661,83.9329959440298,65.0176701837997,32.1054396097263,12.8059535072118,-5.47686826444223,45.7242923100099,61.9835736462211,71.2770003759168,64.4243709775796,56.1947152473127,44.753049256382,30.8079518415464,32.3560855530963,32.7298046663996,31.3162339511486,27.5106593900808,16.673003148559,21.3219493087467,13.1512410986295,6.18793857871086,11.6874884150857,-0.0065701172148648,-9.02723567046471,-17.9706754824973,0.09564165940241427,0.054223397751034075,-1.2810574191506698,2.137770464886651,-0.7836612068414263,0.07264302408391984,0.2571818749858526,-0.025702329375656734,-0.2774997958507213,-0.1639491526866698,-0.045361356867562735,-0.027826462710999113,-0.021613647270309188,0.017058672636680063,0.03294036091289416,-0.009277287467989868,0.13315333034846735,-0.05453066767489265,-0.3900455528835081,0.07584579881375832,0.2518917088366127,0.17557255390760712,-0.24993938236991947,-0.15521263873503482,0.01866480521030094,0.021854802338382887,-0.07003224271564061,-0.0043464057606062995,0.010894855397798567,0.04030481875585906,0.14608745972312842,-0.14972919560855527,0.1046698219328747,-0.13740652263044148,0.008721591345394658,0.16999292611138525,-0.04984023299361398,-0.09441031954709657,-0.03862265088827745,0.12125201041274994,-0.24720142810602896,-0.03180515502424409,0.043510514804502236,0.09343676456415494,0.1940848920213249,12.765623410355952
7,114.178894428107,116.538735240913,112.278236989031,109.803088951779,109.143062619946,64.6486635499371,48.6985869092276,58.6091181580195,52.465642345964,56.4898167213576,60.2987757546769,63.3171512743201,40.7047283810215,13.5505245530989,8.32315554524157,13.2216424997174,29.051006410081,40.7078963810817,62.5540897605869,64.622411437003,54.326398095313,40.0119087520453,20.0765334398869,15.2177528376492,9.76770782932004,53.1022304302607,52.7081643114047,47.1593829487431,46.5049121311596,44.3501444201128,39.5191392223354,34.4802206266968,33.2523678149698,29.7024457518794,24.4621207961286,18.3023717544058,10.1565969865945,17.1803634999171,3.09018928801434,9.61491345735717,21.0202538591596,19.8858983355854,15.6791159983564,11.0585171852137,0.01898193802161049,0.15356911922042862,0.10199209741945219,-0.7826371231964533,0.6066900953361256,-0.04343909107734205,-0.06067409979833924,-0.05039511254654386,0.05587379435314944,0.058028128368933896,0.007821908632764512,0.04153893022009376,-0.05417349074207884,-0.11581056338089708,0.06430479705572424,0.09332565203784715,-0.07408893500435391,-0.01964521392008913,0.06585686155050045,0.08086320629184852,-0.14806271366760504,-0.0972032027689434,0.17794735572884013,0.04741731833281367,-0.030468808318573896,0.013088627832092371,-0.012615047512735183,-0.018553192446198408,0.008129205988730539,0.011414881376292284,-0.09527612237114723,0.1663072241066696,-0.16030990527119648,0.0685493967481858,0.0007431490060846909,-0.024267450960889735,0.01828080770899841,0.007767736873495437,0.03916722125313303,-0.1226480864074579,0.18670894715035083,-0.010269932282040053,-0.09705201782998948,0.0183518596087152,0.13233035149543715,10.44667710901154
8,85.6042304472095,79.0774091752963,73.4588452402967,68.5454290673652,64.6486635499371,89.0528056649004,75.2487099363927,75.2613811227666,63.3659115180235,58.908406088682,54.5087084868,50.6518090084604,26.9005585226393,7.3486503611452,8.58006601302766,17.5695427037502,22.5803186026138,35.9314950384396,49.4734619262128,51.9116579338985,50.6964403320571,45.336592974334,34.3751661034966,33.0507010028385,32.4779679018332,43.4351625979534,38.6686012673035,35.041718005745,39.9415478413242,44.0984344140839,41.706841056156,34.3340772649525,33.8125403243451,34.5145033504402,33.9679686846342,32.0995629220087,27.4902167053242,22.5760104066999,-0.366035219077912,9.32480750097803,22.9485703998908,31.7888548410271,31.6364621715448,32.1260144282634,0.23505825682907175,-0.25439391227372543,-0.1462240691310179,0.07209003379750789,-0.043284670979442934,0.9330533108556006,-0.7847756072512572,-0.17617919478148636,0.02642737048021828,0.20913934445222376,0.1089180463968916,-0.006638144841628871,-0.14385549821359706,-0.2115739084249252,0.022891018130482842,-0.011657164271075533,0.25296438335635063,-0.34276320712948316,0.029720477878969406,0.12492158599181105,0.06352416412116088,-0.2515195572683848,0.3444161589512104,-0.1520113357562671,-0.160830357221772,0.04402942907125812,-0.0046484494367075605,0.012739152066618251,-0.033148225373880374,-0.03257170411400953,-0.03399727799698197,-0.026799222512422297,0.019565720245040663,-0.0003817721015759711,0.007969336528279197,-0.026712639797362624,-0.08030136320346458,0.02674809370836277,0.010930964647691865,0.18391131628533464,-0.4544679038449758,0.12678854288398414,0.12881024907759944,-0.04367468538830429,4.323806048473981,9.436249555035117
9,80.5439338094397,67.8680608562177,60.6103591561892,54.5754370268562,48.6985869092276,75.2487099363927,75.6717437683031,77.5181610276485,66.2726974674757,60.6586466810006,54.8162589062236,49.1475150852693,24.3492841228539,3.41494012553571,6.21223753169985,17.0860978183018,20.9848648729055,28.9633986052236,39.8535175251653,43.9639689698311,49.3498526226642,47.9802888823686,41.154565039458,32.829022387645,25.8716624716318,27.8551690732714,24.0007254804135,21.8750470178776,27.2173861166459,32.6972709959103,31.3101824288686,22.880912410247,22.3504861216341,25.1327900692233,28.4019112621671,28.6355274420637,25.6581342653631,21.7251109105794,-6.1381021175644,-1.37974673469736,4.86267005231758,15.6036817770888,16.9243006427673,18.2982559573206,-0.175351120985415,0.25213919314631034,-0.09874824213326266,0.2507066248437733,-0.06227401246298744,-0.7867968490991901,1.3782706536012457,-0.3304958891197669,-0.03703773442442308,-0.1737401343868843,-0.17553805935456973,-0.027575846962601014,0.10586709049328918,0.24483377653841076,0.03727653099716011,-0.013693558805276401,-0.14698658306780624,0.3141074578058714,-0.29460072412881166,0.010458163525240642,0.04737965148943653,0.23755597458895766,-0.4466209758523743,0.17466421805213186,0.11092608774747902,-0.084770355290407,0.11362187301112814,-0.04005803992720494,0.0017136490482323595,-0.03431781846604101,-0.012159580106737228,0.10486384912232788,0.17024494362162587,-0.20611243713563032,-0.03064530986715665,0.0020326311956977675,0.08742337872020907,0.08766809636376487,-0.05876799946165547,-0.03132113202698922,0.32663102488670465,-0.3441169078119124,0.08244789035325616,0.01964703673967245,5.146554146886215,8.698375927051158
10,105.105803259276,85.4802157209351,75.4987149480009,67.2011688139216,58.6091181580195,75.2613811227666,77.5181610276485,90.5299000972553,79.4989617433118,72.4257715094637,64.7858510226809,56.8521722103954,30.4833383936099,7.47992135192033,12.5413080592892,25.095931862392,24.8453564690706,26.5537581258197,34.7786393459006,40.2766980902801,49.5358872232392,49.3981584845524,41.4412182123253,34.10066098454,28.6511001134886,33.4324310905417,29.4441317326732,27.9513448391385,32.6686873070176,37.3590343133829,35.9972961042341,24.908414159215,22.9226379802128,24.410530321519,29.5946560617549,31.7697919447835,30.1945418164789,29.4715766009851,-1.25146366083533,0.0250940272724737,0.439554112795327,7.95443829699851,12.0092339045023,15.5499511167279,-0.0883485432951673,0.04427841236264468,0.12401267542000864,-0.014491166176834915,-0.04859962698577447,-0.16810973723873013,-0.3366486174005751,1.7730970296506368,-1.2194127359434115,-0.43501719788379734,0.20499822667751588,-0.06955051059229186,0.19243029028320677,0.00012058189149973229,0.20598286115223272,0.04883127068603318,-0.1516589137963448,-0.1200253863631368,0.16013910178996288,0.08975683104037326,-0.11839637508462524,-0.03314291573075804,0.12442004860166861,0.039046436832265,-0.11716841646103547,0.03991671036235045,-0.13304969164297842,0.11206672781734409,0.04175492985264512,-0.01186155533735943,0.2739110669172842,-0.37849902339132313,-0.09798919568518791,0.08174608014902092,0.3685135138063661,-0.1669310715181099,-0.019395643675340354,-0.0857129488658682,0.12933967267079874,-0.18632859864794724,0.1616571596302128,0.0780257012592417,-0.1610599041650803,0.10490459884609743,5.891882890459741,9.514194663620001
11,116.217484346943,93.7798296206967,79.047547039927,66.3921665648423,52.465642345964,63.3659115180235,66.2726974674757,79.4989617433118,73.4851620663038,68.7084139212224,62.6987020033993,55.6083484432112,32.5706674793554,9.71827800801037,14.7355431305976,26.1041258556898,25.1744444220812,27.8240592711625,38.5376341194176,48.3157702359342,55.6850750615525,54.431362415146,44.6576390132827,36.9492274300215,28.5970614930513,29.7825498440386,25.2533108350994,25.3103683685494,28.2353447968173,31.0500591753934,28.760044898667,17.5207398880837,18.0032858258215,22.0356977167442,29.9974455753552,33.2202338949715,31.601901746205,31.2546621714595,4.64428660497393,3.5864664806687,3.37464827989284,12.3181745328974,20.1167809375794,25.9707083471356,-0.05558795452956124,0.0661163707246508,0.13386670182746024,-0.2783735222393055,0.054801763193522264,0.022040524846117977,-0.0666580170796006,-1.2534763603232388,2.6088578363876223,-1.4245338357548372,-0.14976713079779258,0.5633505148865544,-0.06479422376616616,-0.03148179404162128,-0.2016193846448198,-0.1319136295792297,0.020225376772970947,0.1252835327893759,0.159621458429814,-0.2098457057449735,-0.009734549637229797,-0.03136140220123666,-0.0014718403687417818,-0.07520670066205712,0.1452504187860849,0.11457949230232112,-0.01187361504520085,-0.0010113344073045187,-0.0949287200576383,-0.21089051460573732,0.01655897350523562,0.20819656708620418,-0.016700639846308863,0.014171180385862986,-0.08270790438169488,-0.012290591134659497,0.00044013328764587695,0.07718638128522318,-0.12559649421914312,0.1676249814598576,-0.13371691335097005,0.09427671777752815,-0.02827929005378509,-0.045840617974514976,5.091819928964141,8.571765399630568
12,146.037617675405,119.588507030962,97.1667792403444,77.2699082912934,56.4898167213576,58.908406088682,60.6586466810006,72.4257715094637,68.7084139212224,72.3839988380148,74.1250042067237,74.0759697357622,43.6266046034749,10.6036961988638,13.9313820869804,22.8868397791546,24.954394097606,30.6228567891494,46.3226824204346,57.4929254734265,61.2463378236967,57.4312284382681,42.8901158515133,32.0393074785449,24.1505265011384,47.1287897098429,41.2631605440064,41.8329264617897,42.2823871257594,42.5084911871815,38.350602037831,25.5166900693445,26.6988984552953,30.6358554248199,39.3311813723489,41.2360508039308,37.3385439254854,35.8564619076803,6.91077281112741,7.39913158726115,9.64668431634404,18.4527184281293,28.8366926180117,35.9890540408815,0.03737210373069973,0.009475908747349417,-0.0949553076692283,-0.19190289657635778,0.059245920070112444,0.2202032579737228,-0.20332393192167333,-0.39401583401655554,-1.467108199660513,3.917949918935761,-1.563235660363466,-0.24409389990226116,-0.026465441147492323,0.04365818978090319,-0.17684354583479986,-0.0018820325622654055,0.006542057900530462,0.039363558047854984,0.07274645174163871,-0.13459378957522236,0.040968639157686,0.09524920089181212,-0.024943092784128082,-0.08940321023580014,0.008220192680345831,-0.14422073101123847,0.07560655703119341,0.08264023659560236,0.013941896817518895,-0.022031502939088003,-0.17794053366600174,0.1799204068047152,0.03618791463278422,0.04162276883403354,-0.1843084581120051,0.039693130760345634,0.03442545969059809,-0.017544689218302444,-0.05252625341224346,0.004405640296683354,0.09511656776828685,0.026889926694977504,0.004478655809844134,-0.09050980800256582,4.5799290104792965,8.50729092238033
13,177.136819729452,146.346410185211,116.478984123996,88.6419107977064,60.2987757546769,54.5087084868,54.8162589062236,64.7858510226809,62.6987020033993,74.1250042067237,84.5453439017384,92.3195508132857,54.8234301547749,11.6730010064253,13.3696898045136,19.6913562835159,25.3959902500403,33.6471222431283,53.058660725059,63.8788856528895,62.0164578025704,53.4973639614883,32.8779240585592,17.4293782848074,8.11277150063715,52.8440853229218,51.2449802053645,53.516152846092,52.4042072125624,50.9710204314105,46.0205781732672,33.0478868059798,34.0145529111499,36.8696010000792,45.0916363297432,44.5774987276684,37.2670013111375,34.3853499874513,2.25612251848387,4.81911152798932,10.444002613506,13.3852194722077,20.3551944703706,22.7110381624759,0.09291260157738147,-0.02145394870200319,-0.15060631895174292,-0.07117042310155053,0.011964480509868923,0.09856190852122369,-0.1316421549102961,0.16520168827222614,-0.16141595941982317,-1.5513593142303892,3.244276341491224,-1.4107841551642877,-0.08595311162666824,-0.028918264416589658,-0.019868160714366336,-0.11161668146231478,0.14512442528643157,0.018367952487964787,0.10455186255430969,-0.13566907619856586,-0.013940878769571705,0.010439231398103701,0.005502832353101026,0.08166639120518458,-0.023658973006629534,-0.08886501559896254,0.05248046041147647,0.006311403850868146,0.09935496195684891,0.1872333797251831,-0.3956104757831845,0.006686823101458947,0.06601894325051232,0.29420284577829725,-0.4979671210291324,0.026594681297524365,0.15346542866399243,-0.011359106064467906,0.13202365059389543,-0.13155912663734326,0.006364283629713897,0.03623147372186376,0.11576676370085459,-0.08902289179174458,3.850296156510578,9.194310409255197
14,206.062099786356,170.728125128259,133.826390065642,98.6088620264955,63.3171512743201,50.6518090084604,49.1475150852693,56.8521722103954,55.6083484432112,74.0759697357622,92.3195508132857,108.355451451046,63.8606210929244,10.2739794830311,10.5367423369042,14.2358713861038,24.1081740955654,36.3475838988787,60.1732283835862,70.9667565329136,63.5763656933124,50.4561314571188,23.8081642764358,3.69569108545651,-7.42347457341913,60.1984728777934,62.85847706828,66.993269693933,64.2347347176977,61.0701948979897,54.3851680216889,40.6441859738362,40.9987923539187,42.2717766979626,49.4216896850665,48.5557274041219,39.8608032048024,35.5653040408393,-0.311181660051363,4.99837570580318,14.9466518346491,13.1755535207564,16.5032440617009,13.8399448585249,-0.01547744003411635,-0.05515709812541939,0.07189329353653727,0.018296251008467768,0.031719411263103375,-0.006778633057141445,-0.03379446538609909,-0.11101137902906172,0.5856645492564762,-0.24562376559000268,-1.433624559374988,1.5478100211167323,-0.24749538105569863,-0.17520358166743283,0.21072506704849786,0.1829893207288843,0.04339219351625745,-0.055731445401566125,-0.19553651550413903,0.1498617966549341,0.02352043066234599,-0.12063250657086734,0.07725399649314951,0.09656172634094407,0.00010880908739697619,0.013648476939728845,0.032298141371247695,-0.11178954129889394,-0.011855620678403327,0.03233173878062771,-0.2641980892594084,-0.01775042325774307,0.2904072386855436,-0.07497070735991442,0.016966822177033606,-0.06831135215760642,-0.012291806094899686,-0.08848219421626499,0.10758626528361076,-0.030203214096851786,-0.02063640890377518,0.23180972204047784,-0.3511434375961024,0.16575358081014452,2.9378676036171294,10.40891211659731
15,119.914558796348,102.619499988045,81.3628446259855,60.9212317456197,40.7047283810215,26.9005585226393,24.3492841228539,30.4833383936099,32.5706674793554,43.6266046034749,54.8234301547749,63.8606210929244,63.9806005719226,14.2274881354884,17.1720035080899,20.7748290997424,25.2809021167773,18.7486703565366,25.3496172701084,25.3889796207026,18.24636710772,9.62351779846468,-2.23533150282483,-8.09814912725137,-5.56900504074162,28.6381744016367,26.5461082371967,25.2074263154303,23.4752752404435,21.3720905546255,17.0921906307571,10.1517618193511,8.69482458402176,8.61598769767119,13.2401569802265,12.3139138393578,4.92164907962349,5.38387126198653,-3.1238058960954,-20.5170271041786,-20.585540914664,-28.8258498150074,-30.1203480046432,-33.5364149053824,-0.06494623590627861,0.048014823599340443,0.052688148150326714,-0.0243486573756661,-0.0554492531156633,-0.14492027196688384,0.1092421471620577,0.20373558816573895,-0.07163212201734616,-0.014464621388508023,-0.07241686017513335,-0.2416209903347242,0.5113594304315159,0.14584809751969877,-0.12013035141198769,0.009597143667408752,-0.24802643335167057,0.12658652103441634,0.17714479862104263,-0.13315686261523652,-0.030602892547797418,0.005324143045487752,0.06558604256159714,-0.046350585053805175,0.007660060279701031,-0.022066271679180766,-0.03224604607194268,0.15396229430706165,-0.01891323124305985,-0.1313279602446808,0.18759686238957454,-0.1475948758068459,-0.07006628775663859,0.1520740176593823,0.11850159115271033,-0.2398333626642258,0.11168112049380678,0.03109391197651159,-0.21114203795624525,0.35385715926956945,-0.01730539464468462,-0.08017906686137759,-0.01209656424991149,0.010712036896665804,0.3038568694640801,7.998162324679503
35,29.1655160130995,26.3869244559703,22.0873628626373,17.5830717434245,13.5505245530989,7.3486503611452,3.41494012553571,7.47992135192033,9.71827800801037,10.6036961988638,11.6730010064253,10.2739794830311,14.2274881354884,21.6312579511339,20.3609508788073,15.1880968633697,11.6262659075207,8.14593030137487,7.06906898803649,2.05217730273014,-1.15194062466065,-2.81870783844799,-7.03253845939116,-6.642043447265,-1.83920010672589,15.450730507883,6.92975006783011,-0.0467790563852934,-3.27817085689244,-6.77484214242169,-9.81244696357486,-8.73041209409176,-8.60743335052572,-7.52175648598744,-4.38558822461045,-5.70113189621571,-12.7652494710446,-13.2609971346558,-4.74497754366122,-12.1643799282437,-17.2226015901541,-25.8926415161387,-27.9568552712261,-29.0971245652204,-0.09584201130941779,-0.03267192384578853,0.19746605957825694,0.013584161583670552,-0.11455089564157866,-0.22010356442761386,0.24830477625034164,0.008592017213271562,-0.01642756807426564,0.05560537057363424,-0.025709129012117495,-0.17911562032487263,0.15168750405197368,1.0759375137797178,-0.6732717646933253,-0.0404058417780979,-0.034660275774621295,0.2424112000542913,-0.03856084929520498,-0.06564390259542675,-0.03987263975675587,-0.06668271253986192,0.1782392460322823,-0.1663668368646029,0.1298927220928006,-0.20889700689399748,0.06649852587639021,0.11761357475649337,0.06645846062727674,0.04837108211099005,0.22663744204846195,-0.3277099189847463,0.17947398539109774,-0.044448913776916225,-0.16293987673008467,0.1429151361335216,0.04580373279911641,0.11386489798032601,-0.051463897514757835,-0.01924699546367272,0.12126827544580093,-0.14551546128093185,0.10423900711420815,-0.042326847723327655,-4.0720893485599365,4.649866444440522
36,38.6789134269405,27.8932920309089,21.5798262605255,15.2370552521008,8.32315554524157,8.58006601302766,6.21223753169985,12.5413080592892,14.7355431305976,13.9313820869804,13.3696898045136,10.5367423369042,17.1720035080899,20.3609508788073,27.3513449414293,27.9781955979693,20.6890171011153,15.617522788847,12.5721009313732,4.63942979354936,0.948314583828379,-4.57475289575225,-8.75624656947874,-8.00150527957116,3.37866706542246,9.48790471386833,5.25590104574294,2.93300118445991,1.19433684372671,-0.815025957077063,-1.42242371816861,-1.82998845410317,-1.61638411227291,-1.0048791768358,1.16071258854413,-0.0186686267469416,-4.75077261982743,-5.48546486036175,-4.22065790694696,-17.2545625398848,-24.79667292485,-33.7381707597814,-34.3651567394268,-34.0816582963062,-0.1097314469135124,0.26214851601655487,-0.2036487665561718,0.0303995115097367,0.06471677703047558,0.023283017580294912,0.03878254274814695,0.20150280840276089,-0.22086275485202636,-0.1795106186910043,-0.017968356731415655,0.2149370836207312,-0.1202722204677478,-0.6756498996308012,1.0998767759197683,-0.14703957741786247,0.030193722760025358,-0.16345313748629176,-0.03187278160608913,0.022377255894677258,-0.07246590531468937,0.10931776235222443,-0.01747117466215199,0.11620975371400877,-0.17717191177403643,0.057355550999231834,-0.08657663949675075,0.1185314035793599,-0.023994365569549505,-0.17996337747926539,-0.20747256970284678,0.24524526102458083,0.09074491286126755,-0.11069094418390936,0.14322375757246572,-0.08214420230100397,-0.07545806551405893,0.054063136720062216,0.1513968408720766,-0.1763971013325813,-0.09337187057213968,0.3048615870430979,-0.08546383138504766,0.0008259078831016433,-6.259057071960298,5.228895193196103
40,58.140199905673,47.7366352180544,36.7355179975128,25.659808019423,13.2216424997174,17.5695427037502,17.0860978183018,25.095931862392,26.1041258556898,22.8868397791546,19.6913562835159,14.2358713861038,20.7748290997424,15.1880968633697,27.9781955979693,51.5527351982637,41.1580533812585,34.2222389337594,34.3646605889727,25.5834704983038,22.4507425344083,13.3985365381927,5.22619286776668,0.208780237518199,10.3117098088667,16.3454650005145,15.6516226068725,15.5255348916701,11.5730589328785,7.35512384910491,6.20358336363828,6.66892674388321,10.0993407690931,13.3043541756108,16.6097446155892,16.8068804818083,11.9101137499421,8.3943406665268,-2.63015301309987,-20.2134498067134,-29.9582493365867,-34.893433425495,-30.8313638803664,-26.4453584371108,0.09728396576461196,-0.16126990577548406,0.04502147967561742,0.005773642402586246,0.0942149678371102,-0.00782009815994888,-0.02115232271070976,0.05655533702283395,-0.1259196618572826,-0.005271541672745664,-0.1104145534544821,0.18261406080758177,0.007290323913847153,-0.04424398779295999,-0.14611825916933213,0.5214711726494669,-0.22797452203404836,-0.0317674299824378,-0.08740107819766402,0.1981355502073447,-0.1107587853820649,-0.02979681498326464,0.11962739669412756,0.012513609762655682,-0.013557080924949361,0.02445436776448315,-0.04595881337761153,-0.09424377063911119,0.05645655286070353,0.2122858464203194,-0.20286834587487312,0.0509320520748798,-0.0882730428288346,0.09903576960509272,-0.002272916015195714,-0.06522473745126582,0.02344705607925702,-0.09553278405237534,-0.054449339986640824,0.0980478276641416,0.08070087533343542,0.01362918155885471,-0.19323861698761632,0.1027083502489619,-9.392059553349876,7.179326932120011
41,64.4823458615616,56.1177061270845,47.5629628166719,39.1146048878516,29.051006410081,22.5803186026138,20.9848648729055,24.8453564690706,25.1744444220812,24.954394097606,25.3959902500403,24.1081740955654,25.2809021167773,11.6262659075207,20.6890171011153,41.1580533812585,52.3128273525482,55.959735984947,66.0598312185077,63.7622024799881,56.1019268956314,40.6822903160656,23.3651482793158,9.11235285617723,1.76308973979681,12.6164950937076,16.5459172022803,16.5807175507591,12.9682255943087,8.94450923113685,7.16790039964774,10.2504092709755,13.9954731300076,17.2418993505931,21.6396486259092,20.9517157973627,11.791324782184,10.5392255257301,-10.6341769924284,-13.8764174668105,-12.8835745274871,-15.3000571230516,-18.1613201949657,-19.6812596628202,0.07534735536497053,-0.03965347733837834,-0.16108700620362318,0.12816058554086124,-0.07335619560658665,0.2537052084455057,-0.15039169056027554,-0.16328587000195458,0.015794799332238537,0.0020098923947774387,0.1381977430414322,0.038676387699648825,-0.24630016877610242,-0.03258405772597359,0.031228440887325303,-0.23033975645917867,0.6872306245993101,-0.3800876841235196,0.0057447419792814435,-0.006782323251190762,0.09242927228594464,-0.029071805996913905,-0.042564191815457446,-0.0007181358643770846,-0.02784140041378119,-0.042793081626351426,0.1089650518516986,-0.14406076482591487,-0.005610184918518664,0.09588448548547504,-0.008261247268656846,-0.1229942693074311,0.1271558192267146,-0.08824943320026347,-0.06546080257376716,0.08206911922117971,-0.04557522367207174,0.019684475686419997,0.1258423172477089,-0.1247670783489806,-0.06624523120055872,-0.02723681084233565,0.17077701903630255,-0.06494974755103908,-9.237427626137302,7.232069368621142
42,98.0937239437487,82.9776737819719,68.6557076849664,56.3114233977731,40.7078963810817,35.9314950384396,28.9633986052236,26.5537581258197,27.8240592711625,30.6228567891494,33.6471222431283,36.3475838988787,18.7486703565366,8.14593030137487,15.617522788847,34.2222389337594,55.959735984947,90.8653565485334,123.518574837394,133.127968918813,116.420352727213,87.521930359268,52.9173913265253,26.800956226512,3.15607559006874,16.7527596383512,22.2121625800632,24.572619471536,21.206477088661,16.9908182400383,11.2051844831471,12.1821966761553,20.7021413324114,25.6653231246822,34.7828916595771,41.9182938006402,34.1494635015453,34.0868507893588,-2.84999805777924,16.2133649553904,34.7034203117616,45.8043691681411,44.5725082750572,41.8096714900848,-0.17154677980683694,0.1583760680318589,0.1304953463924077,-0.058730529674930976,-0.02438151585103088,-0.35413782584300363,0.3318092489841704,-0.11292238665010847,0.14607797093469777,0.04229427448052349,0.02370114064397764,-0.04961774411104343,0.12657440097565553,0.24559659320732333,-0.15958353012783194,-0.03324942932516165,-0.37877218903969173,0.9788299988373138,-0.42620883370277274,-0.0759436207931574,-0.015824149098399323,-0.0052877417896259665,-0.029214405241329226,0.06825372828177406,0.0782282516805923,0.03456608468791746,-0.1997502652255878,0.2705493586970268,0.011894936674661787,-0.1698000024343048,-0.03986551630946953,-0.05092122017865298,0.34587687473170226,-0.026695305456865423,-0.29081808359638833,0.05318830675201758,0.1345481158232618,0.042162095990482845,-0.07604197763801243,0.004735238372636987,0.08188764860215794,0.033382005622121506,-0.030938400178141187,-0.052855993200806306,-5.102112135176651,9.531807622299842
43,156.287327732243,134.002211308161,109.584068450148,89.21553689491,62.5540897605869,49.4734619262128,39.8535175251653,34.7786393459006,38.5376341194176,46.3226824204346,53.058660725059,60.1732283835862,25.3496172701084,7.06906898803649,12.5721009313732,34.3646605889727,66.0598312185077,123.518574837394,188.244883192524,216.183389509512,195.997712979563,158.16448496915,103.603313375109,62.289144844118,17.3090874637795,43.8787210634047,46.4519269351188,49.7900749162939,40.2081199234998,29.3985228996659,17.0240048034276,14.3391925511781,29.4742334668015,37.530077060177,55.0469862131532,73.0185915705506,67.3555933669996,65.4977069575317,6.36577581091243,38.3136621617719,67.2494885020908,88.7053977441332,87.3912755154659,80.9136585362623,0.02920246102750148,0.04550278879889137,0.062178646048311755,-0.3994845868928483,0.06593717106728288,0.02487121448033662,-0.29474035162164436,0.14763149669951675,0.10981177199399385,0.06652314141693255,0.1233254355418994,-0.195695122594629,0.1795121496468435,-0.041241071922330605,-0.03640773899846571,-0.08712276293873947,0.004161814957889803,-0.4251824849758647,1.1340365565100925,-0.7242695373016158,-0.10947756021490569,0.2351319813504146,-0.10793813518106801,0.06779517199403101,-0.010681371893899708,-0.11406826554165644,0.21563954759734333,0.02312507229173228,-0.030582745631821166,-0.15444033884479594,0.07652971817171073,0.0016569241352136356,-0.33595627090543834,0.26785086950779574,0.31157517847976235,-0.4406290368442987,0.0946534767894902,0.024867445284895536,-0.002637480825642372,0.10175312485491499,-0.0007970761236672454,0.1420344139005741,0.06816534578105109,-0.13131107885779986,-2.287173579109064,13.71987183586364
44,205.96169247722,167.808358094874,132.286858406373,101.855579736661,64.622411437003,51.9116579338985,43.9639689698311,40.2766980902801,48.3157702359342,57.4929254734265,63.8788856528895,70.9667565329136,25.3889796207026,2.05217730273014,4.63942979354936,25.5834704983038,63.7622024799881,133.127968918813,216.183389509512,277.715018302124,266.789774414106,231.269133096395,163.024939044972,112.082185327454,47.102081656235,60.8955954540013,60.5099920653114,66.8984867074013,50.0492134681605,31.7415277973596,13.4856905010025,4.21447330706203,25.8588144400083,43.4066310598143,73.8034066823269,101.576450920296,101.905481645595,101.234935129626,23.413539810189,69.3822897431482,106.46820710245,143.058087255623,143.79817543128,134.715539836991,0.10335730971287282,-0.12298091604634576,-0.04039560466417884,0.11056764669945543,0.08394267350234615,0.1232314710419937,0.013043550466181247,0.15363559805883656,-0.13337661905971596,-0.11925374172060892,-0.16128307409234735,0.13274782482100292,-0.1270402629512496,-0.05440304905295524,0.006275791663581004,0.20365620795209166,-0.005921721487012139,-0.08578086134411789,-0.7151038027632415,1.6321643970767779,-1.1645371390230783,0.021959665022450718,0.3364800758899592,-0.09387448813833559,0.018891015520852414,0.09805021311642079,0.10055853979079121,-0.2921889535151389,-0.062393529670272035,0.18475440578847296,0.06808697699655114,0.017310470988737323,-0.037648479379754386,-0.14105520314852396,-0.04907755529397905,0.2568536233153706,-0.3036012254033951,0.3722415704844877,-0.30608581094352527,0.08447570125433224,-0.023418622376455336,-0.3174119140169563,-0.06034993085906711,0.18784826167918672,-1.6550307219662057,16.664483739441906
45,175.244141587562,136.370261497785,107.390875288278,83.9329959440298,54.326398095313,50.6964403320571,49.3498526226642,49.5358872232392,55.6850750615525,61.2463378236967,62.0164578025704,63.5763656933124,18.24636710772,-1.15194062466065,0.948314583828379,22.4507425344083,56.1019268956314,116.420352727213,195.997712979563,266.789774414106,284.811805058762,270.424946143681,209.504325421393,156.749156248087,82.4873491070936,86.5123894260087,72.8930042431408,73.1117517993226,50.7874660049798,27.7335785743358,7.86384802072407,-4.86377338441158,17.5335796379843,39.7204050624863,78.435881494878,111.903824096071,116.881763457842,116.883569391909,18.8213666231496,63.6576760625211,92.7864032276719,135.389091426202,142.529711673375,142.460179323437,-0.02642429602497274,-0.04873507336016977,0.005999815452263561,0.23121819049787593,-0.15277531545070863,0.05659069086328629,0.05153211622881856,-0.17047007183941135,-0.03896515482820519,-0.012095453252819438,-0.028760186999495455,0.040018018045326044,-0.05021226849034451,-0.042663291926430987,-0.05987049661507065,-0.13112717379288719,0.09679026883735213,-0.018833607848192022,-0.10921826599575159,-1.205020820287725,2.5709849770578557,-1.1301778744987812,-0.18776728791903344,0.02046175934859123,-0.04157382591343729,0.09934506274990741,-0.20642653450771048,0.01535710816973719,0.022835526934497516,0.13808856874109557,0.12793689153632476,0.013889529564506037,-0.14068953780348173,-0.04052770631664178,0.024238792127576667,0.062418962285061386,0.3633849989967185,-0.830997332801923,0.38341299856732913,0.028941352719560127,0.0327418731790109,-0.17827780850170566,0.0017935464041195952,0.06580344903570044,-2.104608294930875,16.876071967693246
47,141.071177431545,109.984127870673,84.5400099602562,65.0176701837997,40.0119087520453,45.336592974334,47.9802888823686,49.3981584845524,54.431362415146,57.4312284382681,53.4973639614883,50.4561314571188,9.62351779846468,-2.81870783844799,-4.57475289575225,13.3985365381927,40.6822903160656,87.521930359268,158.16448496915,231.269133096395,270.424946143681,282.252243206422,235.909632848785,188.257409097134,110.390881530063,110.918571425457,83.5265944289175,77.5461902390777,48.8601754391573,20.2079652011344,-1.82469212159898,-17.2856766008146,3.29921475153481,27.2465637154293,70.7818544388487,107.260405007791,113.911178092641,109.622394926019,20.9369246872595,58.0570631939046,73.8123037409201,117.476535297108,133.137881012356,143.872633509491,-0.08160799548376746,-0.05201326421544289,0.027454776245566397,0.18433662316834074,-0.1010825023714467,-0.24698601010307364,0.2291447528512669,-0.03251041984326727,-0.023456129844836953,0.08373272363147018,0.0005682111050643862,-0.12643332116443762,0.012032230904315584,-0.06961759368890132,0.10611317538737815,-0.02318371281769943,-0.02900189429291758,-0.00726408399849728,0.2250679361232859,0.01155289407733831,-1.136022091916452,1.806680176538461,-1.1545105354201515,0.14116463781934638,0.07396321226144681,-0.10984679912516096,-0.032373079055668386,0.01772793306350749,0.0931753880095889,0.17998235720824413,-0.07969160476049658,-0.03723104319228255,-0.07552136253881096,-0.022670739518029386,0.08777124739616067,0.11540257672059742,-0.2641563656417279,0.19419048920774568,0.01482150138682027,-0.20080382131717636,-0.1984128311426109,0.3808692088164693,-0.08777213841003188,-0.008307267566388232,-3.2275729646697386,16.800066761963247
48,68.552190525485,52.0664555494365,38.7814398599423,32.1054396097263,20.0765334398869,34.3751661034966,41.154565039458,41.4412182123253,44.6576390132827,42.8901158515133,32.8779240585592,23.8081642764358,-2.23533150282483,-7.03253845939116,-8.75624656947874,5.22619286776668,23.3651482793158,52.9173913265253,103.603313375109,163.024939044972,209.504325421393,235.909632848785,215.180339657548,185.231999751359,123.305646284074,97.4571726704827,66.6345699304798,60.4880955795604,36.1954151180522,12.516551365831,-3.22668140515747,-18.6138036959738,-3.49282260060727,16.4292846186626,50.7412475832832,78.1037173969429,85.6258627395747,83.3730394349917,19.8599439853758,42.313082609533,47.1034453593811,92.3598770626611,116.751265423869,140.170988001355,0.07975902927821045,-0.006564816689138313,-0.03095360920675083,-0.2329659428817167,0.18628586412729356,0.3499540262657082,-0.4569378689519445,0.13492765081918828,0.00210747257463769,-0.019241978211443904,0.006893516934232588,0.08383541253920196,0.07246513202982066,0.1676963661170567,-0.013515499146580496,0.1261929766427675,-0.04648892505640185,-0.024254244765201233,-0.0981960359387065,0.37742377440302466,-0.17169714427144667,-1.1619238371973204,1.9371326448769846,-0.7260347006187942,-0.0196492314497636,0.0012703340110165509,-0.04123584245339336,0.11105485817272452,0.05731101467810568,-0.2913516992128495,-0.0556994896003786,0.032715639487500475,0.24607737517722067,0.022421697244154878,-0.09258128974785626,-0.07535900377385504,-0.0009077054002251054,0.15766464629470597,0.03148860197179459,-0.05857904948517258,0.3809807458074133,-0.1718536901678832,0.008050618998594885,-0.02857741199858434,-0.8631720430107525,14.668685682689762
