,Cov_0,Cov_1,Cov_2,Cov_3,Cov_4,Cov_5,Cov_6,Cov_7,Cov_8,Cov_9,Cov_10,Cov_11,Cov_12,Cov_13,Cov_14,Cov_15,Cov_16,Cov_17,Cov_35,Cov_36,Cov_37,Cov_39,Cov_41,Cov_42,Cov_43,Cov_44,Cov_45,Cov_46,Cov_47,Cov_48,Cov_49,Cov_50,Cov_51,Cov_52,Cov_53,Cov_54,Cov_56,Cov_57,Cov_58,Cov_59,Cov_60,Cov_61,Cov_62,Cov_63,Cov_64,Cov_65,Cov_66,Cov_67,Cov_68,Cov_69,Cov_70,Cov_71,C_0,C_1,C_2,C_3,C_4,C_5,C_6,C_7,C_8,C_9,C_10,C_11,C_12,C_13,C_14,C_15,C_16,C_17,C_35,C_36,C_37,C_39,C_41,C_42,C_43,C_44,C_45,C_46,C_47,C_48,C_49,C_50,C_51,C_52,C_53,C_54,C_56,C_57,C_58,C_59,C_60,C_61,C_62,C_63,C_64,C_65,C_66,C_67,C_68,C_69,C_70,C_71,Mean,Std
0,419.429689135625,379.981589814837,345.061240613475,323.182299629469,330.129244114299,303.639177187483,249.271977946901,275.388648304391,283.016069218671,304.447735716838,313.266733271254,245.463725605084,255.040461976158,279.066413831871,264.115275024398,246.946172366069,223.881687356487,193.578926857738,5.98496383371785,-8.32740259081689,-13.6420826953029,-17.0355647746163,-25.4525544520728,-30.0964047570393,38.3900452319655,36.035674281328,31.7274211048323,14.777307924143,50.181243524257,35.0570433208841,-51.0101235606251,-22.2146399957295,-7.13397091665533,3.51088269784852,12.299117481365,25.5387082301382,50.6370826683559,57.1737459379044,27.3932207521051,25.1759707692202,42.5008347548337,75.1182628610492,94.2191520283869,101.756250563856,-11.5274788491975,16.0816628434916,46.0019665549168,52.32530416957,52.297681924826,33.2255701600611,20.7651372208429,-1.21999301667162,0.6517867876057637,-0.5585719069738323,-0.09344502366093033,0.047615059159011375,0.2559056432469069,-0.09526768030157194,0.08938479695711654,0.008720579610187016,-0.17588285181123323,-0.159789676060149,-0.04418470246654725,0.0018015975731798832,0.513669928393887,-0.33705523924047737,-0.13534694227169705,-0.007050993005843803,0.008839553311539995,0.03991463064914151,-0.15953526884518004,-0.03950873123045829,-0.15119137077362904,0.006183931305021671,0.12426684383361532,0.2218142126065287,-0.09687805886042887,0.08131328853154106,0.1522781842621716,-0.018086785888332513,-0.08350606367816983,-0.022438873026864332,-0.07198188787180282,0.13537645463681883,-0.09857168401027447,-0.009882692882576427,0.040827136741168266,0.001121914620412058,-0.058258691307198865,-0.22946573714832336,0.33513203998916674,-0.15392984990564623,-0.00238195600760752,0.012478892803530565,0.044635099803563574,-0.09708046895693195,0.048060972056690826,-0.13098539492233818,0.062041802671831535,0.17948097504664787,0.07077508792616828,-0.07866524351655006,0.16792244928052205,-0.17609495546413984,3.6631538523728677,20.479738502618265
1,379.981589814837,405.22739887829,386.268036225312,387.688388329524,410.190690371881,351.871861952016,276.755877814899,288.644020990958,281.92932459188,297.828968449383,321.263221718847,266.949947361375,274.394370291804,290.196175807154,274.551966977364,256.252070927919,221.67715057955,179.980685982263,-17.0212794922171,-32.5307428526911,-39.8858630089695,-45.8284429527435,-34.6068716790596,-36.002404077151,46.0927715048301,53.5565920416785,47.8895101404253,24.6371564335389,45.2133459591419,39.6033554245224,-39.904042864206,-12.0478300885595,2.44455081946014,13.5924985137337,23.006217075323,35.0386197206392,27.1218773526445,1.98011337961878,24.7909051792917,71.2380524614633,57.5355391385168,58.31880878522,105.414232064021,119.244173115409,3.22856491512289,40.0067878100592,68.3000966025516,44.9515226933145,46.4722428379443,23.3994603477253,23.2559660193983,-1.74176615456095,-0.5585719069746834,1.0431487739232168,-0.14685758488873837,-0.061458723492234496,-0.030826116397030742,-0.20008155378955647,0.1608435902029623,-0.10603423089991014,-0.0628012779776767,0.20516575840763826,0.061846745168689196,0.022903897337580945,-0.34142156473887214,0.09811092516178008,0.030904268562678444,-0.014650306798155498,-0.044333887682098005,-0.10614519452279393,0.273943930137751,0.23089421470699115,0.38074061609407145,0.09127885723487039,-0.03691671799215054,-0.2785798907541562,0.22939185259589046,-0.05431669362846755,-0.28979460909994204,0.3061278878846472,-0.08424866260862546,0.0030916744464686992,0.03130139616898505,-0.20917221060082963,-0.10660089582382533,-0.01145963892564386,0.08580817049714484,0.03643732109195202,0.19647953887294414,-0.08009137317087789,-0.20855589098789118,0.042886959272355606,-0.07737835031570306,-0.0023230785964600664,0.05468954707843984,-0.0672191555479966,-0.0878660598992413,0.09367121395712175,0.06757221679233802,-0.06913418650743931,-0.1555800651392557,0.19267132189200992,-0.4330227743918899,0.38018591932318846,2.863416606031208,20.130012391409238
2,345.061240613475,386.268036225312,458.280182762435,458.029316559801,477.715977501621,378.693657913128,275.952777071817,289.401199419828,304.448360020586,343.598990986575,382.796430858773,319.084429659431,316.126739032666,309.727548476651,295.064124314881,277.592185016288,235.813382996253,187.23698175479,-9.29127190006365,-22.3479811721094,-34.2855710672215,-45.2977016969746,-35.4395116800516,-41.3933514347574,56.3659282759698,49.0122544549058,41.3487428173241,16.7995831658458,34.0557644259414,30.1533412161828,-44.6983711196226,-21.0414596345724,-5.9876905414568,8.65607473179802,21.3270996921602,36.6419807554204,27.4025835947202,-1.34197626190699,48.0897797634186,89.2537117807883,67.7705825823459,64.5780078681167,117.660402875957,119.222156006288,7.51889561440448,53.1453151846662,84.3645585326653,49.7051744529213,41.7507114281946,-2.16242870609445,-3.81445378053429,-1.91276082049322,-0.09344502366112684,-0.14685758488886272,0.6864575666765511,-0.37448475205533527,-0.09623962312707096,0.22987789520037064,-0.06184191690423328,0.07315996087069238,-0.08508937837588569,0.08261304213363858,-0.12705445831474865,0.14644749633536197,-0.1761309980235472,0.22103537884197244,0.03839012133653122,-0.10495869806734087,-0.0993620350254765,-0.18397856915863128,0.13611718768126277,-0.038633473710453003,-0.17304259085411466,-0.018824230425751598,0.027772028861127437,0.15074409651172885,-0.18747350648014682,-0.015834692087998807,0.07396600675522103,0.12450649221299895,0.12544876087281734,0.016319612960424883,-0.10863547343385611,0.33752204333171526,0.2399928201474894,-0.24463282770630748,-0.4143063221520461,0.2878204801224763,0.10867708555980315,0.21306639065192126,-0.2928432943338001,-0.016620656553003602,0.12740386876667706,0.06789429469559449,-0.07425211857754364,-0.020345197931923648,0.053811311422069526,-0.024973090762446127,0.05796627892181491,-0.2056889102837792,-0.05388710062145424,-0.020753238002257434,0.13816946344087286,-0.11787415010078685,4.812604090872342,21.407246034051994
3,323.182299629469,387.688388329524,458.029316559801,519.755847696685,549.179953728597,418.709604744815,284.991309646792,289.281758889282,290.428756890174,341.541029847023,381.550848560607,328.703485467499,325.8056592695,319.676329353438,308.024856667012,293.365134461387,245.084895440981,190.274785826686,-6.64496598671305,-20.1461727440688,-34.2095101256161,-49.3280423610048,-40.7878910965493,-49.7266793877397,53.5178479524067,53.2034820800746,48.7272994404401,32.3923951578263,51.4117821525484,51.5565178931378,-17.9567302405277,3.83086922127915,19.881152839679,37.5954024472898,58.4012488014391,80.7106277128182,61.5917716065922,23.869408761872,65.4251878639792,122.995177183414,104.030795112903,91.2334717106798,142.304571251246,122.592920095939,28.651219405276,73.0499905473924,104.175261691745,52.4272629832571,34.15231756793,-29.6163485986048,-32.7780959269149,-31.1755578152673,0.04761505915848719,-0.06145872349071657,-0.3744847520553052,1.4144361925162006,-0.8211260929611807,0.2268401896810866,-0.1603513173912376,0.021471798151064987,-0.16967025647316028,0.07025003112276122,-0.259361197230672,-0.19608589132015314,0.12042434603429464,0.16887553465305266,0.08242910133407375,0.0847448202937727,-0.023485833496258022,-0.16664562852937556,-0.24415172311857972,-0.35193557928760477,-0.05653319263414941,0.02674134680298056,0.008573917775884494,0.0958247339677118,0.07426274630724218,-0.03588860147516502,-0.1481710865470806,-0.02835841563183266,-0.12116128539866163,-0.011886355564125425,0.18047858462108485,-0.3856607395128419,-0.07600197781599141,0.32643115928155547,0.18668272874824923,-0.5157752099090323,0.017773647007646175,-0.1849191108769357,0.5329507707423553,-0.4621149628427228,-0.11741601101371546,0.09514274436219892,0.22281539662296998,0.05281413822025942,0.15694448830348953,-0.36940909406322625,-0.07115191543472117,-0.020207341596545296,-0.13208539570079592,0.2701536413647783,-0.12519354718264009,0.0884481675649599,5.999157167111325,22.79793516300731
4,330.129244114299,410.190690371881,477.715977501621,549.179953728597,624.700863187019,466.521172514774,299.925571170813,313.905677272267,299.631594194399,381.229041355512,417.997817677368,356.616183274018,352.873484743332,350.381185788802,337.297210644623,320.839458855207,260.667890201622,194.126436862243,-11.5364304933772,-26.6487350515566,-40.9115787962835,-57.3523963859934,-48.9482574158107,-58.8321525833472,54.8099662605467,65.1075167888356,67.5879060097732,29.2213638745499,48.4492114224983,54.0774162068732,-11.2712307399067,8.63336004957622,29.4743004165527,46.2853359941931,64.7631546601938,83.4054965069826,62.634555477308,25.5566549585054,68.6998933257893,124.040458308273,110.573682351251,110.466985934178,177.389443581881,152.532480539382,42.8907928497755,89.6351484393634,130.488049930045,68.1642901489697,43.4868322071488,35.5013017688964,25.6094367897932,19.2802479166369,0.25590564324804205,-0.03082611639913349,-0.09623962312650872,-0.8211260929609767,1.309958842601473,-0.6426521303971181,0.24135107721200047,0.01935664594513875,-0.1520826842410223,-0.05814699892489823,0.08111211386973871,0.08426685814112878,0.18594906519468876,-0.26334463134408664,-0.16868297562224704,-0.31740972634758924,0.020045910221552506,0.3710437752260045,0.03513046311094976,0.18204069350821647,0.17074867500091775,0.17851275288769936,0.28026615072030964,0.09965373208792526,-0.07277298613292671,0.07271102555793234,-0.06543408850808341,0.045522179779946624,-0.05490748406562856,0.18004165954484674,-0.2616937036214405,0.20497142198109145,-0.09199468532829312,-0.11747746422321052,0.01819549676158586,0.10240234333435487,0.02484296495193939,-0.07611108314950106,0.03391726372284011,0.2713555917955971,0.07690512580323348,-0.16290178054963353,-0.47041616681913007,0.23822624481888713,-0.21873685426717807,0.1216924719937075,-0.08384514157758274,0.07644360408451711,0.3464132318547169,-0.07864522285044621,-0.1406839001756642,0.06774543468391098,5.75022637238257,24.993816499026686
5,303.639177187483,351.871861952016,378.693657913128,418.709604744815,466.521172514774,427.455815256224,347.847304845572,291.19467349907,241.27872393153,291.347534822577,347.006852443289,293.936499997692,298.715473373815,294.788318827698,280.044924645873,261.190927537222,226.167863620504,184.559889949272,-0.398500847199685,-17.9025291837573,-31.8584604943727,-46.5080923207164,-39.4736505813376,-49.2196878914996,53.9974421101485,58.6276402710348,52.4745964356951,22.0369191944323,40.7576518183753,51.8079211394644,-11.5612482096436,5.22719443494725,25.2237949991479,39.4990906093437,54.5485555163105,67.8030420322033,48.3668292711285,16.3592257334655,41.3094820097247,88.1064798988877,80.4940374105423,87.1721431112799,152.388635527326,183.379963839575,22.4424157936469,55.9562314527546,82.3758607294932,45.7912098630669,44.2226220680858,33.7820023794947,26.1561848882755,18.2442201242312,-0.09526768030189547,-0.20008155378876333,0.22987789519994187,0.22684018968185973,-0.6426521303980051,1.069792032128279,-0.53212742937209,0.0010427718861289322,0.2098468955307537,-0.17765826030895315,-0.02077282848200504,0.14112582118527442,-0.152236557841509,0.3411364609047634,0.018099818504520134,-0.21187059452775645,-0.12925792552661497,-0.17061516647777242,-0.18052043413961796,-0.130443255616925,0.009635866831422035,0.17096058917541335,0.016722112832339563,0.09715460962633962,-0.23577804357900423,0.18398706039579155,0.2367345774227275,0.20200563681776731,0.04291403391937371,-0.10273610005912463,-0.06514679483639672,0.027439587277953686,-0.15668192537359993,-0.0670577273247667,-0.015002051799174609,0.017536516559118462,0.18275321800066824,0.051517320986741645,-0.3011401023386674,-0.1394612445455682,-0.16300697989164156,0.19222941599261034,-0.03588483126568889,0.014568099991720521,0.22370950164714234,0.102913467348645,-0.21110908643000875,0.2648967171102161,-0.21865409617385537,0.02458382856175042,0.15335000872515617,-0.20334379186369222,1.7943831352574986,20.674762761788205
6,249.271977946901,276.755877814899,275.952777071817,284.991309646792,299.925571170813,347.847304845572,404.80933017107,274.801015066846,202.680797509968,230.848217426326,290.090528065775,248.389807628633,248.809904141773,234.735424829626,214.122114542082,188.748402997714,175.276253071093,155.090251012664,-10.7688052402449,-28.0068328860466,-39.365117874746,-50.1457424563564,-32.2516872248909,-37.7710793725908,52.8933650204547,57.3001244560208,45.941816658429,28.9441271439277,46.6004828876579,66.165531736057,-8.5733400454434,-13.4785835215568,-3.16043169095004,7.57477403800512,18.0296739030159,25.2471054770412,-7.47465096464746,-46.3268451617777,-20.1171173548618,35.869845789376,12.0883972706215,24.0533395061319,113.362552998291,227.116325439581,16.7969555719593,32.2788384245951,34.2079541424435,5.27992762693995,20.5650868866196,30.8754706412652,10.2570075365544,-25.8707622888929,0.08938479695658655,0.16084359020372488,-0.06184191690389806,-0.160351317392338,0.2413510772126436,-0.532127429372605,0.5853942148956498,-0.15191195117214093,-0.1506453700170481,0.059119817394150835,0.03520041435227589,-0.00787670007449692,0.05081125737274637,-0.30558898718441185,0.01704014391568234,0.30363287790596416,0.03593580383947317,-0.17623158882394666,0.21615234161572977,0.1254194807935615,0.010529497507721062,-0.13788216291803737,-0.012178838921731733,-0.008366737733725394,0.14598549673162084,-0.14943619072540867,0.02511408799003569,0.11600393902164081,-0.05160013559334562,-0.1409543860153958,0.04991317491121276,0.02239238731805805,-0.03481638103895287,-0.03954313033569805,-0.0680121875019105,0.13844773250015494,0.043046376440334946,-0.16826271114418165,0.1378463689646047,-0.1374240796927791,0.14284127498217833,-0.07881540895521061,0.26813266528565344,-0.30740236058933745,-0.06215793175406987,-0.09814940330587672,0.26842056845012835,-0.10571661837634597,0.024022816148812107,-0.0467305996916726,-0.05139577778136468,0.12307212172346418,-1.1964063384267118,20.119625497783748
7,275.388648304391,288.644020990958,289.401199419828,289.281758889282,313.905677272267,291.19467349907,274.801015066846,310.861080760581,228.409014232164,238.720280679709,251.684822877384,210.290038597483,221.175049984559,225.469767669436,220.562533002885,212.891715344155,192.772836165112,166.129611887872,-3.01238876888526,-14.8257387157892,-19.8376371019933,-24.7415060463922,-26.5815356163917,-32.3038176290954,31.2460632407407,36.7796158280575,28.5884892659993,25.3207490745317,40.9750049245807,38.3423925335074,-44.4048845814428,-34.6364730677121,-25.4126438354806,-10.4646349166525,1.87727903669939,14.2357350911172,28.7998405236605,24.8856263833794,16.5482010010892,29.2149215074589,43.9259340878599,76.2640032260418,116.927036367475,131.236985534977,4.32292898493482,36.0515677803984,58.6696750419073,44.09586423576,37.3944180080003,13.240791126672,6.51005329684174,-13.8420257912283,0.008720579610478195,-0.1060342309002876,0.07315996087070557,0.02147179815077729,0.019356645945470895,0.0010427718862455776,-0.15191195117226136,0.38817914931261155,-0.1566093976647762,0.11640419609955614,-0.07861627040380569,-0.028791612089014717,0.13718898069075253,0.03706977832723655,-0.03526519947106203,-0.12474794739251081,-0.04786966250395541,0.00761987005287015,-0.1025832271489519,-0.03635229854114905,0.054818621432335464,0.04522744115511256,0.03383033472618381,0.1280684201240103,-0.013803155422985987,-0.2098389225178492,-0.012464810347598793,-0.19464070301875322,0.16167292350853932,-0.050192417967546164,0.0649266218373204,0.21343279222625725,0.24288909131762906,0.0228074499077108,-0.17497133457765426,-0.09381678663054634,-0.06435047950762517,0.0979959631342091,-0.05077868341795053,0.2500422530857393,0.035416675116975764,-0.0724486847641518,-0.13339340680133968,0.1426098872192179,0.0048509593084601725,-0.16911606835016862,-0.13216616195051606,0.03605440436445332,0.035138300802695435,0.14670890072915366,-0.10313879845755336,-0.04756125445088034,-1.3312818336162988,17.63096936531232
8,283.016069218671,281.92932459188,304.448360020586,290.428756890174,299.631594194399,241.27872393153,202.680797509968,228.409014232164,287.833561648415,319.193252289122,269.730978894337,228.236917409056,225.010382525517,220.182568910299,206.441121309319,192.326225114065,167.748859077636,137.137261783803,-24.7127785788192,-29.8863924248709,-33.191072558831,-30.6952917648628,-15.5564475273783,-12.9105119035569,51.3656081423922,41.0397564438502,36.8995338696798,12.9461875097239,29.1964937460772,21.6998835329992,-44.7843683690021,-25.0140978988612,-15.9247391565878,-9.41402586543144,-5.24432391257266,5.94799343230417,5.2309665927912,-21.1516705293019,5.78964017520958,17.8391771525049,-9.48969960318185,-10.37959326342,22.7834470664564,33.750708498827,-6.9332330793551,23.3205115575978,44.0864890486484,22.3848384473496,18.411914652281,26.9644507546257,26.018770010329,15.6278974764138,-0.1758828518113895,-0.0628012779774165,-0.08508937837598657,-0.16967025647257628,-0.15208268424178892,0.20984689553098845,-0.15064537001695671,-0.1566093976647867,0.8507645303369645,-0.3800252530891993,0.20492855390544001,0.0870032527979479,-0.26676792793377785,-0.021280971407164704,0.0704688713723553,0.20747322455185938,0.053627441277021466,0.016929670675397822,-0.028941028127488142,0.02956140478223167,0.11485484176084103,-0.1190244126538354,-0.09655571454782604,-0.45112774458058746,-0.14881710263590264,0.46296251108109854,-0.010054486938116485,-0.47321338215980024,0.11783038051067252,-0.06478212978289195,0.16508602691264596,-0.13790120706928616,-0.18807210201176058,-0.026611198721911002,0.20837394270507079,0.1882279564788758,-0.17927881870038195,0.2003691308170566,-0.2526206101328572,0.0637154458235182,0.13405824003554478,-0.10402156862262735,0.08631597611037285,0.0010373801689268708,0.03453315339648584,0.08376458643957524,0.0688070769246807,-0.00893303271485635,-0.032855644991979606,-0.08515457895652963,0.1448613974631091,-0.12159296912423195,2.5799000188643655,16.965363587274354
9,304.447735716838,297.828968449383,343.598990986575,341.541029847023,381.229041355512,291.347534822577,230.848217426326,238.720280679709,319.193252289122,452.311288172346,387.789338285965,305.95888442611,288.490233366405,276.460732519489,252.796720836539,227.954677536031,191.291939757333,148.586353002539,-25.7102447650685,-32.4881743222404,-39.0566280379268,-39.4383894906811,-24.4882025616101,-26.7047435264542,66.0686233782249,60.1136806535459,59.7231545639082,1.60182371860027,32.181406086123,19.7132091788071,-57.2709228875948,-38.3195481037288,-25.3786388739917,-16.7963301531507,-9.44713826013891,6.60031682820464,3.99113420119429,-25.955751216884,8.63376448662888,14.46390814283,-3.04873527669458,4.67644222967132,53.7734094612105,77.6302495452989,4.02142468401129,32.506366807827,60.5702810723999,30.1189455235374,20.2120540196835,97.4335901054687,68.0185908865315,32.1126425054879,-0.1597896760602284,0.20516575840745918,0.08261304213341453,0.07025003112229718,-0.05814699892413115,-0.17765826030929513,0.05911981739390455,0.11640419609975189,-0.38002525308927,0.505199479915066,-0.16285609455923686,-0.1731631909287169,-0.006709322315492949,0.1059561421334318,0.04294243688303434,0.04425843180036132,-0.002582248543703355,-0.06812181832267475,0.09494309398346575,0.008635488577254513,-0.07730808184090922,-0.07726247279382771,-0.09676936898573459,0.24284418888026255,0.14751641457726872,-0.329385199465844,-0.25719416038986886,0.15156785076957222,-0.05111481043118467,0.15907457378515455,-0.0036454359081418376,0.12478571854133774,0.2451833378348996,0.05880433082479253,-0.14242704406623752,-0.12001028121173254,-0.10430932393305044,0.13277314737786947,0.0031580611454433503,0.14147401360304715,-0.017168672232752365,-0.0023807415863754096,0.08312263551343949,0.035073137459239664,-0.061179639769798316,0.06537921921408477,-0.2720205553119567,-0.16131306963665198,0.06797158948332775,0.03918264146531334,-0.12176232179473734,0.16563461221546247,0.6012969251084705,21.267376146867445
10,313.266733271254,321.263221718847,382.796430858773,381.550848560607,417.997817677368,347.006852443289,290.090528065775,251.684822877384,269.730978894337,387.789338285965,478.478118645274,375.096212176434,352.901530903321,332.754942137486,304.32512020721,272.021568229321,232.28152260562,186.221481647114,2.42886057829622,-10.0588069773662,-21.9993257591772,-32.839036907272,-29.0175523652247,-36.5592136259326,46.6022368752694,50.1592992302344,59.1055106619356,4.78318141133375,44.6010820548186,36.8143476363733,-56.3739061411183,-33.2165032729605,-16.6306999421721,-5.76396241601746,5.47089246094279,20.3811762130997,13.5349468962906,-4.01841086697161,36.2986558667894,52.8560762592828,56.3950715655135,78.9507268112212,141.084382805461,186.783296021744,22.2693913337979,37.8157141501157,56.4156897753639,27.0284405501353,15.6162769116533,104.801094650762,67.6094759512681,55.6855903262847,-0.044184702466380496,0.06184674516839043,-0.12705445831501164,-0.25936119723009626,0.08111211386962891,-0.02077282848164131,0.035200414351872496,-0.07861627040375056,0.2049285539054171,-0.1628560945595271,0.47966459267048894,-0.15767867773214722,0.08035160777528957,-0.1463672213537387,-0.022719891631299786,0.05711887424482472,0.03996338184751131,0.057231099491843955,0.0398315482960543,0.02176033422093323,0.1555040373579891,0.03234656505655995,-0.05782804922071468,-0.1396456269768038,0.06921464670516779,-0.015566062953287111,0.06479157385829783,0.24889156568888707,-0.11136873831345546,-0.25287891782435784,0.20696802300026146,-0.1263608882677825,-0.11339257912694153,0.05014893969554302,0.13613354158068366,-0.0356495564609632,0.01155755432829977,0.1200401288208538,-0.3534295845090618,0.2246616028904642,-0.016680047814113957,-0.03172411182111804,-0.013535074551176139,-0.09510379747470303,-0.016084351693440718,0.14038743918517527,0.1669317624534867,0.03665455154138673,0.04335516127431693,-0.25346084404041946,0.2519063824330433,-0.09139569015457241,-4.2948688926617615,21.87391411351141
11,245.463725605084,266.949947361375,319.084429659431,328.703485467499,356.616183274018,293.936499997692,248.389807628633,210.290038597483,228.236917409056,305.95888442611,375.096212176434,375.23096051718,354.051059107943,334.400433007785,304.966935863445,272.587281151833,233.706011362135,189.229177812628,22.6394218217827,11.3924218982603,2.81678670389214,-10.4765992538145,-15.3014045770686,-23.6584462768374,37.963934386153,43.9798938737413,50.9015619733539,20.9542565076108,32.3104913443918,38.6026493484614,-22.610073380688,-24.6072350113505,-14.0940476867249,-5.87207337614215,2.62293150239368,16.236516548974,17.1048402230963,15.5737480574947,55.9880495251515,70.5469211363981,59.4641588097746,73.1654107368104,109.799351030416,132.112889562883,31.9924911673178,37.117542078217,42.990489292043,18.0222056006506,2.8013546122781,66.2532038894391,35.502146507286,25.0206340261389,0.0018015975723090017,0.022903897338632778,0.1464474963361202,-0.19608589132169385,0.08426685814143284,0.1411258211850934,-0.00787670007439648,-0.02879161208921665,0.08700325279780072,-0.17316319092827237,-0.15767867773208247,0.6681031488188596,-0.399044335639134,-0.04510945336346424,-0.06671786609267985,-0.04518484642557357,-0.05915318600047234,-0.06600254855961839,0.3678406097011002,0.011291261376393608,-0.0790657046003408,0.029103406366838076,0.22519282764094262,0.0015577089647874564,-0.2241311111556777,0.309258802221713,0.39279986435675407,-0.18271503860385946,0.2419154514254157,-0.06785598978167921,-0.2947688570734357,0.05519002453740305,-0.0124312181949244,-0.015022784954137853,-0.03826589332068749,0.10368228724858124,0.2020578295719822,-0.1871341336531458,-0.01991434791041801,-0.3010500053539495,0.09187345034229864,-0.010242457810136406,-0.004491568152635964,-0.09029922792582439,0.03583726861957521,0.14785586275557025,-0.010609088850302425,0.05465564853282506,0.07375728291696963,0.11648116653329055,-0.2370515206632142,-0.010380299170452701,1.845972458026787,19.37062106689355
12,255.040461976158,274.394370291804,316.126739032666,325.8056592695,352.873484743332,298.715473373815,248.809904141773,221.175049984559,225.010382525517,288.490233366405,352.901530903321,354.051059107943,388.56763257473,377.557852468808,343.78893058287,307.70458481193,264.75029791468,216.686629744389,57.3897330011165,37.7649726489717,24.6979457827861,11.9859583009433,-1.19955802483997,-13.2050139728892,40.699580056392,48.9279653978781,50.2681384282175,7.06302133335727,23.7478260260224,23.7839191208509,-31.0191271035212,-24.8261678430144,-12.7871217111672,-0.0938562660981864,13.1208137313088,31.6869861976688,49.5682437700494,53.0618227767321,67.4622681438443,58.4102603730802,54.8875553490511,77.9826918383804,99.8077626596737,106.527878428596,7.69061733383018,24.6972867751319,23.6529857693861,7.87752101894544,-10.0549718951673,32.0523568593948,-1.60161624584837,-23.9892528397896,0.5136699283929985,-0.3414215647365498,-0.17613099802407306,0.12042434603522495,0.18594906519416118,-0.152236557841436,0.05081125737292876,0.13718898069055419,-0.26676792793372284,-0.006709322315297085,0.08035160777522876,-0.39904433563849045,1.365877006005872,-0.6030957884622978,-0.2957547523453804,-0.06696875094489166,-0.0315622853329715,-0.01685358644969049,-0.27664557559222774,-0.16311507614037582,0.14489452641603406,0.11017147410909928,0.04098018001149291,0.17342557355478436,-0.07070409138897868,0.18459690986799923,-0.4931778824415769,0.2359260506499131,-0.22524391203194974,-0.1252549086826578,0.20651121141137857,0.057464027104616906,0.1618633380443415,0.046205500244034275,-0.020366486261631574,-0.10092362083982881,-0.1316824384669547,-0.145478645673985,-0.003857992252259403,0.13268817710384115,-0.062450871590345014,0.09216497559047532,0.17514525509255616,-0.20533184825923084,0.09763238928138439,-0.36906862267851737,0.04699215245666295,0.21995585987148297,-0.020887672503857074,-0.06929974718856412,0.2757188707235797,-0.1962474682823091,5.598948985366642,19.71186527385802
13,279.066413831871,290.196175807154,309.727548476651,319.676329353438,350.381185788802,294.788318827698,234.735424829626,225.469767669436,220.182568910299,276.460732519489,332.754942137486,334.400433007785,377.557852468808,385.924700593441,352.226333824708,316.536321731561,271.484052621427,221.515175148561,64.4229262391389,41.9933990497753,29.4757204545645,15.8038019606763,-1.03073052253072,-14.0520416706535,36.8836456959971,50.7989755105941,48.5336285284073,8.83109438118454,23.2042266878929,20.7688519044866,-31.2639309910536,-21.1275027117786,-9.33778329369441,2.86036263923804,15.3997545391909,32.9302066501194,54.1281267027061,61.4159040953503,67.4005996283592,55.8619416750199,54.9514268754224,79.6855558092873,95.8526495729089,91.8433003842741,5.7609532784234,19.5503638923051,22.4163688851142,11.6462911360037,-4.38811679083258,28.7225470556379,-4.10865644375278,-39.8416439453296,-0.3370552392426256,0.09811092516439773,0.22103537884033547,0.1688755346484684,-0.26334463134171143,0.34113646090359806,-0.30558898718483213,0.037069778326797545,-0.021280971407406573,0.10595614213357134,-0.14636722135387328,-0.04510945336530315,-0.6030957884629207,2.537970695941971,-1.9555178768422432,-0.4078138103456209,-0.008115709929287951,0.5129824180674644,-0.41643992089106,0.13242688781438747,0.05682824395939693,-0.029906213179105762,-0.008639303016615094,-0.05430387941467418,0.028795914726609948,-0.18315002115018508,-0.03450880354552836,0.13837037829436263,-0.0037379799456312276,0.27157041564063716,-0.116328503157104,0.005266087539283722,-0.11308896158940003,-0.051454513728879214,-0.017028159424356152,0.05105098906914518,-0.02742500563746745,0.2410852997572516,0.006167587378055732,-0.10594544450146387,-0.08579379180269325,-0.11169412554986094,0.25931845092096856,0.02972232267523411,-0.08242413163372822,0.052170973077563985,0.08448208204718181,-0.22977468475639545,-0.13526723448432554,-0.046450164439987736,0.06983398097877103,0.07978530449904454,5.911756541892366,19.644711771706937
14,264.115275024398,274.551966977364,295.064124314881,308.024856667012,337.297210644623,280.044924645873,214.122114542082,220.562533002885,206.441121309319,252.796720836539,304.32512020721,304.966935863445,343.78893058287,352.226333824708,326.562004314542,298.941803373207,258.508705029929,213.20316139964,61.4510064452579,42.173704849864,31.3774404901041,18.9813596727397,-1.33787047092916,-14.011888952423,29.4732593713069,40.2495801885258,38.3531082802269,9.3928879114084,25.4892976834939,22.4830045307788,-28.5431779015933,-19.4236239319837,-8.68533727557398,3.70969860913208,16.5208273624426,33.6985277926598,61.1042362446643,76.6216169863732,68.9213183631859,50.2427654309882,59.3414954524521,90.1095344174584,99.4895312790005,81.5191662264833,5.52532868964059,20.8429093047888,29.0326170156908,20.673847675858,0.659799158620818,13.8909178121823,-14.338018792422,-42.5669246284611,-0.13534694226239335,0.030904268547079988,0.03839012134072972,0.08242910134654478,-0.16868297562846027,0.018099818509586706,0.017040143915509735,-0.0352651994696817,0.07046887137312294,0.04294243688149835,-0.02271989163246597,-0.06671786609031928,-0.2957547523441635,-1.9555178768405286,4.3948647583928695,-1.6070125255553216,-0.35681425313656234,-0.031642477650549956,-0.08861910219291669,0.03330861425923956,-0.0887022350915264,-0.09357314945423197,-0.03503952407534215,-0.03398118399984739,0.11808397572732413,-0.22607595284695892,0.07292496053717053,-0.024771992127662228,-0.02909953333920935,0.04486243945047428,0.06253116906526494,-0.01672944870129912,-0.03262049622214501,-0.04810774586674096,-0.020586282548375863,0.055054025408138946,-0.03818056483029285,0.111299943013377,0.02985340521619507,-0.08651093564229008,0.10593751690253318,0.003037097605477889,-0.09918760709145094,0.06791811425007487,0.014402330043777218,0.012522747865771627,-0.06989392754357188,-0.07846633054593685,-0.01604192521581582,-0.00915718369386502,0.0050775036347115625,0.05508272206498535,4.4670372166976575,18.070749965470238
15,246.946172366069,256.252070927919,277.592185016288,293.365134461387,320.839458855207,261.190927537222,188.748402997714,212.891715344155,192.326225114065,227.954677536031,272.021568229321,272.587281151833,307.70458481193,316.536321731561,298.941803373207,279.884396560053,244.413203770885,204.108754905685,57.8584710788268,42.2084557849017,33.2885059843901,22.3626438011665,-1.36790369361628,-13.5521145566342,22.7670648464456,30.1665383016166,28.4040181943649,9.74169120549473,26.9763275303431,23.4508342177889,-24.8415583793644,-16.9973816042995,-7.52635980162022,4.78180232352217,17.5966564656107,34.1327931652121,67.596870912278,91.2878374010399,69.764416416082,41.7816060135295,58.874114274468,93.5398905238357,93.6604982901435,59.1065541832815,4.26327390677258,19.5155442413668,31.2414083330254,26.118753253219,2.77114936671725,-3.03554382818427,-25.8267441356167,-46.1564633729187,-0.00705099301361233,-0.014650306786536532,-0.10495869807211701,0.0847448202818227,-0.3174097263420424,-0.21187059453456525,0.30363287790653476,-0.12474794739356365,0.20747322455127354,0.04425843180085424,0.05711887424671909,-0.04518484642602953,-0.06696875094465501,-0.407813810345901,-1.6070125255655887,4.324660590105439,-1.595423050326984,-0.40746266358089045,0.08470137882276704,0.08262340782006238,-0.2614448220598566,-0.09600231732302417,-0.13350769427308462,-0.09417723026296188,0.16288938561337285,-0.1204374923133075,0.10290110423726946,-0.2912915816997193,-0.049199281326768894,-0.10131117197576502,0.20884206849810463,-0.00014956508498712356,0.08897552327730648,0.010469151230583926,0.007692804399392688,0.040909804466631276,-0.20493741649913122,0.1124990564689857,-0.009393625781925817,-0.0937789416991808,0.39989004928129124,0.126517615414443,-0.5035487115363827,0.3174888637654934,0.0788560094911107,0.012569937074536715,-0.2552849264409147,-0.025940277066588385,0.1336277074469015,-0.031735747378040406,-0.02073949676048519,0.03190193954650482,2.922317891502951,16.72944698906851
16,223.881687356487,221.67715057955,235.813382996253,245.084895440981,260.667890201622,226.167863620504,175.276253071093,192.772836165112,167.748859077636,191.291939757333,232.28152260562,233.706011362135,264.75029791468,271.484052621427,258.508705029929,244.413203770885,220.610098381408,191.872277741944,56.6343325477294,44.3267011405687,37.1623466265263,27.8979157463419,0.33184491134348,-11.4483823631446,19.7323042211225,22.4532262008172,19.6149970791164,8.82215568044715,24.561703828823,21.9153620637874,-23.4418985395659,-16.5714472379918,-8.90533802275498,2.3595800927798,14.2882417314638,29.1946036303777,68.4027741006713,100.441973556803,65.4084407418969,26.7880077564901,51.4842594225397,88.7271394168174,76.6042489762967,43.6767700285763,0.061976747442009,7.7151408881073,14.3180008438779,20.5198378288183,0.965344458130851,-12.2421270194923,-33.4802784531079,-50.6918468938603,0.008839553312818724,-0.044333887678493916,-0.09936203502223986,-0.0234858334885275,0.02004591021703745,-0.12925792552237209,0.03593580384064101,-0.04786966250258604,0.05362744127619657,-0.0025822485413681683,0.03996338184789981,-0.05915318600036983,-0.031562285332541996,-0.008115709927031868,-0.3568142531370461,-1.5954230503196207,4.366715282455261,-2.1171935106850612,0.09650088860289646,-0.01672651240226903,-0.10070002675024034,-0.0635250519503643,-0.08007044953677826,-0.08571121682632672,0.08648074380531966,-0.07273659732171414,0.07663837348263115,-0.18185381824202118,0.06007238607937812,-0.028979563573184514,0.0421995012720674,-0.07740900016253544,0.05982080049575713,0.058123272460495916,0.05453688648400629,-0.03558784159618024,-0.09062256358515622,-0.01852326744573631,0.09502573660798455,0.11174555486988819,-0.06165298036315782,0.016925297668104827,-0.038519396795907095,0.054430728777153575,-0.043168225348128364,0.10020223982188538,-0.01105129976496194,-0.007161284010702981,0.060828594913448164,-0.029365715171429187,0.0027188946745950733,-0.0034049185879756194,0.8270609318996411,14.852612510309676
17,193.578926857738,179.980685982263,187.23698175479,190.274785826686,194.126436862243,184.559889949272,155.090251012664,166.129611887872,137.137261783803,148.586353002539,186.221481647114,189.229177812628,216.686629744389,221.515175148561,213.20316139964,204.108754905685,191.872277741944,174.984017134557,56.075106467281,47.0925920518212,41.698432761595,34.1589619917883,2.71223587891832,-8.64574566453673,15.6619009006441,13.8163302913492,10.0279960714622,7.03596927113549,20.9411207381245,19.0855122641,-21.3672968902318,-15.633624154246,-9.87755488604516,0.172682536724447,11.0547726001401,24.1620573180009,69.0673595970244,109.482783964065,61.168899960364,11.9695664497341,44.5152422331416,84.4286281071237,59.8605952860997,28.2293268433361,-4.02732410275708,-3.68000062561902,-2.04529937826872,15.4181451189076,-0.581725945910464,-21.2108973641058,-40.9652168993521,-54.9127759710192,0.03991463065072366,-0.1061451945289428,-0.18397856915978036,-0.16664562853184442,0.37104377522798887,-0.17061516647802405,-0.17623158882539133,0.007619870051963447,0.016929670676078933,-0.06812181832484197,0.057231099490880656,-0.06600254855981103,-0.01685358645014323,0.5129824180653915,-0.031642477644963786,-0.40746266358939487,-2.1171935106817177,2.7456058725535617,0.02330711012533837,-0.1248505401726003,-0.09446198924711041,-0.07830566846642283,-0.25097835318720374,-0.07562873469388075,0.0337776578428042,0.03178608948579334,0.02389122228067847,-0.30882692245749305,0.30661906584288157,-0.03490545715293514,-0.0529598505433247,-0.15618151596596283,0.06054193121718411,0.12061112025790408,0.22362557766961919,-0.18611467657595462,-0.08207419531993365,-0.1414815338157347,0.2848441324792994,0.406033403167621,-0.513669182983921,-0.0372464979023391,0.24979827431619378,-0.09201147198889106,-0.22065396431480608,0.30708000206970004,0.19220145115010973,-0.004884357885126039,0.027773096819728123,-0.03340191958562675,0.02668234571136194,-0.04887371259782024,-1.3556323604710705,13.227774458863324
35,5.98496383371785,-17.0212794922171,-9.29127190006365,-6.64496598671305,-11.5364304933772,-0.398500847199685,-10.7688052402449,-3.01238876888526,-24.7127785788192,-25.7102447650685,2.42886057829622,22.6394218217827,57.3897330011165,64.4229262391389,61.4510064452579,57.8584710788268,56.6343325477294,56.075106467281,70.4166158687489,64.2428739998033,60.7535119100442,56.2142121607605,19.9605296935221,9.35554531002974,-10.9639903609389,-14.9231539540511,-16.9377529561385,-13.6026939413383,-8.69980658999053,-11.7171052134812,-4.14977620809976,-3.66523190338927,-1.97824997306437,3.21922405324818,9.69527976951997,17.360669463118,66.6724101701861,115.865453734203,59.6041572995734,1.40409496806368,46.7523704454459,91.0184321644339,49.7383534524624,12.8377509869032,-5.59739417214266,-5.93566038829989,-6.31984560467936,21.0214852699109,3.64508485818777,-25.0009948261775,-45.0340941141444,-52.6348536871834,-0.15953526884787053,0.2739439301402082,0.1361171876820848,-0.24415172312148334,0.03513046311210271,-0.18052043413944283,0.21615234161456343,-0.10258322714901216,-0.028941028127573053,0.09494309398370625,0.03983154829616752,0.36784060970090576,-0.2766455755952802,-0.4164399208872912,-0.08861910219040639,0.08470137881546656,0.09650088860170637,0.023307110129366978,2.913168541867259,-1.9796440715359649,-0.38842679974242683,-0.1799395825097396,-0.21902925516979982,0.14689913077628297,-0.006603178891818264,0.09575997442125977,0.03080642114000212,0.0539357040171956,0.005677728515301308,0.2391287419727802,-0.24886605559301953,0.12448052325485594,-0.009010440550659249,0.03529174508438571,-0.0016648923025162647,-0.1476430885248511,0.21869681388826445,-0.03465321151350524,-0.028510647466852338,0.08970969066635012,-0.18181310797244746,0.1487952382405481,0.06429332756112532,-0.3090279401574249,0.008375979884936912,0.21229347493287978,0.1574788291153646,0.052943153779750604,-0.2398884202344485,-0.0445386771649053,0.04322130954922279,0.06412103169861123,-5.441551459293396,8.39086502505844
