,Cov_0,Cov_1,Cov_2,Cov_3,Cov_4,Cov_5,Cov_6,Cov_7,Cov_8,Cov_9,Cov_10,Cov_11,Cov_12,Cov_13,Cov_14,Cov_15,Cov_41,Cov_42,Cov_43,Cov_44,Cov_45,Cov_46,Cov_47,Cov_48,Cov_49,Cov_50,Cov_51,Cov_52,Cov_53,Cov_54,Cov_55,Cov_56,Cov_57,Cov_58,Cov_59,Cov_60,Cov_61,Cov_62,Cov_63,Cov_64,Cov_65,Cov_66,Cov_67,Cov_68,Cov_69,Cov_70,Cov_71,C_0,C_1,C_2,C_3,C_4,C_5,C_6,C_7,C_8,C_9,C_10,C_11,C_12,C_13,C_14,C_15,C_41,C_42,C_43,C_44,C_45,C_46,C_47,C_48,C_49,C_50,C_51,C_52,C_53,C_54,C_55,C_56,C_57,C_58,C_59,C_60,C_61,C_62,C_63,C_64,C_65,C_66,C_67,C_68,C_69,C_70,C_71,Mean,Std
0,89.3574462365591,16.1950750195268,29.100017036564,43.5314203802693,9.66655463715238,9.44284842442981,8.29321879222445,3.27042123369414,5.07361175175788,3.31673771460992,-5.38188254565899,-9.79485854110094,-5.71346530108005,-5.08436420224945,-21.510291451721,-14.8002026069196,1.29221666533276,3.1658418930146,0.10843283373146,3.23702140453253,-3.40758490074507,-0.125125197793349,-6.12425008548157,-0.460022566973054,-7.39932493455792,-1.26508225949155,-4.49985617036675,-3.10286257736746,2.77180567102186,5.28537600500831,1.0898772466014,-0.0624933297132037,-2.42015172799247,-3.6698849341809,-3.48536324498519,1.28188439800936,-2.2092692312246,-7.82597026739882,2.90606184458115,-5.25467829235264,-3.06706344483207,6.06662409838577,5.84203441307587,2.6152952100468,1.43030467161194,5.70494808619083,-8.83898119057941,0.4826317204601889,-0.3737180413307125,-0.45168355174003727,-0.10562874517647189,-0.12994305437558729,-0.048666770406490055,0.15589685609802495,0.002203600978567539,-0.061528285313311046,0.0796948963707951,-0.08055109284500649,0.03762653495508732,-0.10244894055626215,-0.04301752178118336,0.19669369554225882,0.2133973474467764,-0.2627260573455251,0.06880119234097308,0.05457624213027232,-0.05218356251314823,0.10045716448215475,-0.15361424159609469,0.12756073863005452,0.1651741829157273,0.01710658268957409,-0.030501176975302753,0.1606563488640969,0.13165823755841377,-0.055543965035499784,0.2240618222944499,0.02492874777769814,0.0696206681176894,0.060283367241099166,-0.23378830958807081,-0.15702622932029606,-0.009268368167517062,-0.08704534922409551,-0.005216529315406283,0.024512468460841083,0.1525919563430775,0.11490094339494528,-0.1565390863561015,-0.03929985512228802,0.016910902946805948,0.01793450060778639,-0.17349581470610678,0.07933936836414089,0.5026881720430109,9.452377808602401
1,16.1950750195268,12.8627479091995,3.91374394102178,-0.318731681330484,1.90667554145893,-0.253049591789966,0.711919579707365,1.95059535229769,-0.62083072922242,-2.70985288812195,-2.69620843937319,6.79404457286618,-0.932236855314429,0.252941663845683,0.706282713791092,1.05627309271581,1.1117158565012,1.38972567100057,-0.695919588332044,0.299873041921107,1.3632068311403,-2.61473082728941,0.829414419538483,0.388303966895932,2.35331570043578,1.29563610629875,-1.50161456841684,-2.74925624330765,0.687581301696326,1.24670415167448,1.19746034683985,0.567480449265588,0.0663899327347068,2.44776804452883,2.81220514125631,2.1984355221057,-0.430073128192083,-2.39657476936073,-0.404893752373516,0.104286261854381,-5.36735285149555,-1.72427388782982,0.142073300593258,-3.54703380867645,-2.68284952287246,-9.56626012280134,-8.19190594887722,-0.37461785317420165,1.5934201775571086,0.03006880936291833,0.2974122859546631,-0.5480332913141797,0.008405482096915438,-0.18254618134402278,-0.512852813574134,0.07571984115134396,-0.07654751114743194,0.17293076159046783,-0.05869824440844209,0.24309940034875782,-0.04245077343543825,-0.02636232476013853,0.013675212419167745,0.2514751922675516,-0.18924470493241788,0.19717316978935928,0.20432935246530876,-0.09731396771633204,0.0601025823815028,-0.15819254910388791,0.015070985827387669,-0.048556647159089694,-0.4228622469655018,0.17107552144014182,0.12219059309231424,-0.02879633752288211,-0.3389113055248247,0.1996371814040296,0.1628617515329657,0.14460618976838252,-0.03197583912129452,0.0158262563195321,-0.32189321290708683,-0.13605129432273017,0.04753853363152183,-0.22910090535890834,-0.22291248719205392,0.09965989283452303,0.40209174584535573,-0.028187813299754238,0.22240947594338065,-0.13226237838720037,0.5164827353564593,-0.02894823425016542,-2.161290322580645,3.5850729294115515
2,29.100017036564,3.91374394102178,25.4099153723616,29.4573529863677,1.05509878569497,4.98056697899132,6.37749782895028,1.4955689371289,-1.11665660949675,-5.13775516908421,-1.3390822297676,5.60741794177494,-3.74373376506185,-1.15003549367733,2.99528295787582,-0.616222243846756,-0.664273608740981,1.70778731411049,1.23101216427681,1.2342552502033,-1.06365667757825,-5.50978867327777,-2.96454129076501,0.529582231654018,2.00496000346627,-0.480810722977629,-0.0502113387850537,1.96052040429597,5.42268304180371,4.2964929213068,-1.30182374757874,2.08720507527664,0.546211633202622,-3.65295099528494,-2.64905948753282,-0.917588157300221,-2.40655876961283,6.33031680481541,-0.177487138357109,-2.21780969803687,-3.90254513462144,-0.371806026418631,3.14163157260248,-1.80709114162624,-4.30188667177416,-2.2879550531883,-0.389934224943641,-0.4539555435376767,0.030213676607891003,1.674327163999213,-0.3433787277504929,0.37272244156533824,-0.46140988656819226,-0.17289190110978922,-0.11971903910951476,0.0840542913896486,0.12114810125312793,0.027579642551199452,-0.043824075587299276,0.15009682927781703,-0.002670207495245296,-0.3836842786205303,0.04354495918464259,0.02429570362594665,-0.5199731439345655,-0.14356699989128524,-0.11033127226545526,-0.03409699807114316,0.20924805782387432,0.010777269244556761,-0.13417188243951503,-0.2340282728633326,0.23042776295007497,-0.4120145128042685,-0.06782532865879513,-0.22499742518576704,-0.035470724846691976,0.07554794601762425,-0.07123543022584145,-0.2173034336009576,0.55516829052752,-0.07010473662121637,0.025352144413983244,0.49123306700556824,-0.37033422441049907,-0.037346196806489346,-0.18671977326503894,-0.04565058804832755,-0.1493382527736507,-0.0466086915025581,0.242928822262771,0.012757890711761304,0.03999125373264819,-0.10554195737218826,-2.1084229390681006,5.039832871471195
3,43.5314203802693,-0.318731681330484,29.4573529863677,65.683133213859,8.75343846798622,10.8505983352407,14.2943831690065,2.01751971555462,5.1801155444539,0.818706192411954,0.0559258531553893,1.72931195630433,-7.59294036282898,-3.49552552397264,-14.9104723305829,-11.0533334490562,-2.25239217221854,0.135774463044874,2.21606432240663,1.35271913294778,-1.20920735720989,-2.00032521487993,-6.04193835626931,1.83740228395622,-9.54487606868444,-3.38913095287165,-1.89093904942269,-1.63837677508293,0.200487948501969,4.23684686985895,5.87765938505086,4.91094146909086,0.523405834710759,-11.0142216417316,-10.7778092726971,-5.56503900680794,-4.75943755615188,-7.12061702136515,3.40098021493614,-1.55820481489793,-0.663319873772108,4.14663824702899,3.20992079934007,0.84652546266481,-8.15956017531482,-3.8860145404148,-0.996641465841067,-0.10542324546563446,0.29708230334375446,-0.3435373029635099,0.5703116762493762,-0.27787669494050576,0.10386744915549588,-0.14062906258658414,0.16984898768663478,-0.029228080000601436,0.1496508609565879,-0.19936088696938944,-0.002735690307860082,0.34195615062761364,0.06006091909113124,0.17100297168266979,-0.03921361003859463,0.05156578040792714,0.15153243255988189,0.03598319446050437,0.000764879368820597,0.01629874319409823,-0.004759745338360605,-0.034989138279770446,-0.19847171793450658,0.12978674966239256,-0.09643940447490486,0.08022964780902458,-0.2142519240301307,-0.0752396101848635,-0.34017656920960687,-0.1553790196014992,0.0337985433995106,-0.02504293658054067,-0.054816689157215784,0.36256335318901123,0.05722129893166844,-0.03329525738221524,0.051613249698056085,-0.121111590235948,-0.1537630250572059,0.06009815487578815,0.1460968929908882,0.044757352542561676,-0.13161073263157852,0.0982688757442635,0.12252843818076682,0.028349176146873847,-1.910394265232975,8.10389617491852
4,9.66655463715238,1.90667554145893,1.05509878569497,8.75343846798622,9.0668287037037,4.30446561914667,2.65971888086437,1.19594188524651,2.4215673987453,2.56263365698992,2.21884898076282,-9.02875674418789,0.553859642438079,-0.44792599261338,-5.87855469223765,-5.24391672048787,-1.13199410062577,0.827271161474613,1.51709230873841,-0.281147854273269,-0.0690407265235086,-1.67110129457903,-1.59612659626121,0.224370128234537,-4.62217673190082,-1.91826365355553,-0.296787852722428,-3.00294902058681,-5.4078624221155,-2.54059163395369,2.81013893408879,2.29218375847444,-1.40172291858008,-1.57032504768643,-3.13283066423136,-0.844724637129209,-2.15761591638402,-7.24737289651083,-1.53792637199985,2.58246941165933,-2.25382266508596,0.324954424459422,-2.40165443382998,1.79428781012487,-2.08918288514494,1.41662687770695,12.4616910665458,-0.12983257192201755,-0.5496229676430493,0.3707797767952782,-0.2836594198065629,2.2239133931039903,-0.6672678947257679,0.044090652295357094,-0.12587706218228073,0.08220222659403771,-0.34276951889576746,-0.23506596715264802,0.03248894456630399,-0.03209327065894787,0.3206425337396151,-0.4335210626084495,-0.15833212293874024,0.17751337341808304,-0.13809710644016193,-0.16692316407143223,0.01706785412991996,-0.05303661151723083,0.010876015758718275,0.37040272937203245,-0.06587585777660271,0.13668540649434335,0.0401126785090469,0.007369909306116717,-0.1062145992510033,0.351921319918571,0.15225693436540352,-0.08413549282465016,-0.1911103022471946,-0.2730279308390363,-0.1707734078042433,0.24710365790619312,-0.11649703712134316,-0.39188089487677896,0.5002160207092501,0.3271074957955759,-0.17420445955175073,0.29322174642259163,-0.06253151739567901,0.03737939084555577,-0.4028168658705298,0.10573415878033564,-0.111751929785116,-0.2064925061454073,-3.791666666666667,3.009456546239487
5,9.44284842442981,-0.253049591789966,4.98056697899132,10.8505983352407,4.30446561914667,5.06948327359618,4.87247629472838,2.16424481393022,2.43605772892756,1.93333381999469,0.921728778954647,-7.53509847470825,0.151035647983796,0.0807295068083728,-4.24182229305619,-3.15935508823791,-0.822947431423445,0.435500902914006,1.64768429318306,0.270751982902083,0.0325584318640906,-1.66096257271814,-1.0696823897929,0.0794213813482709,-3.2964580987614,-0.996584836407701,0.136460636401174,0.303908988531018,-1.20169524913298,0.605360635509756,2.05460373260352,1.24505876161293,-0.799678362305739,-2.23588473646602,-2.38743958901134,-1.45625313459561,-2.2158614677988,-3.18643308291054,-0.824268363663344,-1.33233123814373,-1.27664504269021,-0.160151318156981,-0.708697999150812,1.50833502230389,-0.258900446347525,3.41169943990032,2.45824153030366,-0.042373121350086564,0.008948979660936234,-0.4634027260489886,0.10961255649088632,-0.6718491655478226,3.0374807400015036,-0.9095791307140028,-0.11231890216655686,0.08041205877911049,-0.3597478331575963,-0.06747984790748171,0.03011406983900861,-0.183625583627946,-0.0887078470796352,-0.27766430453778795,-6.112587830730057e-05,0.14706155954724784,-0.06836079476199285,0.17404274741538295,-0.2980292188021711,-0.1871323321881665,0.25654938627029056,0.03175823935059994,-0.08187209344971343,-0.006901875021051362,0.242635864811511,0.10564587606127444,-0.08509471345375129,0.004457882472144328,-0.04025946166746273,-0.5629443480137364,-0.1303125911794878,0.26847717034952784,0.09859160272082026,0.0022829161571547127,0.4757696174003664,-0.03780754914286913,0.18671266626421193,0.14106439883772395,0.21690541474543953,-0.17869362562429766,-0.009637253000393121,0.006435358568320352,-0.36296689330864124,0.1227441444587845,-0.3764210385556268,0.08337523049000994,-3.502688172043011,2.2493295164551097
6,8.29321879222445,0.711919579707365,6.37749782895028,14.2943831690065,2.65971888086437,4.87247629472838,8.84019215452011,3.80746830381942,1.39394524231168,0.496408529764135,-0.0968995653912846,-8.33533262482498,-1.65923390806599,-0.415876270976828,-6.3612452345247,-3.84159847349098,-0.59342067442687,-0.169705070827422,2.08743530693221,-0.508156187327231,0.961989666389706,-0.60490208663349,-0.147758634688116,-0.295601748811634,-6.10807933100636,-1.1312306341712,0.881281588105786,2.0811569345531,-0.905052292676999,0.378804793833144,3.40343319661409,1.33450492976514,-0.260531107567344,-3.27115455964565,-2.10146944591434,-0.851075663343897,-4.64878857263907,-4.82279308455316,-2.78861650959426,-4.35995739664442,-0.770137327347235,-1.1213222206569,-0.843314262215024,-1.68999193961555,-2.68116282161701,-2.73310087528715,-0.633872315430748,0.154492291895476,-0.18227392239183882,-0.17376618178785733,-0.14288853638380683,0.045325738831446014,-0.9100955602178252,2.102813963499738,-0.7718953936560315,-0.08943164749480845,0.1321807834209733,-0.009030692036893712,0.03828694170418592,0.0016267522749586702,0.0644318118232275,0.2470364551781113,0.006440692603117441,0.41846337285427593,0.12946573313867885,0.061684579131402545,0.29131609307332085,0.02043528613070116,0.012602914912349956,-0.10767676201504396,-0.24798057462156098,0.33564948475166884,0.038236088879521755,0.05858965139227738,0.20912776471268055,-0.08980255090196745,-0.1335970704632871,-0.29783256256044083,-0.06573419951641972,0.27674699893545696,-0.012911858551773408,0.01474133647579388,-0.11328329641073538,0.41593189777833933,-0.3978026217451329,0.18074528272886964,0.3925834134180761,-0.3247589858317,0.007969335467628515,0.11284739253087775,-0.025081581332326252,0.13237399322280405,0.14076416974873904,0.07271354456600772,-2.9740143369175627,2.9715639240171345
7,3.27042123369414,1.95059535229769,1.4955689371289,2.01751971555462,1.19594188524651,2.16424481393022,3.80746830381942,5.25599761051374,-0.313337138086356,-0.338643144292548,-1.22645910395437,-4.52496448287021,0.711321386312641,1.67911818371246,-3.42063747915398,-1.22675766920584,0.34197040843653,-0.610619178158585,0.998724109909551,0.693792226477687,0.680063229485063,1.20660863416784,1.06334059496064,-1.42659365530744,-4.06961081259461,0.25837380595063,1.31955002414286,3.91713594870122,0.909332671203566,1.54196839977576,2.12080831824907,1.39179369318042,1.59827600229504,0.661488162344025,1.29729896726059,-0.601131226803116,-4.84289610157073,-4.91996354376171,-2.23221911476793,-0.308544508403972,-0.765543088624918,-1.69841874354135,-0.341694073072432,-0.630465121667967,3.47161766780193,0.818264990451215,0.713911034678461,-0.000937705233482571,-0.5187020248469583,-0.11668791915222197,0.16573962565384462,-0.12403051695132676,-0.11258021351421812,-0.7685351608721958,2.444004733885356,-0.2507624154845973,0.1865729441426328,0.31213628828323814,-0.02682444698967433,-0.19423673039051265,-0.04883420846518732,0.2303368101145632,-0.5859331285112467,-0.10343688966159643,0.3543920947270096,-0.1852631191325538,-0.4420518922080335,0.035190261458533025,-0.07474836733536118,-0.03434042111582192,0.4304091385595049,0.12912635795342237,-0.1560759976242125,-0.3188531475426756,-0.3688498597049138,-0.015465533415957551,0.011368986588100476,0.017669112595489058,-0.010323553160609972,-0.27869675142969796,0.005609292879396214,0.5190039594763143,0.14879527065791434,0.21734488153265816,0.10512973064801663,0.020845449691005366,-0.1682714620913894,-0.029466618015525182,0.0912141728615437,0.35157538342460143,0.027818558792857353,-0.2981766668893945,-0.053239595229570585,-0.016946053675227626,-3.297491039426523,2.2904142879648957
8,5.07361175175788,-0.62083072922242,-1.11665660949675,5.1801155444539,2.4215673987453,2.43605772892756,1.39394524231168,-0.313337138086356,42.123321385902,27.3511739972048,16.808805395383,5.12447364058663,0.762833319022146,6.0128163037196,-8.04775207186492,-2.0140866683539,1.70604843743987,2.14128121578701,0.309552004959911,-2.32973385870065,1.44608037144857,3.36520062105843,-0.805623084870398,-1.87802029405968,3.10579776693779,-0.612690982453134,-1.45392586797431,-7.61167202916344,-6.23941038057027,-3.30913605199782,-4.36402313892791,-5.64265619562413,-6.87089656671835,-12.2813540115779,-14.7237086647282,-5.25493557318367,3.84331002281577,5.52331358753296,13.905843950171,-7.66230496072513,0.494859728446587,0.82134205376215,-2.06590275012199,0.155007773083589,-9.77296990336995,1.09394575891104,19.9862263957218,-0.06092564319294949,0.07596235700152634,0.08466998921348647,-0.028961971701181543,0.0813299798019924,0.0813635392528756,-0.08805816650606717,-0.2520887051816243,0.7554473717137105,-0.40244416757631224,-0.2949106240763711,0.004652650404986202,-0.2546340682659674,-0.025451003733820775,0.170594322983161,-0.3547598754694719,-0.1659813246991954,-0.2734924053531037,0.052627470811155715,0.16153797655800056,-0.26420812791794607,0.08974587328067943,-0.11255480719891382,0.021551774796473678,0.10569256799981196,0.3016493743356116,0.058405289591559904,0.09509303859755698,-0.012144182320255808,-0.3146521106194547,0.16375016227108347,0.06561786413349298,-0.016397345683839697,-0.0009505744904457157,0.0562941311324037,0.156356577608418,-0.0922877012053606,-0.03842489330483775,-0.18829386204772386,0.0420889913349517,0.20603894773506565,-0.3848376914713953,0.017188752006436065,0.18960170964208714,0.06691707804820111,0.03592210082704353,-0.08438749078715667,-2.6182795698924735,6.489477743694174
9,3.31673771460992,-2.70985288812195,-5.13775516908421,0.818706192411954,2.56263365698992,1.93333381999469,0.496408529764135,-0.338643144292548,27.3511739972048,26.9771034946237,12.601635539236,-1.74700538906592,0.42033268472369,3.05076803461779,-15.2562362016677,-8.53242416117128,0.878775453063648,0.244206266355984,1.59369418488471,-0.498105562727172,-0.061102429534969,4.43671071489413,-1.68860972371912,-1.63113552592698,-0.89691734407023,-0.965340322571013,0.197298313139908,-2.75707622030217,-4.91660220098177,-3.13532866362823,-1.95980110286779,-2.48918615147972,-4.08562981143683,-7.91216444616745,-8.85786801354774,-2.14222513007401,0.150094810568073,-0.0400551132608746,10.427643343003,-5.45953955765092,3.94045771985377,1.24686852870293,-2.05653593763381,2.52731009906398,-0.392259887423887,5.1914175850446,20.0033694324554,0.0775989202479693,-0.07447643557141341,0.12183565216740572,0.15010600912630942,-0.3422369612734233,-0.3596170782395588,0.13256002786375407,0.18874173742919673,-0.40224932491083315,1.149167542171117,-0.37716580320017595,0.0050716668111093115,0.3765710824020977,-0.17937430597477363,0.3808730168892467,0.37198491294121017,-0.09032093498213471,-0.043072547976221835,-0.10813860381339213,-0.024994680211766988,0.20953647234797212,-0.12359703098281707,0.2601762131170965,0.02706343495585396,-0.34693922231171287,0.08546045696275575,-0.4426432983954518,-0.12698341849009503,-0.2385805821729012,0.010969762541418902,-0.10112372552051044,0.10560575559913768,0.095286775667859,-0.03202718302940235,0.09284405063397744,0.04704880894220481,0.1752575763968006,-0.13438527975409623,-0.16850662072064673,0.027994809799620605,-0.09200112578177305,0.09827882689430736,-0.153643682404308,-0.1338363535305115,-0.04269002333580137,0.08995330825724585,0.08671362150638011,-3.149193548387097,5.192985990220236
10,-5.38188254565899,-2.69620843937319,-1.3390822297676,0.0559258531553893,2.21884898076282,0.921728778954647,-0.0968995653912846,-1.22645910395437,16.808805395383,12.601635539236,15.5764725971034,8.15042457875354,3.0242336478836,4.69348726820248,3.22275082463263,1.43136623338395,-0.117951494211009,0.625439968358588,2.04626884920317,-2.26147515582947,1.33901806887477,3.94465247820452,0.662934994420882,-1.02057047164955,2.2422929952303,-0.443421443358588,0.528410820235153,-0.262654191284427,-3.30611568322225,-4.79561422781344,-2.40520062702393,-1.67909523217379,-3.77237142527499,-4.41145702153311,-5.70992875736274,-0.572063931676775,1.30485573368645,6.21659689604437,3.47341382452225,-1.32774381092122,0.711958804859873,-2.06378904226208,-3.69462539534875,-0.474586049574372,-5.55132547499604,-0.654886315707107,10.5404997822468,-0.07994820368583544,0.16825837152444423,0.02858230511340199,-0.20050422490868422,-0.2400841391926449,-0.06929257756572083,-0.013344303838251878,0.31073609198246005,-0.2979017629361022,-0.3755073103093406,1.455059608673689,-0.0988613464606653,-0.4132290934738466,-0.19058912282359508,-0.37158752283481483,0.025167421886684235,0.2783068268599751,0.022131147346552887,-0.11991641250385457,0.08211122761938633,-0.02157257587136593,0.010344672757833764,-0.5507975884841624,-0.02087414489228242,0.1329127076542622,-0.21129253562482778,0.1316178018727901,-0.08335448891068291,0.29945792491568163,0.6664852379130511,0.26928748942961644,-0.2003695162996245,0.02460460368165237,-0.01739193619964996,-0.09347432537202087,-0.04995841578756226,0.12142603608407063,-0.20435550154915297,0.0310720542426022,0.11194663135133721,-0.29155463690727396,0.243540360477432,0.17308901165508928,-0.06322452887829819,-0.32652072522224646,0.1959159291501987,0.0005176470239257714,-3.384216589861751,3.9454369336112007
11,-9.79485854110094,6.79404457286618,5.60741794177494,1.72931195630433,-9.02875674418789,-7.53509847470825,-8.33533262482498,-4.52496448287021,5.12447364058663,-1.74700538906592,8.15042457875354,264.861074430668,-8.56477995181117,-3.94573579678608,3.91065699846278,7.02352994333036,0.43831607158205,5.46635890244161,-2.07779328282221,-2.1561581855272,5.39757723750979,0.543920683941154,-4.96215239666746,0.113300019350216,4.72354116565818,4.10298218012311,-9.28897789685423,-9.89803738371005,-2.32889687897838,1.37833185832559,3.47710516550842,-9.66492197436544,-2.91582313789972,1.9458437505517,-1.54154408805561,0.388680173617176,1.65099835833776,2.3144512381265,10.2731248555504,13.1925508336015,15.1654483750028,7.17151481877905,9.06197773347861,-11.2174169549348,-5.71567856950733,5.71599795402176,-8.87410265277683,0.03783975707740165,-0.05804299263436668,-0.04400512652425329,-0.0033482137993699466,0.03327575240549342,0.030228048130231718,0.037995549136961425,-0.026177648240384873,0.005076687579348035,0.005089914525269849,-0.09861000837152153,0.0925043511422578,-0.0071635689247397435,0.09006390771136302,0.018311605979498245,-0.022865438457844955,-0.0386679802726392,-0.0026389504737907078,0.009890555250070375,-0.011614241568163404,-0.024165185679917527,-0.015085454655498928,0.09858814406115878,0.009781206434997974,-0.033606947001644044,-0.035546081731856666,0.09175201762086438,0.016967190924498853,0.014205689147983558,-0.013703550926396371,-0.11068518158713013,0.004093256825712543,0.003724086926610251,0.010130634669193787,0.022597735018207183,-0.022156122382991146,0.016235419483196893,0.007743361024982023,0.0063792840179034025,-0.03042095434512585,-0.019880924020805435,0.02656740538728464,-0.09660160218521117,0.11018716906943958,0.006946978609528343,-0.06767028928356919,0.0077837080183418205,-2.5209293394777266,16.27424574076072
12,-5.71346530108005,-0.932236855314429,-3.74373376506185,-7.59294036282898,0.553859642438079,0.151035647983796,-1.65923390806599,0.711321386312641,0.762833319022146,0.42033268472369,3.0242336478836,-8.56477995181117,7.27209794760198,2.80349057366731,5.66684922377551,2.47184639163101,0.0523144350173426,-0.333766351492519,0.40715339045436,-0.830651497700404,-0.770639091769262,2.02840065467182,1.4054608917362,-1.00024602928118,1.18054416968378,-0.325169586634811,1.54017262401548,2.45446189190498,0.576465742926953,-1.53497377447737,-0.342361754573293,-2.58806718374478,-2.13025047614563,-0.204581921502969,-0.237599790665426,0.668679579950445,1.13749953798019,1.85652354167769,-1.03204884956356,4.22789606368612,-2.22761401977835,-2.967840730367,-2.37354147371295,1.42430225260575,-1.91792395575957,1.22902521696231,-5.36526767819591,-0.10255676783287895,0.25205019781186816,0.14699041014757627,0.3421403071512991,-0.03249005282021718,-0.18476611072551716,0.0005481387366643341,-0.1923146560271996,-0.2570939133746588,0.3787262301421979,-0.41439079784203664,-0.006254383454434914,1.667534516683325,0.021827213307908155,-0.1635734966361419,0.47272714795798915,0.12360989955756548,0.0487876516180518,-0.029642948282321523,-0.13358005129023165,0.35803507142156793,-0.004129536485963681,-0.16192794839145017,-0.14803193117602745,-0.014944506949256453,0.028942119112026515,-0.1013574045380908,-0.3240087778282924,-0.4824833185077106,-0.056571779805584595,-0.17478246673407394,0.13048994534234518,0.004934831919751524,0.1921254469051064,-0.035268203205096306,-0.018915395776405587,-0.11814847160024355,0.18186387572565238,-0.12971833647169337,-0.3664338190489468,0.32607032250887225,0.23820469475798306,0.18552442999444116,-0.41271022272852825,0.2874445198245246,-0.028182738107251245,0.06497587001023024,-5.296889400921659,2.694827999632255
13,-5.08436420224945,0.252941663845683,-1.15003549367733,-3.49552552397264,-0.44792599261338,0.0807295068083728,-0.415876270976828,1.67911818371246,6.0128163037196,3.05076803461779,4.69348726820248,-3.94573579678608,2.80349057366731,9.41115530441567,8.02302738903311,6.34798051132132,0.447505556980514,0.115147139722769,0.229234006294394,-1.4324516850353,0.620034721583201,9.67595255273538,0.964675549482115,-0.67135935846195,1.78654804517809,1.34264539020738,-0.250659617633925,1.59700203412319,1.19052118690619,0.63824779676718,0.144919686775839,-1.36947950285854,-1.12305548234594,-1.78556981737782,-1.10173516219938,-0.0381352500208568,-1.16828303473449,2.15603182252047,3.12567017378828,1.0255758635726,-0.766274078562106,-1.50935319394703,-0.845983160280144,0.80709499497915,-1.27949684652913,-0.18068730962693,0.161824396939371,-0.04167480521841317,-0.04105042452871522,-0.002720847566796851,0.05872563167162237,0.3283516440320316,-0.08713954416606585,0.0726781575592676,-0.04749883981493553,-0.027611358521278124,-0.17863305878231633,-0.19241296278244646,0.08981894425695347,0.024317829342179315,1.5715653736973019,-0.29410098688191005,-0.42745911271252024,-0.22418700636055305,0.01952153756999636,-0.14304613407374067,0.25981712802711737,-0.1191519013938953,-0.18763613915436925,0.37151005550021793,0.31330727145157594,-0.08600029119787367,-0.48861012943366056,0.7261605437085709,-0.11023078893686622,-0.12579344812504842,-0.07996666519337241,-0.43381073828897204,-0.06953350937017348,0.28329561314983853,0.35282448049956827,0.009615409934305636,0.161231896996694,0.3914712278837736,0.20650580438870902,-0.10442157876176351,-0.24257160299957697,0.01654911302511106,0.1942981508714501,0.14216760797511419,-0.025199737241868612,-0.13903897749700247,0.020362553529762364,-0.08437112641883465,-4.340322580645162,3.06613034693825
14,-21.510291451721,0.706282713791092,2.99528295787582,-14.9104723305829,-5.87855469223765,-4.24182229305619,-6.3612452345247,-3.42063747915398,-8.04775207186492,-15.2562362016677,3.22275082463263,3.91065699846278,5.66684922377551,8.02302738903311,43.8174641932639,25.9216494077531,-0.485144290747027,0.272833402187992,-1.13721804251266,-4.20000103815678,0.121483320412621,6.08935679892467,1.63687429512665,1.42452688156576,17.3241986303458,2.52726175168499,1.00335884730353,4.18275219322714,9.56244978653065,1.35739876646088,-5.44850463215588,-5.41757196186473,-0.528557228926376,5.26993549034124,2.69160729082311,-0.570503225745354,11.6652710963214,24.9696299985691,-4.34126277876731,1.17240474903454,-7.91155616938967,-7.08722704450269,-1.58431939037242,-4.97904261882628,-10.285174892834,-9.26685428691886,-25.1686271636471,0.19685582002190388,-0.026036214806837866,-0.3811435265992892,0.17351155894386353,-0.43088412222273964,-0.27824036043347034,0.24760936497626188,0.23401523974893348,0.16988038348321438,0.38135751918478356,-0.3671694935877075,0.01821743306868946,-0.16249124155261724,-0.2941041011240056,1.6433602370641283,-0.9081075424667365,0.5106641431694218,-0.025518434467835985,0.08248791402874518,0.06162373131904238,-0.03512984956316037,-0.2297106642662791,0.1519184395129413,-0.28026514594485286,-0.07956617871788228,0.01649939779221955,-0.10131477501284238,-0.11778805623431884,-0.13123244095216471,-0.028479204739003068,0.2740184407668462,0.23830499856824172,-0.012137444354259754,-0.2935993657535223,-0.23800724342796276,0.3187755339382299,-0.0068905562925100205,-0.35896738644390236,-0.04100827013561838,-0.03448069065642662,0.2852082312466856,0.054021978350390965,-0.3406941462409829,0.07911778598696256,0.3401827571483201,0.03628425761512695,0.0037279879413260214,-4.519956477214542,6.618720736914645
15,-14.8002026069196,1.05627309271581,-0.616222243846756,-11.0533334490562,-5.24391672048787,-3.15935508823791,-3.84159847349098,-1.22675766920584,-2.0140866683539,-8.53242416117128,1.43136623338395,7.02352994333036,2.47184639163101,6.34798051132132,25.9216494077531,20.3807469786003,1.17885578516446,0.640185725512467,-0.202266533264449,-1.64676350577605,-0.630789132492459,3.83708931850975,2.03571327964052,1.69109466159166,11.9516307649492,2.77270161731975,-1.09513887446697,-0.341158124133156,5.89102959057099,1.85109435948215,-2.02978526185728,-2.19396557105892,0.495550251407836,2.87773263646281,2.05125612410253,0.290366019729558,8.3120229852884,14.2358032341257,-1.07156827211444,0.476653167784515,-4.47397707317305,-1.98158132287023,-0.0542020965780339,-1.7427908631719,-4.29275829495331,-7.83339963417764,-30.0808714559427,0.2097979273066067,0.017883613579932647,0.0416385697822771,-0.03430617980938582,-0.1595094388652734,-0.0007073770332023531,0.0055781962980841985,-0.5846130123429679,-0.3546217237064977,0.36972506507972724,0.02449598839759065,-0.023652013235225033,0.4738414679105037,-0.4328176780076242,-0.9063329724402217,2.082527431355899,-0.8240621017889068,-0.13662528055048334,0.07521319635706027,-0.20208149450415672,0.3935469816960677,-0.033064007087816295,-0.07788430895231667,0.0023991690570542533,-0.16950170205974877,-0.12389580112959739,0.015284725133377246,0.03203874610246974,0.1949334252839657,0.12174529814274088,-0.09475125217383817,-0.019337508999212098,-0.04571937278630606,-0.18695179839858928,0.01605514100949422,-0.247797937144763,-0.08291564200965126,-0.1374721024540413,-0.010075402308342769,0.13077843173883288,0.021921243319314897,-0.2812916758380557,0.007806888959173571,-0.11910101263230369,-0.014821668602416379,-0.05461327781259313,0.22794369863950714,-4.374321556579621,4.513396390591046
41,1.29221666533276,1.1117158565012,-0.664273608740981,-2.25239217221854,-1.13199410062577,-0.822947431423445,-0.59342067442687,0.34197040843653,1.70604843743987,0.878775453063648,-0.117951494211009,0.43831607158205,0.0523144350173426,0.447505556980514,-0.485144290747027,1.17885578516446,1.2976995556287,0.0854886553922035,-0.657772446084454,-0.0695375372724384,-0.386093487743353,-0.215884072372134,0.465264985348003,-0.380251474282084,0.874669573562031,0.613611895756985,-0.0215190041645653,-0.216868164612197,0.0216683485990209,-0.574276661054963,-0.627906289885131,-1.48123970465747,-0.461140375457818,-0.930946362762267,-0.50125163296411,0.644866524899116,0.543872871065613,0.437399432769366,0.349816083543959,-1.03056271028201,-0.362059050528746,-0.0407302330325473,0.167456452413752,-0.279001028536064,-0.529990626442404,-1.23536479085491,-3.48690871815365,-0.26178204514435904,0.2515572497469076,0.02486429938756427,0.05129018266886083,0.18146014854167553,0.151638431339282,0.41844107690015125,-0.10630993408935147,-0.16195400216031533,-0.09426458878778185,0.27026042074901463,-0.03724899160095213,0.11686755719256017,-0.2170519545457692,0.5110394748010127,-0.8354929875799759,3.552553765976926,0.015280430547765893,0.25009265544024967,-0.16337612309759458,0.06410564854227101,0.1275826069356892,-0.36035193096845125,0.38919992230772266,-0.20262378274710663,-0.05136908391560247,-0.22781592551962376,-0.265983765840506,0.04958003868805401,0.49525862298357193,-0.3592383084758438,0.25471819939481183,-0.1999740394921722,0.1046990394380845,-0.00861846530551072,-0.18870678817684627,0.02409346161625032,0.011832801196986957,0.14704451176827907,0.1266208197552211,0.20791110692715006,0.004717993695795633,-0.047082943174008546,-0.17452980748044647,0.013002949873434625,0.1789075926255793,-0.023754927600684303,-2.559331797235023,1.1347685031003913
42,3.1658418930146,1.38972567100057,1.70778731411049,0.135774463044874,0.827271161474613,0.435500902914006,-0.169705070827422,-0.610619178158585,2.14128121578701,0.244206266355984,0.625439968358588,5.46635890244161,-0.333766351492519,0.115147139722769,0.272833402187992,0.640185725512467,0.0854886553922035,2.16221027479092,-0.093781475731472,-1.04918662157586,-0.156129302227193,-1.32924694816116,0.561042302221734,0.579664666236981,1.52235483235739,0.53012647199902,-0.640554218606365,-1.85424676993755,-0.0498496775708407,0.772725987993941,0.609505265075205,1.1424430897232,0.242502084610343,0.760397169090766,0.570202259374311,0.930621142913343,0.165991425621249,0.31647615401824,0.239763371523168,0.445480183119349,-0.511328750180611,0.901440213709427,0.0236022573731357,0.352250267769431,0.141853381662306,1.54477864644532,2.00359793096726,0.06531735526542992,-0.1895292074596434,-0.5232020802255354,0.157082730999457,-0.13738166747593905,-0.07167751143201298,0.13315960807022761,0.36153241833366556,-0.2730151730971437,-0.03975958370087876,0.018202030887136025,-0.0023008614360910656,0.04811556080472316,0.01886584029055852,-0.027258374200302273,-0.145089995579797,0.014197236097614375,2.7069170515777152,-0.21658274834927943,0.36691614670514305,0.3611657749665407,0.05761799033300552,-0.5016360381267544,-0.11462721770360824,-0.18991402926623682,-0.04220608181361464,0.03272322566252199,0.16584954151686618,-0.059407483671427716,-0.2961242695637448,-0.10762395695388999,-0.15889839707262318,0.16379133936874068,0.02026783450826685,-0.02852512649908889,-0.4490858162647696,-0.09526394622816588,0.40790827087965414,0.2488812523008391,-0.006719551695963549,-0.02906522915337079,-0.3402724903045348,0.012485283217357356,0.3930624726939636,0.19390783277977755,-0.3889456222927988,-0.027650780569614803,-1.618279569892473,1.4670413337022647
43,0.10843283373146,-0.695919588332044,1.23101216427681,2.21606432240663,1.51709230873841,1.64768429318306,2.08743530693221,0.998724109909551,0.309552004959911,1.59369418488471,2.04626884920317,-2.07779328282221,0.40715339045436,0.229234006294394,-1.13721804251266,-0.202266533264449,-0.657772446084454,-0.093781475731472,15.3556989247312,7.62682437815256,0.935157964950564,-3.33676900919478,-0.168268467924655,0.466902427861858,-0.37423107658072,-1.38841751358387,-3.28664860397814,-1.33625819890813,-0.577265947991602,0.40171747764633,0.756124162820034,-0.862546669663577,-1.97304991940412,-1.50040831312683,-0.128361967246218,1.40218828710128,0.159878071768078,-0.311806659770753,-3.25926195800482,-3.5782136485603,-1.87169407018057,-0.383231589144579,0.451400040864347,0.254761026355524,-1.9183612976757,-6.67745629838054,-5.62487808327551,0.05514618390542048,0.1976038134598758,-0.1439934669009325,0.03644035871159888,-0.1665175260155413,0.17458373517803166,0.061815022876630696,-0.18604999923034446,0.053390806596485006,-0.1087142966929538,-0.12016875299898302,0.00988325040451759,-0.029801640499463183,-0.14317867518683322,0.08197442378894364,0.07641598587040142,0.2500524001102666,-0.21618517553983232,0.6417787081889571,-0.3926017343915121,-0.019008036803970476,0.030581183422479993,0.16143899758181104,0.1213555032654554,0.17666292572341455,-0.13141505548325733,0.21981257708475255,0.18054436118976921,0.01298282760542184,-0.17249360524372367,-0.08571570463450533,0.15687447669367077,-0.1892316252423633,-0.11860617366176471,0.025392015600659835,-0.1740855877005281,0.021320826110987515,-0.1467268048496405,0.15370337516126567,0.08475023933706406,0.0734557732021929,0.057813936873209355,0.09763901033008127,0.03424990696578163,0.10455990249103163,0.024041931992502392,0.0562040837741541,-1.435483870967742,3.9173586668482616
44,3.23702140453253,0.299873041921107,1.2342552502033,1.35271913294778,-0.281147854273269,0.270751982902083,-0.508156187327231,0.693792226477687,-2.32973385870065,-0.498105562727172,-2.26147515582947,-2.1561581855272,-0.830651497700404,-1.4324516850353,-4.20000103815678,-1.64676350577605,-0.0695375372724384,-1.04918662157586,7.62682437815256,11.4066397849462,-0.208798655924349,-3.23220566935823,-0.621495676511262,0.548067269398301,0.118387837505013,-1.37831405428332,-4.0979661649474,-3.69264308047249,-1.41958791871381,-0.28023958614283,-3.90379896544636,-0.232442785441872,-3.91569412825061,-3.92847479794563,-2.42292436022345,0.884818375764234,-1.67101685966873,-4.62241584451613,0.495062127691589,-0.638721620020424,0.428385577190418,2.48896225228419,3.77476967677651,1.95059473583009,-1.59138394029721,-5.53005311363311,-4.06043953148428,-0.054718015000253376,0.2022449143304453,-0.10813577982252578,0.004438423784283244,0.018193200406571415,-0.29663101430289684,0.295652502380416,-0.4464568514268952,0.15968878502458161,-0.024923227213659437,0.08159992056576487,-0.01184700888352569,-0.1287152242342352,0.2566020239661044,0.0658315630817083,-0.20082066230300175,-0.16665046611534554,0.3716771901428866,-0.3947978039235218,1.3165678153697056,-0.03414206249536363,0.016713914087258353,-0.27122819737233567,-0.002175051265249304,-0.34833935264163207,0.4754112162598601,0.31470967775463105,-0.061372500323186176,0.05536334681351063,-0.054922195494508046,0.2675101881410933,-0.09042859346290176,0.46083701320891934,-0.08066815694585298,-0.10260080783316347,0.11612109135132936,0.014076473462740234,0.27345166858604697,-0.29000340753822546,0.11415356365418931,-0.16039039213202938,0.019638611127026275,-0.19693627329433708,-0.18812250071958558,-0.1432210251262186,0.2810860364714985,-0.07221872499330648,-3.4274193548387095,3.375890961649419
45,-3.40758490074507,1.3632068311403,-1.06365667757825,-1.20920735720989,-0.0690407265235086,0.0325584318640906,0.961989666389706,0.680063229485063,1.44608037144857,-0.061102429534969,1.33901806887477,5.39757723750979,-0.770639091769262,0.620034721583201,0.121483320412621,-0.630789132492459,-0.386093487743353,-0.156129302227193,0.935157964950564,-0.208798655924349,6.11913978494624,-0.0105367585248385,1.3819827300654,0.244499271989425,0.23273952478347,0.824762338467824,0.0959205767743501,4.21135841283055,1.29637806067405,2.44742082742118,2.17120041915977,4.46838788393532,3.11833628494713,3.84767556054831,5.2214742016635,1.17870974883828,-1.5197655509886,-1.50181545836624,0.438676071823295,-4.34969580736303,-1.55612587254331,-2.58395324037881,-1.72467973566616,-2.89593271353363,1.52931175787878,-1.76116525557937,2.85018798427299,0.101203619121189,-0.09278809947097671,-0.03625859117641805,0.016592448569956137,-0.05602215118497007,-0.19115081783155807,0.02323554145990091,0.03496329015063333,-0.26220754775326344,0.21031816907253245,-0.021489511923870552,-0.02397259871007383,0.35381415447036163,-0.11800112100247337,-0.03994170089829172,0.4008809712886777,0.06280075877120804,0.36196604890997885,-0.02146840794070723,-0.03390000976874435,1.0718056726322878,-0.07996362441363344,-0.14993668296684678,0.017241977401232643,-0.24163820447173925,0.028274487180067174,0.3271460785447634,-0.25175138127839847,0.30715218797967997,-0.10925615422041388,0.18974610089103627,0.04726935109163563,-0.21571281163152725,0.01177619245974133,-0.3575539507173981,-0.021309229411857276,0.06420247778591703,0.06526712408857469,0.05175595140288605,0.001515719122121832,0.0658990585345133,0.06042664113645173,0.20521468884575433,-0.004188117046775572,0.24289341762679165,-0.131369420797093,0.07734577913410806,-3.6774193548387095,2.4716674098563978
