,Cov_0,Cov_1,Cov_2,Cov_3,Cov_6,Cov_31,Cov_32,Cov_33,Cov_35,Cov_36,Cov_43,Cov_44,Cov_45,Cov_46,Cov_48,Cov_49,Cov_50,Cov_51,Cov_52,Cov_53,Cov_55,Cov_58,Cov_59,Cov_61,Cov_62,Cov_63,Cov_64,Cov_65,Cov_66,Cov_67,Cov_68,Cov_69,Cov_70,Cov_71,C_0,C_1,C_2,C_3,C_6,C_31,C_32,C_33,C_35,C_36,C_43,C_44,C_45,C_46,C_48,C_49,C_50,C_51,C_52,C_53,C_55,C_58,C_59,C_61,C_62,C_63,C_64,C_65,C_66,C_67,C_68,C_69,C_70,C_71,Mean,Std
0,385.88167574191,414.145047205185,442.688297700609,398.488666823101,354.796486041053,42.0878640511159,-4.634103442607,-3.04524503994761,0.113061441092267,1.7495843699753,7.05943867563502,-0.853138813318843,-9.78155651950602,-8.34024679787897,5.17067219009259,1.89398385795522,0.272384534016537,-0.86275203372231,-3.62701577137112,-7.8129537830753,-1.91915172050833,4.41114202916083,8.63851434344865,10.0613172995816,10.7147448814685,16.7544282284309,81.6152738683324,57.8657583140688,22.5050825137571,-13.2992143411615,-17.512076429076,0.960334619167602,12.8944335906527,32.5509608932467,1.0846119389252558,-1.6890474485140254,0.5053941104547144,0.11237942666027952,0.02315544275785129,0.20886432285177112,-0.28408130226236955,0.08228514168365085,-0.012913494612267895,-0.023927344469633332,0.05422137605745391,0.02696496923287206,-0.060516696945459705,0.030036431915419933,0.038313342190940514,-0.00014607051080020732,-0.031617670049006626,0.04489690268031365,-0.005536179556386794,-0.004158982715360364,0.0015636865965384067,0.03488158959406859,0.043346666996055334,0.00519777263443652,-0.024751463621663687,-0.0177872335105189,0.018026553838743974,-0.06555352852365345,-0.004212592356862797,0.0036848402316546672,-0.0030523177409406453,0.01838967155225813,-0.001687979249906263,-0.025232689123913885,4.987794612794613,19.643616666538517
1,414.145047205185,459.852364074147,505.76562183236,463.179148889327,420.99522845531,50.0114656936072,-6.0298523035849,-3.54583034679348,-0.694609218313001,1.2293090187956,7.1166537588366,-0.612892427944315,-9.54420979390575,-9.9625285366764,3.26598071394394,0.448495314813124,-0.767955874457699,-1.08855504614453,-4.43780724473984,-9.40439893690748,-2.75118778493209,4.37070767190605,9.5212035678715,11.3665354792701,12.5395071640978,19.1472959623848,58.2571853291308,43.5049925878355,14.5982751865991,-14.8675313267172,-24.5911421009586,-11.7125639361527,-5.61076871705376,9.07519419394725,-1.7194214426537857,3.4432987936470076,-1.522347894089883,-0.23272894335005173,0.09233089483340329,-0.028566417606684484,0.05105013606226416,-0.02632393205773016,-0.008846737097977786,-0.024646815210086024,-0.07253552539849172,-0.0027148608007692434,0.10922519003679819,-0.058422253798140415,-0.02677188102092616,-0.003635533876550921,0.018481037834010713,0.029322918706798234,0.0046897890009321465,-0.004803412165011109,-0.009473679153306625,-0.051601878333529326,-0.02509982046718038,-0.04354529692784775,0.03777531410934011,0.03702871797480129,-0.03133152990255727,0.007113296421852043,-0.004078136037738836,-0.013127191037819336,0.0086631758634801,-0.006367487814783325,-0.0029847423847097106,0.01599200536450289,5.295888648388648,21.44393536816754
2,442.688297700609,505.76562183236,569.232738796527,528.265997003311,487.611329798431,58.1032956188256,-7.40394788221146,-4.14042852704275,-1.59316713161941,0.617862677633745,7.0695688897132,-0.381300620815371,-9.18282789572709,-11.4799221783317,1.4061783549207,-0.902892284548278,-1.66063945555443,-1.12856280893596,-5.05048384278696,-10.7939150328304,-3.41372331654226,4.46469042959783,10.5032842448272,12.7329142744172,14.430198225818,21.5900229980702,35.1148775937323,29.2475639531837,6.66045666695056,-16.5805420283547,-31.7034767819495,-24.2410257144254,-23.7414144878845,-13.8538354605191,0.5588820789701567,-1.576694109809691,1.7873851657356583,-1.1306360793625152,0.3393690949250563,-0.4853681897674238,0.5381764458017199,-0.1267096364979468,0.020145054703192607,0.02290033955529626,-0.06385067938734233,-0.03091289233209798,0.05052005584243726,-0.049641239322065496,-0.004424610669848838,0.011682369117233082,0.08046131924607436,-0.07907684360851731,0.006007541653290476,0.021861680066783004,0.007432904551955444,-0.009417100985505349,-0.08310428505988159,-0.12862949284580844,0.12814222732779432,0.015546479300245112,-0.026944562815024074,0.11763229916027648,0.016485023483174377,-0.013669130149836728,0.02311953785333063,-0.010816172613315274,-0.021527209706698337,0.015877712288136524,5.548427128427128,23.85838927498096
3,398.488666823101,463.179148889327,528.265997003311,517.442265615452,506.527971549207,41.85678503108,-4.32368054407193,-0.228205087626129,-0.210282565914092,-0.713782525857145,2.87449041557129,-3.33678220984686,-10.8765730023286,-13.31107891007,0.632370437523737,-0.0333259328686848,0.634826790011635,1.40494294875301,-1.97026401404293,-7.0726455673204,-2.23292802662161,3.07577707284168,6.91950003190342,7.73889003904177,9.77091316377904,16.6066447090968,20.5914066429151,21.6792900837483,3.1278004918778,-16.0817015423916,-34.0145631869674,-31.8108696436607,-35.516328415953,-29.4872441356335,0.11564269360687365,-0.24259222763065907,-1.1242067362030663,2.429625905358008,-1.16331335371107,0.08065918035606685,-0.05662644745340126,0.07943185337630342,0.014939298844633077,0.05217476192501109,0.0017220872581325693,-0.002129327881570244,-0.05153325042510815,0.1097152445619464,-0.10562126361389162,-0.019520586514245267,-0.060511357094381796,-0.03886408473460275,-0.010299806134383957,0.0421940854883996,0.01521830444482315,-0.002339719444895113,0.0625980523258941,0.42059807006624256,-0.30078239921130007,-0.07810943522178079,-0.03377429141639201,0.013528152648223884,0.007969420465320969,-0.007936183897602098,-0.025737381943123888,-0.020733760653015375,0.04506989810757888,-0.008165041477701543,4.730727513227513,22.7471375257515
6,354.796486041053,420.99522845531,487.611329798431,506.527971549207,526.087255852831,26.0139818203385,-1.07211220799177,3.66505632440072,1.02024537660857,-2.3024612902144,-1.74237172102604,-6.65201620693974,-12.8258683113994,-15.2738767155582,-0.0613380747183714,0.98260894419913,3.09327132531832,4.04360741378394,1.67201817618179,-2.36026237321644,0.346592649099095,3.4923672143812,5.52898226331503,5.33481270996383,6.9209827736196,12.4235790356584,7.56904761245805,15.3994161327438,0.645639108529377,-14.7041672098351,-34.9801574931847,-38.0867707318126,-45.838212041802,-43.4490078657279,0.015552642219013322,0.093257258886448,0.34193956438305284,-1.1581576027970888,0.7364981775943845,0.20515865144053014,-0.23819705207064418,-0.007286883915306564,-0.020056356553149364,-0.024956988426634328,0.07091319010125127,0.01597725514251812,-0.02839569476395413,-0.0257545314678768,0.08279547461359427,0.013565579104435134,-0.0054874217732588295,0.04409697689126413,-0.014786652287480526,-0.035097094406619726,-0.008268219839942336,0.021021368526580732,-0.0010244050931292796,-0.24364051505933915,0.15544187026551964,0.04053178120060682,0.09421317076109118,-0.12280397419773975,-0.02300222669714127,0.04779492845995891,-0.0013973281262153717,0.018348659464403366,0.002362901510269786,-0.01036543764941211,3.7327248677248677,22.936374078149985
31,42.0878640511159,50.0114656936072,58.1032956188256,41.85678503108,26.0139818203385,25.2619647101604,8.24113836278308,7.55804848735967,4.60922516364966,2.56719928666213,2.23204123761456,2.02760251927434,1.57895366669261,1.36309887065127,0.39705272248499,1.46428105643239,2.59116370951328,-0.0427476491023305,-0.503897690159197,-1.65859592795054,-1.49880117341063,-1.14160357358757,-0.579749835116079,-1.18599204138205,-0.690348555086316,-0.167670857789725,-5.74455063636146,-4.62521998841284,-2.9060027770068,-1.33719200180503,-4.39340866680485,-5.00292871433802,-5.1519596835299,-5.32960543216077,0.181813762935348,-0.02983975937656124,-0.47779669974751876,0.07960921232753776,0.2058809240182756,0.8812455362695107,-0.8735560762900082,0.15519988312959435,0.02214754620091411,-0.075524170814749,0.09815949768116007,-0.013651157447510363,-0.1674088098911332,0.05425289022152022,0.18824773714409654,-0.0035298052533928436,-0.17581057040005707,0.03446977185158661,-0.053943097770675845,0.08124769817459955,0.03565247149951993,0.03135820375847914,-0.019784978362647504,-0.12293813083091354,0.06907504618362593,-0.01334105408303928,0.05051849045867354,-0.07959076479978797,-0.00032839768385752456,0.011159403933506099,0.0014328303765817605,0.0071043924505189236,-0.035421849583011665,0.0036869321802545547,-1.7393518518518518,5.025133302725446
32,-4.634103442607,-6.0298523035849,-7.40394788221146,-4.32368054407193,-1.07211220799177,8.24113836278308,11.3246172573436,11.8496759852833,6.97022001750857,2.67113629572396,-0.0039385431208558,0.0171307283959423,-0.209704355769702,0.890866106555997,1.21113329521326,2.75872109965823,4.2335186828631,0.858094178071516,1.06724135645288,0.904585690157863,-0.885834999448803,-2.50372888766756,-3.6303116882324,-5.11104032541228,-4.42102997069002,-4.06239020271366,-4.64078927419256,-3.43145294465372,-1.88307951509575,-0.5419163916731,-4.52910445457788,-6.19830024300187,-6.91027782043511,-7.50331814527765,-0.3002941570530785,0.05036004116968351,0.5230970120414586,-0.04977461236717601,-0.23689412719058675,-0.8675548256045332,2.1299481495942802,-0.8528241900729533,-0.21980675142715153,0.3453436694380849,-0.21393921970104446,-0.014883197792316057,0.01713883842197219,-0.010649810778998436,-0.16629323130898552,0.06540042576065375,-0.2202060971060788,0.23496288459607365,-0.01816053378648848,-0.17988645945484644,-0.025109830469579108,-0.06885366003449822,-0.06838285426255755,0.3329877340642691,-0.3000018882392151,0.23107976827934734,-0.030672279701989276,-0.01207054952004292,0.051774238405686325,0.04426856002632546,-0.052608177746456555,-0.024674708380690368,0.07518358195289321,0.018644179910831202,-2.1902777777777778,3.363720746040544
33,-3.04524503994761,-3.54583034679348,-4.14042852704275,-0.228205087626129,3.66505632440072,7.55804848735967,11.8496759852833,15.414214559387,9.8683520261613,5.01766202572644,0.28046701624626,-0.245747917651893,-1.16241157240095,0.0523566848546087,0.651951848921875,1.63365673503367,2.59535959591585,-2.14724372561997,-2.7431712967695,-3.49959477119014,-4.08934020681705,-4.68184175835662,-4.67365765897206,-4.56213278971536,-2.97551788291276,-0.875057672499261,-9.07321801984221,-6.68234433088403,-4.01527209604458,-1.65025850222655,-8.42590990415538,-11.7644166203325,-14.2498147025639,-15.5233535177853,0.10948506372590878,-0.013112194995096697,-0.13207589671697662,0.0748114422518245,-0.000383586845582496,0.15576177174726447,-0.8486369838918271,1.4210580673986448,-0.8545956539055648,0.10906328758890017,-0.02563530087721817,0.06390364074947723,0.2877575976515593,-0.13643267279026458,0.07006747113036885,0.008318360987312303,-0.3085346834497022,6.047237274104736e-05,0.007037234719467957,-0.10962806946025216,0.15338952542292664,0.5066751317221859,-0.08733726606990565,-0.23078755054304553,-0.03603254446518424,-0.004866773822068197,-0.07543199229866714,0.13153215214777228,0.01696023713906606,-0.05212189270962394,-0.020355346423784795,0.07107722804804173,-0.029381102205160263,0.003793125836739942,-2.0,3.9248203219239186
35,0.113061441092267,-0.694609218313001,-1.59316713161941,-0.210282565914092,1.02024537660857,4.60922516364966,6.97022001750857,9.8683520261613,8.20106673052363,5.50085903061605,1.16802403460956,0.790140683852275,-0.100649178126712,0.468479349196243,0.340703580081387,0.760478915567157,1.35136521759313,-1.6936472547604,-2.03827148467716,-2.52025986974512,-2.39779155636834,-2.45779066217082,-3.01720238406502,-3.00924803614841,-1.44653821461968,1.65056485365341,-5.8974864032451,-4.28941502161423,-2.45056824000077,-0.964326174965957,-6.08941179898416,-8.09265356138751,-9.34343603608258,-9.95013542231471,-0.004861811655258331,-0.014126859552771006,0.015240706250922243,0.015875386189816224,-0.01964119055075044,0.021786912748373348,-0.22829374804979352,-0.8617829396785075,2.4319615966864148,-1.2523006645125845,0.15042016605809314,0.06053647322639114,-0.04895451234190459,-0.00178913683288022,-0.014266199899369754,-0.019136886301661,-0.05474085333177939,0.1980943319863885,0.21437063921640445,0.3264068496127415,-0.11761693308224815,-0.806703243391872,-0.011805602697172688,0.3402048055327267,0.4450090589488372,-0.3090873555154161,0.009429023275120884,0.0015731673655756029,-0.04408296453332351,-0.01685797931209859,-0.00012153166436330286,0.014313730174951396,0.0065474894712639975,-0.011295021804990153,-2.4961111111111114,2.8620039710880256
36,1.7495843699753,1.2293090187956,0.617862677633745,-0.713782525857145,-2.3024612902144,2.56719928666213,2.67113629572396,5.01766202572644,5.50085903061605,5.89482247765006,2.92536394273642,2.07936267429858,0.562659217851306,0.475781702357317,-0.255142486100818,-0.136229997494069,0.447692794382929,-0.466786761063206,-0.418398833567428,-0.552878736211709,-0.705062492072522,-1.21080942669995,-1.7140265189238,-1.27408867025989,0.399785300859711,3.2038313578462,-5.9482591825166,-4.39724488284821,-2.5694478300835,-1.15590878815276,-5.61620549242857,-6.4211156752764,-6.85816832588195,-7.0354167078326,-0.041330072092414495,-0.02930533791395102,0.030937101059208362,0.046606979248659544,-0.025848586847185873,-0.08284850493586646,0.3545831453263728,0.10345596866109469,-1.252689058804068,1.583221938949007,-0.24078302988123038,-0.26247995481769615,-0.027104202391979717,0.10754674492629637,0.05423097696036565,0.014330522974115094,0.0076121036259487905,-0.0468898963857319,-0.1831027931463217,-0.03305101699533914,-0.21157863552536021,0.24729833390178807,0.6029676610446025,-0.3173326851783444,-0.30635062968580923,0.04990811611327049,0.04948219317029353,-0.00363335879961489,-0.06025541459972184,0.0140246991764923,0.044855076233237014,-0.07113748371497794,0.10744269919392067,-0.07802119061936678,-2.608888888888889,2.4258653049273087
43,7.05943867563502,7.1166537588366,7.0695688897132,2.87449041557129,-1.74237172102604,2.23204123761456,-0.0039385431208558,0.28046701624626,1.16802403460956,2.92536394273642,5.09663761174968,3.64774296972709,1.44455981590709,0.905453984149688,-0.343556420880743,-0.949111706462157,-0.889036125058033,-0.29028365781519,-0.108384019869103,-0.152588785686787,-0.936595892400878,-1.69632394216106,-1.82559079074418,-2.07325505733941,-1.00037121811332,0.429358345745737,-2.35073597190338,-1.87106147544257,-1.1648650574616,-1.00102318246552,-3.91732549245892,-3.72550574085931,-3.25396114753898,-3.04490868505625,0.03577122026881169,-0.060471853274312586,-0.06456878707692548,0.009911298705089501,0.06523234629706838,0.09785377858884832,-0.2042322965698928,-0.023227935044012892,0.1465429144037211,-0.2411121283762359,1.3019799843577948,-0.8940749703388103,0.1345689515884518,0.15100908057373916,-0.14094133009119106,0.07449991331265965,0.300328241609106,0.0554648154951201,-0.03435555044092747,-0.3284010941630948,0.10224987967382389,0.24429026291780312,-0.1902296011865466,0.13183422916587043,0.018292236699838038,-0.1126358185755033,0.02175279264529927,-0.03950467226797191,-0.010734686580384794,-0.07271473661573805,0.08305152352853998,-0.0653876250027176,0.044911387542284596,-0.02666275891668971,-3.143888888888889,2.25535753523686
44,-0.853138813318843,-0.612892427944315,-0.381300620815371,-3.33678220984686,-6.65201620693974,2.02760251927434,0.0171307283959423,-0.245747917651893,0.790140683852275,2.07936267429858,3.64774296972709,4.1571570881226,3.66877422010163,3.25340214066015,0.556804309848027,-0.191314855985237,-0.644720555643226,-0.593120543548086,-0.815062019635893,-1.23318800006432,-1.73351257086928,-2.21251977163576,-2.50748767655243,-2.90014632862373,-2.24031186266178,-1.41804580151749,-4.6078181772399,-3.84794020784043,-2.53116805933793,-1.7530138140511,-3.9594980440498,-3.45087511375277,-2.00107020831451,-1.01523967571767,0.037017005680181146,0.0029145740369474612,-0.021808782290086235,0.0008486532363480076,0.004390823900787503,-0.014055357582580778,-0.03354948541629723,0.053531648985958365,0.05726675967677853,-0.24600156639897092,-0.9164664824700836,2.026295174211437,-0.6142601990699335,-0.2361498328650834,-0.039412621605075804,-0.01667287566850203,0.020329129336358925,0.022491945590418616,0.21283899605526366,-0.15017871310627764,-0.0025547864403580533,0.017530998494306,-0.0487296736917394,0.046690480697740205,0.017478596412790422,0.05630495623063172,0.10803922430778405,-0.018254838145764292,-0.3134818462658084,0.31269605411311424,-0.15445843478547042,0.17658891632737903,-0.08755464318259448,0.030853799163211692,-3.4066666666666667,2.0364569939290655
45,-9.78155651950602,-9.54420979390575,-9.18282789572709,-10.8765730023286,-12.8258683113994,1.57895366669261,-0.209704355769702,-1.16241157240095,-0.100649178126712,0.562659217851306,1.44455981590709,3.66877422010163,5.97628352490421,5.64942558195327,1.49013365199646,0.765134293306386,-0.0691550527006122,-0.416590437947225,-0.957218974741895,-1.67830119410648,-1.76177367410229,-1.83765396950758,-2.20407269557166,-2.66350868101001,-2.4132559460713,-2.43023016009732,-7.03628320804654,-5.98242811579803,-3.92788394369046,-2.05196551897888,-6.48400483499779,-5.46823558218551,-2.92149946748551,-1.13150448485279,-0.032516018728832384,0.11108550862893694,0.021616409009701954,-0.04112151984473099,-0.01621408169763875,-0.14180284312235167,0.019362555464455228,0.28788848908189146,-0.06790311758424725,-0.029994733824883796,0.1346175368239536,-0.6178610575195668,1.5562714196724428,-0.6913392746496094,-0.0008409583106125607,0.05959427579614323,-0.06319987522129188,-0.092997276223854,-0.1226171863841291,0.30319525414144016,0.0214527244360004,-0.11777994078779537,-0.002737842445816915,0.050396983980213333,-0.06736909093290205,0.044823812239754186,-0.0618754470006952,0.06971015507962912,0.16524640183136527,-0.14491742217219905,-0.045152531423651145,0.26644093215984543,-0.21456138765678007,0.04757671059817445,-3.466666666666667,2.442597700175822
46,-8.34024679787897,-9.9625285366764,-11.4799221783317,-13.31107891007,-15.2738767155582,1.36309887065127,0.890866106555997,0.0523566848546087,0.468479349196243,0.475781702357317,0.905453984149688,3.25340214066015,5.64942558195327,7.27937931034483,3.71082714355617,3.07426919131814,2.114609765491,1.19408621476453,0.9712492081811,0.788323958090819,0.296894534021576,-0.16229137170865,-0.830439842091289,-1.571003436853,-1.44456225747984,-1.33028738262991,1.30641094820565,-0.961988195833826,-1.80580779100763,-2.78017086575749,-5.02857195004896,-0.860506207743247,3.70064082363449,7.72860706535489,0.015110510955315886,-0.060698170388330884,-0.045631590911646765,0.10003886759142175,-0.027238324022052993,0.03917466481101656,-0.01016488513620084,-0.11232839268403379,0.0008678205917946597,0.11253227163477539,0.15726088362846788,-0.23309878388886732,-0.6943549924572641,1.0412502504588654,-0.13698434865420267,-0.10244996394212108,0.07365454818801485,-0.01620005250030037,-0.02008494435655681,-0.05906666957885473,0.01099956479791211,0.03045674580743009,0.014996032343273421,0.023567031219516234,0.01326079259562114,-0.06903997245471967,-0.0699329070033256,0.07695926573643136,0.02167624101939756,-0.05455713266785633,0.08232512419941257,-0.19711138180721696,0.19199633002762945,-0.0839776751880013,-2.99,2.6961786495603053
48,5.17067219009259,3.26598071394394,1.4061783549207,0.632370437523737,-0.0613380747183714,0.39705272248499,1.21113329521326,0.651951848921875,0.340703580081387,-0.255142486100818,-0.343556420880743,0.556804309848027,1.49013365199646,3.71082714355617,6.69050574712644,6.04419251867614,4.77189864682573,3.14129521367612,3.57364795948391,4.3280222389717,3.68371327359244,3.0921291253542,2.44073524025701,1.74551427949899,0.989760857846892,0.417126633023887,11.7412794925696,6.50721934180082,1.79585771412932,-2.9740004815788,-1.88906403570928,6.02855794393691,12.7275663672681,19.1801075577041,0.04336762739221589,-0.019951845940792905,-0.002219664521519237,-0.12145756749395094,0.09604625441761173,0.18190360316844628,-0.16274072714225266,0.0646611782890219,-0.0030843691786991757,0.05142214785248492,-0.1371517865254154,-0.04379151732556076,-0.0004836527066741444,-0.1390739988663386,1.4018023715118595,-0.9361891628175217,-0.18604611874573682,0.20224718936104,0.147519440684273,6.643440860312167e-05,0.00984983467098038,-0.02327352074177766,-0.048461379547408284,-0.0501101319688925,-0.04330070301490525,0.027656306907211332,-0.011704155174157663,0.047925617330748814,-0.003540643374703234,-0.027099695095021522,0.08625094200737782,-0.05166357503157799,-0.005990857578427968,-0.05827322567051643,-2.746666666666667,2.5846674345312666
49,1.89398385795522,0.448495314813124,-0.902892284548278,-0.0333259328686848,0.98260894419913,1.46428105643239,2.75872109965823,1.63365673503367,0.760478915567157,-0.136229997494069,-0.949111706462157,-0.191314855985237,0.765134293306386,3.07426919131814,6.04419251867614,7.65568358876117,8.2316776079762,7.9310496382673,9.36825310847662,11.0667755907842,8.46907046340903,5.88305603776189,3.45308339152379,1.12182073998226,0.459506946141799,0.069128491078288,8.15601097696997,4.67876468430105,1.62341270792795,-1.39018945149245,-2.28313564502085,4.17713569993225,9.73580459901659,13.9985708925449,-0.04450609411407188,-0.004512145234531565,0.04181179943183376,-0.006395598538881759,0.008959950629079528,-0.0030475857071440454,0.07081048508183127,0.00786974194614099,-0.02683898898760274,0.02508907890228744,0.08134705938172758,-0.030181497678330543,0.06169248627384217,-0.10254306367264505,-0.9497017596281709,2.175130539424507,-1.2294556955559406,0.13786181766830374,-0.022132861490282908,-0.021680889021352647,-0.007093307845673832,0.019070071026180364,-0.02724581392527446,-0.18213980912564973,0.1960124377365253,0.009856258783206206,0.008156778782857614,-0.0007566485713250821,-0.025374269453729184,0.043723502692947606,0.030186096596895567,-0.061441158324728906,0.02303363604669605,0.022518641233412042,-2.773888888888889,2.7650829261997143
50,0.272384534016537,-0.767955874457699,-1.66063945555443,0.634826790011635,3.09327132531832,2.59116370951328,4.2335186828631,2.59535959591585,1.35136521759313,0.447692794382929,-0.889036125058033,-0.644720555643226,-0.0691550527006122,2.114609765491,4.77189864682573,8.2316776079762,11.1997688378033,12.6231223050703,15.1098230546159,17.7328776806329,13.1515141862069,8.52342382097005,4.31360024666449,0.364013213502426,0.143686230644024,0.249981131588725,5.66712575580439,3.68463427026454,1.93233029419228,0.316034574926221,-2.04703868273719,3.00857843491336,7.66398779699179,9.95197496167129,-0.005583548458458231,0.025991219669046,0.08297072816152405,-0.09081117542085233,-0.011379750502253164,-0.19257093097738553,-0.1853786336170345,-0.31471264282820555,-0.11527479787182898,-0.0006500236001332428,0.3330195502191007,0.03901260719645134,-0.0835272994135058,0.07374046590480882,-0.19927871665594227,-1.240417307485367,3.2369934559162385,-1.1821964936099632,-0.16488203980193028,-0.11182829082316412,-0.06526368993404207,-0.0071326885188588715,0.055042863400724396,0.13912576020238068,-0.034968935611895846,-0.11094400773154375,0.036777258697361724,-0.011665204834127875,-0.06680247183360857,-0.018002921089298265,0.02852418659666798,0.0858471931500574,-0.0940194604886547,-0.016528324967844205,-2.9677777777777776,3.345111184669848
51,-0.86275203372231,-1.08855504614453,-1.12856280893596,1.40494294875301,4.04360741378394,-0.0427476491023305,0.858094178071516,-2.14724372561997,-1.6936472547604,-0.466786761063206,-0.29028365781519,-0.593120543548086,-0.416590437947225,1.19408621476453,3.14129521367612,7.9310496382673,12.6231223050703,17.8163310983397,21.5187337059476,25.3422923456917,18.9205194273392,12.3865073461451,6.54914058329679,1.13996143808187,0.910523754812874,0.844588333707583,4.53545730941164,3.71589450583279,2.85055532451721,2.23164420141569,-0.187887504401788,4.1626581576316,8.14674936077565,8.45918385958581,0.027046414421786763,0.03608305222527773,-0.046683331633462076,-0.03990794416491685,0.049762652778845715,0.0370288104730985,0.18897425278166888,-0.006745976669611918,0.21747493283045882,-0.03233677349699328,0.06064188559834049,0.026330124450316746,-0.08232977414995128,-0.01600576618641825,0.20269007711866333,0.10649812021533006,-1.1969055885509887,2.231283537932678,-0.6893745706874767,-0.37058617803858757,-0.130799464933633,0.086881353328002,0.1976466779202758,0.15897870443304013,-0.11002426203907253,-0.011739971202035869,-0.01791419366161089,-0.044642776734318865,-0.007650326836273221,-0.01172563887285642,-0.04148703456200351,0.0400541960747726,0.060746476237785535,-0.040549417349113985,-3.4505555555555554,4.219754862351571
52,-3.62701577137112,-4.43780724473984,-5.05048384278696,-1.97026401404293,1.67201817618179,-0.503897690159197,1.06724135645288,-2.7431712967695,-2.03827148467716,-0.418398833567428,-0.108384019869103,-0.815062019635893,-0.957218974741895,0.9712492081811,3.57364795948391,9.36825310847662,15.1098230546159,21.5187337059476,27.0112194191134,32.3364674629333,24.7869951195035,17.0974756214244,10.234367251471,3.90316415145027,3.40770947764282,2.82572865448979,3.43141017498268,3.33251158001274,3.2520291600844,3.49970568826427,0.975310128109015,5.40562928276565,9.20863330877323,8.48250517580959,-0.01919141100895235,0.0004780907833864658,-3.636295937412188e-05,-0.02122602763011282,-0.019397963872708434,-0.0673743903223634,0.002568644783926698,0.012225905766405273,0.23104496065978888,-0.1646264760673434,-0.047920795881766134,0.19772756382430798,-0.13295110612494612,-0.020628225382181564,0.1673711950210067,0.007584793069807181,-0.17260628117906598,-0.6908570427363182,3.1152489504723873,-1.6047002026752148,-0.6617231948221454,0.16263019144390042,0.16444403424740953,0.05317887050821818,0.011489182209873144,0.05175460880439606,-0.02993085060371696,0.027230544640924538,0.07321210346868065,-0.10402831237681856,0.0168020934022958,0.0471579150944771,-0.02192381609139198,-0.043524973562526555,-3.0904563492063497,5.196269760040699
53,-7.8129537830753,-9.40439893690748,-10.7939150328304,-7.0726455673204,-2.36026237321644,-1.65859592795054,0.904585690157863,-3.49959477119014,-2.52025986974512,-0.552878736211709,-0.152588785686787,-1.23318800006432,-1.67830119410648,0.788323958090819,4.3280222389717,11.0667755907842,17.7328776806329,25.3422923456917,32.3364674629333,39.6488819639925,31.4698204498986,23.1475690083163,15.7428317907709,8.99434567047786,8.48530884353423,7.75718470577319,5.407937367974,4.80927157648814,4.38798836051967,4.39805018634734,1.55348492821765,5.7141559133516,8.80003039172378,6.57301773141497,-0.007172890962321433,-0.0038040455723654725,0.013327852618293166,0.034054276595766035,-0.03921421340241204,0.06537575467016932,-0.10026976908791582,-0.10886827663472007,0.25601299947756934,-0.03926493124858393,-0.35134246572033473,-0.16276684030477231,0.322034971035973,-0.06125868201629596,-0.0034205531039335447,0.0035770121573448104,-0.1141047878353004,-0.37352930409541846,-1.6087663647566564,2.9488429992795573,-1.49616752198564,-0.051134658448155505,-0.055825147444374584,0.04665303663325814,0.10637403249999788,0.016734794109754713,-0.017122796261581908,0.05983313276823092,0.018157500445548178,0.035301085544049905,0.017292988480788193,-0.0433705693448377,-0.0850512159392528,0.10007936988183297,-2.54202380952381,6.295941705892176
55,-1.91915172050833,-2.75118778493209,-3.41372331654226,-2.23292802662161,0.346592649099095,-1.49880117341063,-0.885834999448803,-4.08934020681705,-2.39779155636834,-0.705062492072522,-0.936595892400878,-1.73351257086928,-1.76177367410229,0.296894534021576,3.68371327359244,8.46907046340903,13.1515141862069,18.9205194273392,24.7869951195035,31.4698204498986,27.3782429028364,23.0161506946568,18.7685230631,15.1615043824699,14.7018711002009,14.1429629818754,9.29795642586574,7.14663264980755,5.18582860900346,3.78937227807373,1.66128945129457,4.05881846434967,5.28974923610775,2.74220700361322,-0.003371809213740975,-0.0020664230491963297,0.010936178996192286,0.049424565714727454,-0.00561680855519152,0.030115930474161532,-0.014453824166296838,0.17360189755530894,-0.12299543247223743,-0.1801755964353846,0.11766256441069116,-0.008021245852227642,0.021558058612417597,0.012015781754719112,0.01139554325970499,-0.00890955853684661,-0.060650777581303474,-0.13419400088301978,-0.6675370108464801,-1.5113833413890874,4.192536809451805,-1.5861071627001944,-0.4532942683688615,-0.029341584702841633,0.0033684990601216564,-0.01800803332208871,0.012385614901400338,0.0042358437469914145,-0.005785975227452312,0.032663026527312934,0.01806749403513838,-0.03393321349910013,-0.02753061465627011,0.03268348113544682,-2.456369047619048,5.231466611079193
58,4.41114202916083,4.37070767190605,4.46469042959783,3.07577707284168,3.4923672143812,-1.14160357358757,-2.50372888766756,-4.68184175835662,-2.45779066217082,-1.21080942669995,-1.69632394216106,-2.21251977163576,-1.83765396950758,-0.16229137170865,3.0921291253542,5.88305603776189,8.52342382097005,12.3865073461451,17.0974756214244,23.1475690083163,23.0161506946568,22.7219427437642,21.6471892560352,21.0571077708824,20.5575588919943,20.0263383273845,13.6045974632551,9.7828453213302,6.15410896365552,3.21389010484162,1.91660614301879,2.52596320506354,1.89974010025492,-0.981219529572263,0.029320071031477164,-0.018763586173350187,-0.004104212177139319,0.008225159518797922,0.012578172071071536,0.049791617320143436,-0.10474822333011811,0.48342168437006944,-0.806608811220649,0.25163159334792856,0.2679213368467795,0.013530527055276208,-0.12733496466378483,0.03567379391438617,-0.023254506398471195,0.009152295717610023,-0.024313488319419027,0.07155737597548374,0.13404332374544373,-0.0605411548163736,-1.5812789612304714,3.0004607855053314,-1.5803865830544377,0.1998263155780282,0.020376238810298583,-0.06739690515023421,0.020716047460471468,-0.023676555474148157,-0.0698491893815186,-0.013119001798816384,0.017366264726789087,0.003286968305036824,-0.02408172611227135,0.012184704231008816,-2.420714285714285,4.765704852775104
59,8.63851434344865,9.5212035678715,10.5032842448272,6.91950003190342,5.52898226331503,-0.579749835116079,-3.6303116882324,-4.67365765897206,-3.01720238406502,-1.7140265189238,-1.82559079074418,-2.50748767655243,-2.20407269557166,-0.830439842091289,2.44073524025701,3.45308339152379,4.31360024666449,6.54914058329679,10.234367251471,15.7428317907709,18.7685230631,21.6471892560352,24.1703878907166,26.89411292884,26.4875676595105,25.3638280499304,16.1647461831254,10.9831277533771,6.04646738052963,1.90377436913778,0.829516451715525,-0.341221911999188,-2.99526915437206,-6.30389700819208,0.019603142033983303,-0.028692599555070662,-0.126023208118432,0.0611405201197087,-0.005927956173192591,-0.02034902009151152,-0.07836996685530477,-0.06959415033572959,-0.013354556737482525,0.5999420958198697,-0.18508267513596405,-0.06520453823120365,-0.004540056619056544,0.01371933206917398,-0.051738754978466556,-0.029577528427622974,0.05456687667494427,0.21015100259157965,0.22084890309569977,-0.0443018509858724,-0.4275920365848264,-1.5844029745334207,3.7048849268235378,-1.4199293422548385,-0.30711635637474277,-0.0003126270311166597,0.016822542162055962,-0.015500943745633298,-0.07485651238159176,-0.021028793936799805,-0.010303466805137737,0.033508125888811455,-0.00022332082510279343,-0.014384496061461118,-2.185059523809525,4.915321748442987
61,10.0613172995816,11.3665354792701,12.7329142744172,7.73889003904177,5.33481270996383,-1.18599204138205,-5.11104032541228,-4.56213278971536,-3.00924803614841,-1.27408867025989,-2.07325505733941,-2.90014632862373,-2.66350868101001,-1.571003436853,1.74551427949899,1.12182073998226,0.364013213502426,1.13996143808187,3.90316415145027,8.99434567047786,15.1615043824699,21.0571077708824,26.89411292884,33.2851145597128,33.1631032541194,31.8485517214142,18.1765399563109,11.7599874102156,5.66043216897924,0.471419915215004,-0.539196911338884,-3.37479377983023,-7.97763913900227,-11.6263471810542,0.018736428664664063,-0.022953897029474164,-0.13616758233881246,0.4254219227245563,-0.24391382026169386,-0.12193483768690604,0.33356978923791314,-0.2445062456537591,0.3432344106926401,-0.31886735996589227,0.13466363236506756,0.060870801005496175,0.05457022718131011,0.0217189728567783,-0.04715982476228636,-0.18107049199949693,0.14353050292073763,0.15246921881989176,0.06147431788870391,0.02620440117849418,-0.027733678597315653,0.20192409577524215,-1.418194129984783,1.9648071364860995,-0.905187420391619,0.12312200320095679,-0.0044500430159176586,-0.01320539183340022,-0.017931710962566978,0.005289002057376759,-0.09622604109614814,0.11407301302393551,0.05685600147640391,-0.08018675214240692,-1.8938492063492063,5.768458594781865
62,10.7147448814685,12.5395071640978,14.430198225818,9.77091316377904,6.9209827736196,-0.690348555086316,-4.42102997069002,-2.97551788291276,-1.44653821461968,0.399785300859711,-1.00037121811332,-2.24031186266178,-2.4132559460713,-1.44456225747984,0.989760857846892,0.459506946141799,0.143686230644024,0.910523754812874,3.40770947764282,8.48530884353423,14.7018711002009,20.5575588919943,26.4875676595105,33.1631032541194,35.1412285480524,36.0897961976206,14.503234582828,8.60322094503686,2.93303603405801,-1.8753312755255,-6.11507491779988,-10.239598331671,-16.6102189926311,-21.961903890116,-0.028973513001953496,0.027761250892334315,0.14712049917870546,-0.31117244130889876,0.16024862058551181,0.06622896582705094,-0.2935387166552488,-0.03244067399890474,0.4475447811799812,-0.3117504663831605,0.0024849395515104218,0.015134136027313205,-0.06558272794802632,0.012691841411542847,-0.03800912704989655,0.19788514595634105,-0.042122379461775106,-0.11321008874548526,0.012371111602072153,0.0999249068633348,0.00040492550312150197,0.02518689236613144,-0.30459563955299174,-0.9072413478310009,1.718201186186734,-0.5694362886205807,-0.05030609100303437,0.04301098311599181,0.0980800626399062,-0.04509430394528507,0.09370161824034105,-0.18651859752923586,0.10711643447177768,0.00925829373482855,-0.5243055555555557,5.927160243156276
63,16.7544282284309,19.1472959623848,21.5900229980702,16.6066447090968,12.4235790356584,-0.167670857789725,-4.06239020271366,-0.875057672499261,1.65056485365341,3.2038313578462,0.429358345745737,-1.41804580151749,-2.43023016009732,-1.33028738262991,0.417126633023887,0.069128491078288,0.249981131588725,0.844588333707583,2.82572865448979,7.75718470577319,14.1429629818754,20.0263383273845,25.3638280499304,31.8485517214142,36.0897961976206,42.3918965517241,15.2534438488913,8.56457190069965,1.87863124804558,-4.12213856441653,-10.4253464061496,-15.4431147257949,-22.7674699334488,-29.3362621191862,-0.014735544365996226,0.033744122792894335,0.011916365686847551,-0.07429012724221296,0.04014269752575058,-0.009473319761390039,0.22878516478155103,-0.0045584542349384125,-0.30997224483494723,0.049137421950699214,-0.11262724123266475,0.054967150670860346,0.04571725972763822,-0.06967211780626593,0.027311091609451235,0.011197150686695207,-0.1070511345244487,-0.01482926719285919,0.04660034031923495,0.019758177775707306,-0.021389443724274922,-0.07299267216089872,-0.002722647836245784,0.12270199606776741,-0.5682123781240221,0.606285431036067,-0.020461910827314116,-0.04296997467531615,0.06149469290931304,0.04912304704138617,-0.05438698877677996,0.06787849473994348,-0.09261667881971984,0.08630140260017476,0.1833333333333332,6.510137982541087
64,81.6152738683324,58.2571853291308,35.1148775937323,20.5914066429151,7.56904761245805,-5.74455063636146,-4.64078927419256,-9.07321801984221,-5.8974864032451,-5.9482591825166,-2.35073597190338,-4.6078181772399,-7.03628320804654,1.30641094820565,11.7412794925696,8.15601097696997,5.66712575580439,4.53545730941164,3.43141017498268,5.407937367974,9.29795642586574,13.6045974632551,16.1647461831254,18.1765399563109,14.503234582828,15.2534438488913,211.621161318646,137.392899903292,63.7962235864056,-9.5397426162594,25.4251085212142,66.1949492226289,103.052000508107,141.329808333786,0.00777176625462803,-0.010102916010721486,-0.013730629939306667,-0.019538415009317835,0.0894311883885007,0.04894065990760133,-0.028587425104935758,-0.09250585586942642,0.005464137604098023,0.04867270542845704,0.0268734490028065,0.10986417607692024,-0.06069197602379035,-0.0699071468140839,-0.026618280767282086,-0.0002800177076792938,0.03152800459930917,-0.014685222353197802,-0.025314677082878864,-0.02392793251881383,0.005748551469430603,0.019015470029661547,0.005153975921188485,-0.008681780569911916,-0.048972769551943275,-0.020453429691108374,0.8087689071935187,-1.0097041926971737,-0.17579433760757443,0.37227352313806145,-0.0043114821778272115,-0.0017457257508840772,0.07540992021041865,-0.08688069696900316,3.441388888888889,14.546860875070134
65,57.8657583140688,43.5049925878355,29.2475639531837,21.6792900837483,15.3994161327438,-4.62521998841284,-3.43145294465372,-6.68234433088403,-4.28941502161423,-4.39724488284821,-1.87106147544257,-3.84794020784043,-5.98242811579803,-0.961988195833826,6.50721934180082,4.67876468430105,3.68463427026454,3.71589450583279,3.33251158001274,4.80927157648814,7.14663264980755,9.7828453213302,10.9831277533771,11.7599874102156,8.60322094503686,8.56457190069965,137.392899903292,92.3320192415271,46.7749840472271,1.56558534140897,26.3887264503867,49.2579725260154,70.5378287650366,92.6108431344824,-0.05558418108042555,0.00014872485877585678,0.060303562154647355,0.016425706770737892,-0.12480340445130639,-0.06950479885797395,-0.020385828553479996,0.1541646665492658,0.00892982050847782,-0.005945545901601333,-0.03992204544120983,-0.021956952659965907,0.05794590809405931,0.08248604212427206,0.06907175346115518,0.007659464148899812,-0.008421308305194351,-0.03751764052268596,0.027655898947307345,0.050273737595661165,0.003096327432742394,-0.024481307376014838,-0.009538062329972613,-0.0036639855823331776,0.0420740338018589,-0.04551605370480865,-1.0093686582349306,2.254397494415407,-1.2834685105369965,0.148665307181931,0.06659766339650675,-0.006610885278427433,-0.12533609360384462,0.05722935923978313,2.0258585858585856,9.608434796652736
66,22.5050825137571,14.5982751865991,6.66045666695056,3.1278004918778,0.645639108529377,-2.9060027770068,-1.88307951509575,-4.01527209604458,-2.45056824000077,-2.5694478300835,-1.1648650574616,-2.53116805933793,-3.92788394369046,-1.80580779100763,1.79585771412932,1.62341270792795,1.93233029419228,2.85055532451721,3.2520291600844,4.38798836051967,5.18582860900346,6.15410896365552,6.04646738052963,5.66043216897924,2.93303603405801,1.87863124804558,63.7962235864056,46.7749840472271,30.0870046263312,13.7458916542322,29.4201690104579,34.5155196833599,40.6357402260445,46.6584551458386,-0.0059861430088261865,-0.0033144440751208476,0.008347497047349082,0.0158055477263928,-0.020826284414472113,0.011066447800127333,0.0505903659450789,0.018438348181668014,-0.026698576342705185,-0.06178134629905555,-0.018645493702249643,-0.3087185759386298,0.16580269500285746,0.02373070001974762,0.0007362629312632887,-0.01393596598468499,-0.06981173107561023,-0.007322802989010337,0.08172520729202065,0.020122538971777716,-0.002617159943749982,-0.0407232709971193,-0.045825145132208395,-0.017707446275251063,0.09116529981678911,0.0617557453694163,-0.17538312202658154,-1.285784117353314,3.128935323409679,-1.4291667888362045,-0.08140949828334945,0.03034049512019879,-0.017039287715680716,0.03406222620409394,0.2603282828282829,5.484250598425571
