,Cov_0,Cov_1,Cov_2,Cov_3,Cov_4,Cov_5,Cov_6,Cov_7,Cov_8,Cov_9,Cov_33,Cov_34,Cov_35,Cov_36,Cov_37,Cov_38,Cov_39,Cov_40,Cov_41,Cov_42,Cov_43,Cov_44,Cov_45,Cov_46,Cov_47,Cov_48,Cov_49,Cov_50,Cov_51,Cov_52,Cov_53,Cov_54,Cov_55,Cov_56,Cov_57,Cov_58,Cov_59,Cov_60,Cov_61,Cov_62,Cov_63,Cov_64,Cov_65,Cov_66,Cov_67,Cov_68,Cov_69,Cov_70,Cov_71,C_0,C_1,C_2,C_3,C_4,C_5,C_6,C_7,C_8,C_9,C_33,C_34,C_35,C_36,C_37,C_38,C_39,C_40,C_41,C_42,C_43,C_44,C_45,C_46,C_47,C_48,C_49,C_50,C_51,C_52,C_53,C_54,C_55,C_56,C_57,C_58,C_59,C_60,C_61,C_62,C_63,C_64,C_65,C_66,C_67,C_68,C_69,C_70,C_71,Mean,Std
0,125.626433091337,17.7956961840881,-10.0567501993849,8.11861918712939,-1.68227021089823,16.5199306028789,12.2175327667124,-15.0201045711802,40.1585949800251,-52.7390046701318,8.94948065975802,1.66952142501159,-3.47506893214724,-9.35549117049383,-3.5107446357752,1.88268945698603,0.323506458394625,-15.6126681602805,0.306631933198486,0.700206481744446,-2.30886676462251,-0.10557529824712,7.33510586070529,25.2014407119574,-3.71641224346915,-21.0455919729944,28.8313731898623,0.98561382061905,-0.998362004496243,-4.73226992861854,2.51892429955131,4.34739864555726,-3.5075786990775,8.76859942573272,-4.83864176505332,1.61571184463507,-6.90493089495551,0.443346965686239,31.4616509687712,12.7635285368243,44.8147051068024,-5.44702530807241,-14.7415924013057,6.05710442778585,48.6230886701419,18.4054402517942,32.8362304168636,8.42329349304947,14.3720979871163,0.6229838190716149,-0.30098747676375764,0.21258205978114633,0.1535327790529837,-0.12333976278614167,-0.3563112037702564,0.27411509725668826,0.13461568472264476,-0.3488236035530172,0.10658395298303935,-0.38426872911245896,-0.12776341295942736,-0.18895789584127287,0.37338022213734307,0.07478099076078529,0.11805566087637293,0.08319331647793711,-0.020513848952303595,-0.12937666079746926,-0.19284129711671738,0.0411336005266445,0.01834553019762738,0.06007736421266177,-0.1122070505818923,0.02747789722449072,0.15002696460143752,-0.18637503299856106,0.017472007006748957,0.12078576090948541,0.39655916262569874,-0.17571001887470963,-0.035998084884557816,-0.036150181346222984,-0.21045514384605735,-0.007251983421250583,-0.10789755516650006,-0.04876811032861273,-0.047568587333732114,0.20505076634878344,0.037001559545571695,-0.21164997751671769,0.11780725112932898,-0.009082737666230592,0.023631692264937127,-0.22502086736800742,0.016783752809670507,-0.01693730649281038,-0.05833977819456737,-0.018112976283806592,3.935176651305684,11.207873709644346
1,17.7956961840881,87.8758595932997,27.3489884204544,42.3295501130245,37.2877143898221,22.9633310053527,49.2645557975712,164.718135904572,133.481650839516,334.262373392325,1.85617154824108,4.61356077040608,6.09766620905837,19.8363679766246,2.77454419159824,5.97858746398287,5.32495982827088,-10.5061994293072,3.19620831363641,4.95257419363642,7.95732533277899,0.133276334488494,-5.8022015663591,-2.25120555633581,-30.0633761894945,10.3129119086213,0.71001091261812,-3.65267640847017,-0.907132284451881,-1.37871252253318,14.3419267694632,22.4649989751505,0.0490178995596883,9.41575724298914,1.35607369579694,12.3963713505917,-13.287056210675,-14.265129289379,8.30468429639815,-4.10003043865674,16.7392940780889,-4.75403540636327,-6.89933395078096,-4.1923337797768,16.0341932317059,-0.916161948107049,-16.914273307502,-3.48674829127866,-5.28275727015713,-0.33382682470060937,1.935297893051264,0.01808976731082572,0.12614428288703775,-0.20367673998330343,0.859183996859656,-0.2783108902323073,-0.41118596240799293,0.21477478773143377,-0.2517649254928143,-0.019398403781642346,-0.47223538935116544,-0.06190476236203741,-0.12752573916309987,0.3873067253200115,-0.004275107763896018,-0.22270669497150536,0.22061534816594788,-0.4056342523051062,-0.28570180125866695,0.45293337498470493,0.0838061770964307,0.18792102069162825,0.18226227967966713,0.03723037797876275,-0.027196487879535422,0.2206100928815054,0.035352363541092016,-0.3012483574604647,-0.18134350949368952,0.06519268825982542,-0.4778351662009215,-0.16430038700488125,-0.00386083967085279,0.03299762142931878,-0.022139656752857763,0.2288748316588559,-0.06827813226124546,0.0946316955766206,0.11633824526695935,-0.5765962487067108,0.00477477768660436,0.32845240686123944,0.1291261930526997,-0.3209868938471061,-0.18609239947998707,0.10505035254159696,0.1812167954296062,0.031076006557223396,4.78341013824885,9.373679085252476
2,-10.0567501993849,27.3489884204544,44.5077647331334,36.8965197137327,67.8914973787618,56.7486432430415,72.565822037131,108.967043336313,121.3301484831,199.553298894583,1.88655114278043,3.71959109286972,7.69362101745068,30.480082133008,13.0646781242787,10.2750784471091,6.49302131882962,7.29768860947379,-2.84877945399659,9.95393949329458,17.5633521467644,5.82036473650292,-3.21333452754851,5.96246677195698,25.4691623515271,9.48605606092334,-1.1074728775377,1.73501541239673,-1.66584196619386,12.631889698645,4.70719855102287,12.2970431617025,-5.04390996467461,2.78626308998162,0.536982449507498,-10.4432374930767,-7.81416878435742,-16.0626300117039,-14.4924782665185,-2.53757650665323,6.4489575401367,-4.56266018554348,5.18384931772406,-13.3590022669403,-3.66072732744859,-1.1728457947357,-11.8844780041581,-3.39538606538948,-11.5170485244339,0.22912906151809884,0.0227727602739245,1.2392269385826644,0.3832717586667004,-0.3791734990888912,3.401111446586562e-05,0.039134340238004994,-0.04612409362471691,-0.15217312145066034,0.01597847513926445,0.004383174597347152,0.3003618003379766,-0.006031979137605414,0.14635245546595688,-0.3915488569134677,-0.02840562743023043,-0.042381422986471975,0.2574845712235736,-0.10312184484559525,-0.1285818491638869,-0.3765050301305406,0.2187462683556687,0.44114778136765015,-0.1838762902780273,0.045298318000544305,0.17027334098528293,-0.02034599430233972,0.0008235970834526293,0.0006272362950152173,-0.11274467746712251,-0.432030713519193,-0.251655483500983,-0.023144211014411085,0.3052522793112469,0.25155785393321267,0.07674894903665119,0.13650223864339428,0.012389808707843418,0.006445781850023397,-0.4897678183910278,0.10298192503940452,0.08869379593483855,-0.025051085597727726,0.299279136510306,-0.1773057891574505,-0.12977531383304808,0.08494461937971341,-0.02683810219727778,0.4088769198594714,4.158653353814644,6.670664489624208
3,8.11861918712939,42.3295501130245,36.8965197137327,149.673553277484,130.627068682989,87.8360066287896,136.257470561331,150.743069369787,204.232465702264,252.843018625647,8.71343253839215,9.99306697111582,17.7463707530638,53.7132493254554,18.1950944128305,14.8554064919648,8.21745822342557,14.9921374849821,-3.27291942711304,4.93550392294273,27.1677235090975,7.96487083235892,-6.62869069821689,4.2954371180901,-69.9773006432081,8.62881585350715,8.8511207218462,2.68109108341697,10.7077353169914,9.97036175612108,1.03396527196574,11.9230438595107,-4.99196929069491,5.49052619868097,-5.61229418489315,-11.4405527654431,-14.5044128479117,-24.5080836383791,-3.58092271510611,-12.2191242522412,17.840308734952,-8.84176265805456,-1.76587163683746,-10.1196093777189,15.7335545700637,-4.91102783676625,-20.0740682097156,-7.6680344903208,-23.3330220154254,0.1756234968740778,0.13563877235623106,0.38917184832844864,0.5959478518724591,-0.38244857211462147,0.11527024956689137,-0.1869157716105595,-0.11025105049538489,-0.15821811924459966,0.055891367223655994,-0.005370088481231102,-0.16987446646224583,-0.021765846390193945,0.21249907543673657,0.25358214649611677,0.1766902667597547,-0.0870117409423687,0.21296983100431877,-0.24685623552798155,-0.007083870631948114,-0.16625466292759228,0.009351039875141081,0.2648750538766677,-0.017698018871972934,0.09631013224041102,-0.014052266430857234,-0.15627563878043688,0.10987719569851534,-0.11648878255744706,0.15604326127936405,-0.03335094439769349,-0.05903486150661608,0.20012760279477498,0.30383627422966286,-0.08017059179790519,0.05439788645965648,-0.11488309581183043,0.09782211536846744,-0.10591889983154913,-0.09643565490958421,0.13618446423885303,0.27332182925162024,0.08615798535084147,0.04005574080417055,-0.1839773703573917,0.15477303381218466,-0.024257507049468732,-0.10397951529227883,0.0918610711816911,8.500396825396825,12.233705623296803
4,-1.68227021089823,37.2877143898221,67.8914973787618,130.627068682989,209.972965608466,135.922735684753,178.305999332013,186.450393363073,256.131755609063,283.502760937906,8.24920107628425,11.5715352143342,24.1090798335526,67.6353950720341,25.3968806037441,19.8522368934127,14.4619136717585,27.2542936844903,-1.55138810209276,19.0544637209722,38.0800131281901,18.2341571982102,-3.16044606890851,23.1094145443987,107.680963585678,16.0245246672644,-12.8948445991167,8.90721768851347,14.3127913696944,36.1547939611826,-3.83270626889583,14.4036825256559,-5.15562688825683,8.12009206394528,-5.21341334026663,-7.74407279203811,-11.4889050132479,-14.457443506487,-13.8933110649147,-16.4523355247023,13.526760703123,2.22791583837126,-0.451595876717887,-1.96900258756138,-0.502167457091452,-3.6684579294785,-37.2178210196597,-7.63007385820557,-23.5973570376404,-0.13746576773706837,-0.2218349416678615,-0.39908379738948746,-0.39503245579340424,0.7189289137396957,-0.09286756381501611,-0.04897598795384203,0.36824935257626235,-0.07173375605060647,-0.11230686789935412,-0.04440554941156521,0.01252373927602222,-0.29165722669304855,0.014574623815639953,-0.2147905043100811,-0.06955667917406176,-0.048869564089010685,-0.21108893978161014,0.24483941246331645,0.06860389746207174,-0.24149981712153484,-0.120110079333919,-0.04178701847629445,0.2141755187804035,-0.1575473292757461,0.2576595715604231,0.2888584637932305,-0.0712974798815822,-0.21958781958370727,-0.13180203201214963,0.3409168174237302,0.1644777984297943,-0.168150728208838,-0.21662670686362706,-0.01421067836299027,-0.09410137140777551,0.015907807189387238,0.07994634747724258,-0.02477225630534269,0.10284260920918153,-0.060643910378292414,-0.15738661866651094,0.044578497157154916,-0.08981703884846588,0.2221694449941656,-0.016266282870865442,-0.0534565193858298,0.13906232959439954,0.0625900944860946,9.296031746031746,14.490098881942304
5,16.5199306028789,22.9633310053527,56.7486432430415,87.8360066287896,135.922735684753,196.867037058033,203.29830236229,239.113464482843,327.428951095976,351.235733313304,13.4366637220422,7.68308174687086,22.4983742783829,102.276824300394,35.7598011800476,21.6475926085693,17.6795770346304,37.4821872358729,-0.645255500977783,20.5377567441996,25.7573807281701,24.725534588471,13.0714985191607,46.6347663666965,39.9862590767987,25.818709571143,-9.91914664712689,8.59921054987986,15.7166950382684,55.9093171914796,1.17169365377606,19.1639292167426,-2.77535142693674,20.6165190290868,5.24862089142685,-9.5298756538986,-12.364194279492,-4.29194585667181,13.7615892247912,-10.4582925980398,8.03399554264501,-2.1698512221085,12.5533913158072,5.13397733894179,39.1424602466584,-3.18322943411582,-5.3496925536163,-5.19104575312454,-12.3076582727751,-0.3479440525091009,0.8693966678029567,0.002389802288458778,0.12140819016255697,-0.08239105419425265,1.350610917703939,-0.7490167315545938,-0.3217985093167818,0.1375084746228655,-0.08442008920043517,-0.11841040826114946,0.26522178115999584,-0.04612858350651025,-0.15690870263921364,-0.1791293432043774,-0.025188598562025044,-0.023169503210291476,-0.017789100807139056,0.22602648573274,0.03817882860658746,-0.06257404417719029,0.16991214499707336,0.07154035854845649,0.06503808613219539,-0.05726484659939452,-0.043659381466119654,0.14331168675081574,0.04321915242915979,0.07178058871750001,-0.3292963499000494,0.26760300740889936,-0.198849409493099,0.11012018938935031,-0.09121650895585598,-0.3426407768614586,0.11013035367452087,-0.0027425927461184854,-0.06718928420295271,-0.014160143364628005,0.247794627730338,0.28111957023297923,0.3256481986955311,0.1286919006929886,0.04854327472571076,-0.4209408282991378,-0.030438657543961186,-0.013747204532992595,-0.023149018763382802,-0.12405469773622975,5.021825396825397,14.030575079376938
6,12.2175327667124,49.2645557975712,72.565822037131,136.257470561331,178.305999332013,203.29830236229,279.166414244561,298.306109467592,394.088491620703,433.006414378001,14.4110268066628,14.9927842621933,32.0830894208726,113.785227240624,39.9160081325312,30.5131307898334,23.1108389026754,44.2296799335104,4.13601569726853,21.7952340792827,42.0672523408137,27.8313625573611,10.7892494334162,54.8191704452419,-0.857672874008632,39.6818749923054,-12.5438286033144,11.1010267009966,21.3050434213483,32.4464756009339,0.739199582973615,26.7308489818921,6.65146258828946,26.8871066643617,-1.10559085614468,2.04580977054281,-14.5221232598185,-8.43076281467754,2.17962933305717,8.06500320530969,24.1813601453815,10.1096439112566,34.3464501728264,5.95560015817484,22.0956428098083,0.893654587813858,-19.4959656375284,-7.44616044676352,-19.7168674083899,0.265346313026538,-0.2687723040326889,0.021516815345299787,-0.18692056176937058,-0.05017083874589917,-0.7492394566782068,1.1134956148463393,-0.14100586509817534,-0.24339301869745159,0.17527992316434435,0.11360562077321762,-0.13012163369371543,-0.01853208401243178,-0.051276454896221374,-0.08153522358269406,-0.18883949053297075,0.05628791186142794,0.08769651939782871,0.06672288018103292,-0.15392026644971377,0.09158592282696404,-0.02771029692176565,0.024770568423817987,-0.23488549855296062,0.0752755421360075,-0.017158566007676113,-0.07647848320212067,0.23254597236865604,-0.10204732266065315,0.17612560646934683,0.06642249255760302,-0.21600834438307676,-0.15475647113511312,-0.15920067258349668,0.4929494674638878,-0.19021219431776762,-0.1103847330393734,-0.005932336602077852,0.2832113665027097,-0.062391653028724216,-0.5037789718604992,-0.27112176505886365,-0.24689613664304805,0.030364312388712372,0.20273567545866547,-0.22426554646765767,0.12137681214631102,-0.027365589735988374,-0.05096125599793159,8.04716869152353,16.707974570382888
7,-15.0201045711802,164.718135904572,108.967043336313,150.743069369787,186.450393363073,239.113464482843,298.306109467592,600.651240284602,596.105760079298,1080.54353910845,15.619334790585,17.4455113414517,36.142140854192,152.257334479216,48.7129136180152,31.7764213047876,31.8829169870476,45.1015626036742,12.4980214744378,28.7822374956685,49.3731718186166,30.8400047724408,9.50535500079694,50.2226696576933,3.48472211143467,65.6134880001736,-2.57713342063528,2.21911769646458,21.5074131263125,33.2299614423193,36.2790355362024,63.6177961823106,3.65186568830743,41.7208999853307,13.5685125685534,19.1909267126398,-25.957097862714,-19.3768394457121,2.53770832091221,-20.969600565964,-12.5989562523062,8.75687155427349,18.3687970144069,0.753337265725481,17.6531738798141,-15.4859442276388,-44.4438085221789,-17.7790944646083,-37.2315395926126,0.138396296436104,-0.4244782573653092,-0.03269068330878394,-0.11295353436208688,0.381688143910598,-0.31283839213947867,-0.15592445302035596,1.492652654909055,-0.41476858884160034,-0.43572136393747146,-0.0035669765136419293,-0.14792048707853547,-0.05106490180652627,-0.056846671679829736,0.42662672571071697,-0.05279529283261112,0.049533928834128146,-0.2773535923559244,-0.41826586519867726,0.2214861345318293,-0.3521352341664465,0.2358761354312517,0.18892149657141952,0.20509382743440535,-0.1682254837650261,0.19938785250723684,0.06217902742449294,-0.04045964634873629,0.33181761771988566,0.0910516121034,0.10778680485789204,-0.23004611333534983,-0.7203850776942409,-0.0232706799291266,-0.09939828185878061,0.09885104017427969,0.206200384007168,-0.03963362804512985,-0.14803134706227192,-0.0007201978816937067,0.18917739337329786,-0.24165980079143656,-0.10930610394057848,-0.1494909076302354,-0.10563714020562395,-0.08814675978222405,0.04885420642961588,0.10152467727843777,0.21287352666930912,8.179172314086925,24.507983194963277
8,40.1585949800251,133.481650839516,121.3301484831,204.232465702264,256.131755609063,327.428951095976,394.088491620703,596.105760079298,722.005956619446,1013.92853780545,24.7074118250386,18.9831282846022,43.3495388377376,194.760891104052,68.8920999675998,43.8178283348995,44.7896702363644,72.1315856281359,16.156428536961,38.2358387804287,68.4183015389956,47.0715377790308,29.7600859790485,95.9574413931201,0.589474949053055,84.2924362222036,-1.65441394800152,22.5922054248725,42.346950690296,60.1750709922767,29.1613358311861,60.4464306033575,-4.85970075352451,49.0011912577991,8.86181151971581,0.82605291667962,-29.1259846495646,-24.9045847750307,7.92898888706099,-17.1671038987586,16.2097165144483,2.85242860086449,13.0169246153107,1.48015517660203,51.6102363153424,-6.28753891816701,-25.3694546975913,-4.16797469630073,-34.7502921745347,-0.3621013265192698,0.2057982953915165,-0.15269715241066714,-0.17107194917730284,-0.07625901717259304,0.15001230835346194,-0.22243988686106286,-0.42838550025280436,0.7407870278225426,-0.07409719881722773,-0.07611684493964835,0.0887715886207884,0.446304504528543,-0.3679856189428963,-0.2894702078003054,0.007110444930641214,0.09968586721974028,-0.10293719442429516,0.1844201662881541,-0.03334092210249663,0.18591680374544864,-0.29802041017998754,-0.2753701423753964,-0.08365370298250151,0.026776698348953448,-0.12799560981466676,0.042595341344201024,-0.21206970614135973,0.06351935835341455,-0.20294173643558766,-0.013834842821088414,0.19154390343157612,0.09242773506303024,0.22267053356674307,0.09608845063883435,-0.029328967856826385,0.15766369478336592,-0.19076632876272365,0.03191131854265039,-0.12491651902595355,-0.016765225698715358,-0.04013194662347112,0.13240593094826414,0.06503644738576174,0.01769893632472941,0.0341018667098074,-0.03159131085805149,0.01097097441163878,0.0039017278217677574,10.154813108038914,26.869982445462185
9,-52.7390046701318,334.262373392325,199.553298894583,252.843018625647,283.502760937906,351.235733313304,433.006414378001,1080.54353910845,1013.92853780545,2160.6653097463,20.8116445974657,24.4828514152559,50.3816226930004,240.521004847737,83.6280186337744,51.3170443339515,52.8263480584944,51.319082008132,16.5565726619444,51.6677804617193,85.6583166801328,44.7383282251799,13.630691025433,51.844681671482,-82.5828199114283,123.90155976095,-1.42083881890897,0.353550900249074,27.0119087431992,32.7461990890137,87.7297557612754,116.451795161742,-23.2048681377999,69.5982367675841,29.6571566714899,33.9184651097809,-46.6169300375995,-65.4863930659778,-20.8088527602098,-51.5043558476005,-36.6423107974784,-10.4566143997502,22.3992434927754,-40.814580443415,3.69722051934957,-40.2181030693577,-100.386545687336,-2.55942693907498,-64.9649936288793,0.11101198892993382,-0.24303384189371519,0.009209136585381519,0.05958711342865785,-0.1259938898827967,-0.08460695138781596,0.17979922395490303,-0.43541406610690186,-0.07513227284697623,0.3254624520356686,0.09739800536722037,0.11786485983785411,-0.04344185554665232,0.03985193298028337,-0.1872208682688012,0.05391551781723036,0.02574895436239969,0.14779244833559274,0.1816234060515276,-0.03308791990550296,-0.007319675682653729,-0.02096503694462957,-0.057325172114346054,-0.05973975067774956,0.05401348964224699,-0.052940606585078515,-0.03889683728873858,0.10031731767636255,-0.05336784907544677,0.1395966006148102,-0.29752720469059457,0.004438777692327488,0.3541788184048484,-0.17859359343543818,-0.08479530205491177,-0.09768822435304794,-0.13610545625767476,0.17217459479111533,0.02326559941460417,0.09051758489502464,0.05124184089476012,0.09513276779442664,-0.0676005510739081,0.012194239706777731,0.10705692986653108,0.11387567907538208,-0.04556451870182341,-0.04959677290338412,-0.1502125916995045,16.638773681515616,46.48284963022706
33,8.94948065975802,1.85617154824108,1.88655114278043,8.71343253839215,8.24920107628425,13.4366637220422,14.4110268066628,15.619334790585,24.7074118250386,20.8116445974657,3.56317694432964,0.814563968729734,2.62583673996523,7.20210852058946,2.3133113473116,2.00974881058006,1.60886413844517,3.16916369199709,0.665254163378692,0.842981887904166,1.18776222652942,2.11211210319611,1.48048546295461,5.04038629376951,-6.20983623789886,2.12981540703352,3.73917806026199,-0.858465464697192,2.25788139444606,0.709683913875806,0.326829927163628,1.84794626914329,0.226958365024016,4.22538091834555,-0.481285074082594,5.04972022975452,-0.511027586182401,3.55166722530285,7.61754506560004,-2.26262737957337,-1.6930337932396,-0.0003836167203517,-1.79763071407014,-1.36913051885639,2.44535195660352,2.07215022474746,-2.06798184920943,-0.414925272847942,-4.13913336217841,-0.4363289544812463,-0.02085360599359717,0.0016837011374276185,-0.007280553141255276,-0.06107505555975889,-0.10503087767027242,0.12985789156686944,0.0018871095692645928,-0.072423867965135,0.08908275499752398,3.707116739344802,-0.043841625651028816,0.01542148112046101,-0.24195335618869285,-0.11198333546085705,-0.6097954567023979,-0.6439597903731273,-0.04613073253374485,0.17851574410003018,0.2736740508489493,0.2773712890020645,-0.03207091375934176,0.42246016558509486,0.18327007697251027,-0.003795854675001027,-0.06982903265967656,-0.272698340744614,0.0031447977176039727,-0.35143474463569124,0.10598487784114802,0.2345568671362284,-0.41257920757231276,0.22760782416415917,-0.12248371066570662,-0.3779631430493273,-0.11185517367699484,0.2611653832929848,0.12043738692866832,-0.22470142702457935,-0.05568714724794485,0.5005782056052285,-0.03774631192061994,-0.23841973638004677,0.10319759801929539,0.011839397603576936,-0.1410457826778586,0.2548682457463134,-0.05512627444311629,0.09451489623983378,-0.936297304845692,1.8849872530947367
34,1.66952142501159,4.61356077040608,3.71959109286972,9.99306697111582,11.5715352143342,7.68308174687086,14.9927842621933,17.4455113414517,18.9831282846022,24.4828514152559,0.814563968729734,3.99331180391312,6.34694936565906,8.72951357887684,1.15121655489758,1.31897946365114,0.0421573431146029,1.89138685274134,-0.873576436605924,0.386288416303593,1.74132949471639,0.386287180782736,-1.06010833403008,0.612760086848467,4.04159016885349,-2.07138054631555,4.71220991744913,-0.453857901327953,-0.851624763529346,0.0932983638835223,0.526050659843835,0.965220477733015,1.0029293013409,-1.269234226709,-1.05492812129377,-3.61960702153151,-2.49704201071564,-3.97282500256455,-8.83240946178464,0.125187165923991,0.323710600127965,0.962080415380693,4.3273497771018,-2.17277788217747,-2.2240488974836,-4.18879893864826,-1.96342515252296,-1.6548242652241,-2.56944425373529,-0.12004426916459857,-0.49035677453167587,0.27532019992958556,-0.2027679143836029,0.056460473114655164,0.22949924258568213,-0.11173683935347024,-0.16766124434886068,0.08898250547622522,0.11803954760819187,-0.04435149368667751,4.928960621108266,-0.5329535350614113,-0.9672347318909054,0.18156396762913635,-0.01856173371514847,-0.011850671499411753,-0.039495266989373605,-0.1113331109860224,-0.060831447430341,0.035773597435119715,0.01118450617788904,0.018500331560160264,0.038936127435076844,-0.1342985927645936,0.35871134919092956,-0.3054239036314575,-0.005443157231010999,0.0025395226793302503,0.038898363597564045,-0.018663868745447548,0.02701888599021231,0.06196890022697295,-0.019352346478945827,0.019923993003343233,0.030712966403936115,0.09168793808922879,-0.043645380682773745,0.15341846069867673,-0.008188428330076493,-0.017262218732538942,0.2081401023582511,-0.43460828747525715,0.05609767032373982,0.31291217568537155,0.005906576467288049,0.02282920411302009,-0.19583386387901133,0.026708160609101854,-0.6429723502304148,1.9958235903789499
35,-3.47506893214724,6.09766620905837,7.69362101745068,17.7463707530638,24.1090798335526,22.4983742783829,32.0830894208726,36.142140854192,43.3495388377376,50.3816226930004,2.62583673996523,6.34694936565906,21.6351128300783,25.9473455994249,4.52212432373708,2.74233665636565,1.94297048032999,7.53978684419521,0.324424205951897,1.61709629780854,1.57099732248434,4.20223445525578,2.83573871727732,10.9343072278166,5.56455746441449,9.82268048432061,1.62965979852032,-0.992733950067359,-0.0668166282789079,-0.546052511005275,-1.12168905802908,1.47262423710124,3.85705785423926,-0.461880852275519,-5.19251948085204,-2.42119888511786,-4.43938497808424,-6.59328341875564,-9.88184832672424,-5.49813356939541,-10.3228939872985,0.878318587367417,-2.98728188805465,-9.1327230782826,-2.78493517884304,-7.68047261666778,-11.9135462400046,-7.7038635728362,-10.3109184172005,-0.1955214744547027,-0.06986079149718605,0.0002609548398889391,-0.013937672968931152,-0.3171998304983447,0.0006534695835231457,0.006802173581422043,-0.04060997424705098,0.45111373219462014,-0.04552408887628744,0.011843556703272366,-0.529497470518665,1.5691096528419197,-0.927950818907811,0.24731361577621036,0.0071721683156187,0.06134241183384429,0.15739043478042195,0.03686836789096798,0.1734106578809499,-0.11296882143530233,-0.2721244919647386,-0.12328680362069117,-0.19124924045713115,0.039367380667075215,-0.24323332831003983,-0.060137481326704795,-0.26209208478745716,0.5387603812609358,0.02133114867350878,-0.14315313422833134,-0.09008929717453579,-0.16475863248110628,0.16733111077203122,0.29428851533898354,-0.2149741794093487,-0.18534222776991213,-0.011649615558135243,0.05574115039213392,-0.24328839454633563,0.30060417078950996,-0.007510059314740889,-0.01721877531549946,0.0897944152259591,-0.20464813454678896,0.16283512838125178,-0.0023079157416216294,0.07292906542948588,0.0777275466288687,0.441321044546851,4.650280940983917
36,-9.35549117049383,19.8363679766246,30.480082133008,53.7132493254554,67.6353950720341,102.276824300394,113.785227240624,152.257334479216,194.760891104052,240.521004847737,7.20210852058946,8.72951357887684,25.9473455994249,77.9102350504718,22.8619013697459,12.1643279302577,9.29740116407015,27.8086739634541,-0.671467686012672,8.63639251735893,12.3792805777988,13.481810554065,6.763512017319,23.041630184362,-22.4598390952699,20.9473005017442,-1.58174722831646,4.60135774030292,9.80770628781923,24.0942557664608,3.53165528716633,8.64557307518442,-0.673966136963782,9.14933862961677,0.624779474519363,-11.7802379146614,-9.20756451477787,-8.30406972647553,-2.92214586158766,-7.33600774337272,-6.88301168170716,0.483409881570988,4.19435353124597,0.59373675978529,17.7652576059446,-7.23341594295678,-3.82236691326792,-9.47622619829096,-12.2762832139713,0.3929948168241246,-0.1317838621838095,0.14865937592878473,0.2312525842142362,0.024398385236727296,-0.16242068276484803,-0.09200857015920022,-0.0691683355122505,-0.387181390745988,0.05957335035910799,-0.2228942508809024,-0.9725744300974432,-0.9540611879341305,1.8146331391753334,-0.19345977821821086,-0.156017520142397,-0.0393195157585218,-0.37342728963126137,0.025774208152161124,-0.03819335027111631,0.26063806042158755,0.0777813921603238,0.1141317841780523,-0.15158688692832725,0.10769149308102952,0.07659252630281953,-0.06791514322938011,0.0039237528578388026,-0.16505465771065334,-0.21232308144709588,0.024483436745891207,0.5819296170434428,0.4322698199267156,-0.05679578379711117,0.0006699841076844518,0.3273919663246952,0.2968998178811734,-0.19179743037777663,-0.029092459152698546,-0.10553148213222893,0.09652449067490106,0.06051205404506219,0.1920230349311418,0.0014217490715622175,-0.04577549286042309,-0.054371836523045676,-0.02592831552878236,-0.03855804249439787,-0.11346210775669047,2.125691244239631,8.826110981087412
37,-3.5107446357752,2.77454419159824,13.0646781242787,18.1950944128305,25.3968806037441,35.7598011800476,39.9160081325312,48.7129136180152,68.8920999675998,83.6280186337744,2.3133113473116,1.15121655489758,4.52212432373708,22.8619013697459,10.2379586350669,5.12773953480318,5.11346755346729,11.8774613398729,1.19209157988529,6.17913042547112,8.1864335165589,6.60514138846526,3.40142795156426,9.03525344240168,-4.68619588282735,12.2258160044434,-0.734499061688126,3.50721698771573,5.28987102171877,6.81005266191496,2.00651788756829,3.27399524651718,-1.63156839799016,4.24724724621715,0.655357331763745,-5.89445003568374,-1.24820754287763,-4.24487697318381,-3.74243348025315,-0.92904261827389,-2.00555321634719,0.386174885497416,3.16111818322662,-0.40914829504781,2.67568468131806,-1.96914126037132,-1.33868994048656,-0.898858200860874,-2.94862894928685,0.07631308959244014,0.3786897545828771,-0.36180246179650566,0.2543875927704846,-0.20928163916549034,-0.19209116037665266,-0.08572388307227057,0.4390804078792296,-0.29188307168419103,-0.19020183871456509,-0.07621261486992613,0.17287905426563083,0.2394020644350831,-0.1750942265202536,4.364444173939948,-0.01873001573608988,-0.035409482732082345,-0.03645585905980335,0.0026113652910222996,-0.42409982231402904,-0.005255375896096756,-0.1491578748843265,0.03166010192476858,0.09241321862923182,0.13404658171705708,-0.3223284518833631,-0.23454845175081115,0.16494729281413978,-0.42550490482451847,0.10927553296945086,0.004312785601415591,0.27924241275033085,0.04511941499858698,-0.15523203622487397,0.26163219381927466,0.2785894255264263,0.08333963910122524,0.08291598128949526,-0.01795058150622409,-0.03130809539104688,0.23321625915075456,-0.21215472944775007,-0.06269610416782652,-0.06474364777293953,-0.10962782778413639,0.05651346113445301,-0.008782805902570752,0.15799641727685193,-0.24121734316286214,-0.30560675883256533,3.1981179832937574
38,1.88268945698603,5.97858746398287,10.2750784471091,14.8554064919648,19.8522368934127,21.6475926085693,30.5131307898334,31.7764213047876,43.8178283348995,51.3170443339515,2.00974881058006,1.31897946365114,2.74233665636565,12.1643279302577,5.12773953480318,5.25948817752908,2.9553976488777,4.78241778773611,0.324157966673668,3.61970751887891,7.0527812769523,3.76715444038518,2.18891561469617,4.09649550828859,-10.8005703456056,3.43141736721069,1.3657770547972,2.33596511864253,1.71867444102398,3.39192686782232,0.931944644019211,3.81122866239372,-0.642601806310513,3.93741219714452,-0.914824642638898,-1.47131007395178,-1.05224943198981,-2.4850598070425,0.329824577090626,-2.1249223454298,3.2744445930652,0.957171861221179,1.13814781557174,-3.20409899961367,0.911791190432369,1.17446164879691,-5.15300056389494,2.41741115475259,-4.29493584624849,0.16685383420877062,-0.0030937513426736057,-0.017472611125091568,0.17247514872234035,-0.039355653953642114,-0.019635462675884875,-0.2053562281908009,0.008229638447977616,0.013600951975252738,0.04175390958536635,-0.6069841281797492,-0.01819314899762845,0.009336370609724412,-0.1697567718391035,-0.023800988820407758,4.114921912816278,-0.3247829757521523,-0.12753190934205008,0.39102808490638347,-0.3472395343803169,-0.09456212487593142,-0.23280820411919434,0.012921313371582298,0.019848637385642198,0.08497349162156224,0.007863685584038951,-0.266283928449714,0.01690866566271054,0.2401439229209208,-0.07272574479266546,0.02758695401686971,-0.12135752300845501,0.06586932614617363,-0.3719398188504209,-0.2565840557964484,0.06515525411143881,-0.12321207893111887,0.6405102084545446,-0.11702994969822557,-0.13920843957799123,-0.31352583907419496,-0.310697328099943,0.05201367943469396,-0.14457514930253518,0.07017236368114148,-0.43739387468671975,0.4091948694480187,-0.41785415686503435,0.2840278100943656,-0.8743855606758832,2.2911761559358714
39,0.323506458394625,5.32495982827088,6.49302131882962,8.21745822342557,14.4619136717585,17.6795770346304,23.1108389026754,31.8829169870476,44.7896702363644,52.8263480584944,1.60886413844517,0.0421573431146029,1.94297048032999,9.29740116407015,5.11346755346729,2.9553976488777,19.171260575915,26.7415897084937,22.9337997921558,6.06728880905532,20.5450009753674,11.0995203262343,15.6623786597014,50.779228876151,69.5893329981662,43.9637004056358,-3.63020281515474,16.062274513967,25.384621842213,7.67752235153448,7.28312588524064,10.6086688867498,1.24137432941845,8.65452392390048,5.82781579967933,1.66207069172376,3.28322361046555,-5.43077817275152,4.19017887993551,0.890643090427147,7.54238482496269,-5.74558410905981,2.60296731209297,-4.08542644515016,0.420032422032765,-1.34691757330559,-3.92103777940664,3.90682222122312,0.904341345349302,0.08405770439754166,-0.22890590465105598,-0.023889126027062085,-0.10534980281097488,-0.05953724554591762,-0.027965036456020963,0.0603702137302071,-0.007146827175764907,0.11553083261389965,0.037920806199390464,-0.6590868236193137,-0.017264528753401797,0.062119212741538685,-0.06434165364221997,-0.03129408163167294,-0.3309314999027809,3.7951691105975587,-0.001511332622262006,-0.15139499479136032,-0.44986863857779874,-0.30925880692286556,-0.0842316030620053,-0.5271200984350886,-0.22347216711349097,-0.018048299651244812,-0.3336948308645506,-0.008410680766455568,-0.011304357267563537,-0.5406463725657406,-0.04405856432999701,0.1373983023468681,-0.7840538747910285,0.016980228186290015,-0.32482230144716984,-0.6365174918691499,0.2855815875518681,0.5612840921174918,-0.006516548063281267,0.0077547807003074155,-0.3161296274498234,0.13911376216816085,0.10592789818541729,0.018378655207002995,-0.1437326396939028,0.06393207618588104,-0.0292826176437172,0.0347254215499674,-0.07926122466232942,0.0717682532083345,0.3784946236559141,4.377357716238752
40,-15.6126681602805,-10.5061994293072,7.29768860947379,14.9921374849821,27.2542936844903,37.4821872358729,44.2296799335104,45.1015626036742,72.1315856281359,51.319082008132,3.16916369199709,1.89138685274134,7.53978684419521,27.8086739634541,11.8774613398729,4.78241778773611,26.7415897084937,71.042841175359,36.0526864393494,7.08665518022263,28.5913385466138,21.6916725902133,22.3494989809306,74.0051271150788,94.0720073042978,68.4814232082873,-4.33428895878197,24.802451474679,44.1929531214467,13.9028462847618,13.2338987774825,16.7481657970899,5.48092179907739,9.62821461177622,7.10492292530968,-9.58389258324219,19.3862595388716,-7.88661521630011,-4.58931804155192,-5.28948717427725,-4.28528800817736,-6.89172559110015,7.16523100648224,-8.74493694041394,-10.5287588466915,-0.677626456027375,2.30177617339082,-4.61967186048977,-9.99798350841905,-0.006352967785876822,0.2210408644350408,0.235268016230232,0.2173629588514549,-0.2237544328699926,-0.02200261049123297,0.09550139954582228,-0.30713959820723713,-0.0839725259544902,0.15639407030360955,-0.0970733780556964,-0.04209220002246863,0.1538866373723136,-0.3526403962318579,-0.03729812962404352,-0.1613252252803575,-0.0032791622342864023,1.404628174294691,-0.46858456212255967,0.2872780033312959,-0.0319192311400747,0.20011107155918603,-0.054259660904710134,0.179647463711407,0.013140070893345965,-0.20085809155647827,-0.007806175456256069,0.12649826449461762,-0.6767734343411835,-0.010524566335197532,-0.41193330901716246,-0.011543673824488713,-0.2233486630731069,-0.1520393068561475,0.03502186239671978,0.20051884062371694,-0.8215333091600969,0.33381450438984356,0.008815998006015378,-0.08163489949868487,-0.009078936741585551,0.3165804054441507,-0.06687092619980668,-0.022281048227938544,0.2218478678700405,-0.11694867681729437,0.017241677497243462,0.1513772849953279,0.24789200145679868,2.585714285714286,8.428098313104744
41,0.306631933198486,3.19620831363641,-2.84877945399659,-3.27291942711304,-1.55138810209276,-0.645255500977783,4.13601569726853,12.4980214744378,16.156428536961,16.5565726619444,0.665254163378692,-0.873576436605924,0.324424205951897,-0.671467686012672,1.19209157988529,0.324157966673668,22.9337997921558,36.0526864393494,36.844751261795,6.70770132477995,24.2565304602691,14.6739645260114,18.3035662416359,67.0513080166336,100.17957666536,58.4459736114919,-5.09514851250584,22.8002904097977,36.0719107938852,6.66559551073412,11.2235242792955,11.5993119477704,4.10673613315337,12.8687720414397,7.09421589099424,10.4798183712675,13.0548021552872,2.07957761084829,15.1625191910956,-0.50888037600581,7.03502576820177,-3.62020835041921,2.15881791264221,-7.03060548737783,-2.51124209971536,0.616280230823303,-4.65004122287808,9.5471226642778,4.84150968057799,-0.1238146063104616,-0.41115178637374417,-0.11036696041729341,-0.25193470562396975,0.22776218878916354,0.21406151831620523,0.0752978917464738,-0.4259547407831269,0.16318730412130897,0.19436231146076272,0.1506514484016658,-0.16977761622372706,0.028910212268301153,-0.022782029512544547,-0.0009092512747568179,0.3898182616789975,-0.13203127724379957,-0.4490198823232406,2.9768054139342386,-0.45851668661322714,-0.574300483270948,0.10848320349272966,-0.06874680669826665,-0.16160392098443668,-0.10363193803153378,-0.3413924258911792,0.28886279325405567,-0.032095229392627656,-0.5105756326539713,0.09383123183731747,0.007722171602230306,0.10773828241046543,-0.12262945864513003,-0.48795188244002213,0.037191682641465634,0.2640686376148956,-0.03812757907502599,-0.41953509303667136,-0.016435717600996533,0.12925223193601493,0.16410401238582983,-0.1425047805078305,-0.11749505085933376,0.33124709272582187,-0.2703201423313767,0.17627220425194454,-0.13473583776630174,-0.3829724479627751,0.13924376178994824,0.9225038402457755,6.069163967285364
42,0.700206481744446,4.95257419363642,9.95393949329458,4.93550392294273,19.0544637209722,20.5377567441996,21.7952340792827,28.7822374956685,38.2358387804287,51.6677804617193,0.842981887904166,0.386288416303593,1.61709629780854,8.63639251735893,6.17913042547112,3.61970751887891,6.06728880905532,7.08665518022263,6.70770132477995,14.5284319433269,6.27965445026169,8.16573663803005,2.44979362710201,11.8508510990281,34.3324755774318,14.7424859568145,-5.75493928975335,2.96284378764509,4.32470926722583,6.74542818693235,1.70731282335494,3.26255452549974,0.13176246824385,3.72520592719158,-0.566347724613975,-3.64624118131818,1.49340072279975,-3.81563013110877,-5.57661775427963,-5.88384756448722,-4.31173248410796,0.495497717309495,0.627674247315856,-3.01898365717431,-2.11848093308247,-4.95595876192696,-11.5459432171946,3.53654606999009,-2.07364366971236,-0.18758432468616185,-0.3000167433786778,-0.17124633895791733,0.009229578622187803,0.06949051967970428,0.03338959487601008,-0.15657445314245877,0.22747866917269763,-0.033161320461230076,-0.029420887332412354,0.25339494724091216,-0.06668878791743446,0.1653114029032162,-0.036123816928646336,-0.4240333055731712,-0.357658088926369,-0.4697659018564436,0.2847243592096993,-0.47314053864476757,1.5847282758317887,-0.01874116490699352,-0.6869055674428695,0.3545916124686919,0.00031170812952250026,-0.04172277799113919,-0.15919534951260012,0.0689014831920961,0.455967316177364,0.4184302267948377,-0.2557798757621549,-0.007409688725190888,0.3411857401570654,-0.243441340178276,-0.4255741241838099,0.08207559060020607,0.3759763757025429,-0.2440995389144725,0.01613817631078904,-0.017744263348736893,0.06797183726878277,0.33436089127257396,0.2816611966707919,-0.009721656713598507,-0.32181218685074564,0.24944809557112368,0.04360456904420726,0.013573841032446242,-0.25837555232240456,-0.0022753654702334374,1.3104326676907325,3.8103060170184375
