,Cov_0,Cov_1,Cov_2,Cov_3,Cov_4,Cov_5,Cov_6,Cov_30,Cov_31,Cov_32,Cov_33,Cov_34,Cov_35,Cov_36,Cov_37,Cov_38,Cov_39,Cov_40,Cov_43,Cov_44,Cov_45,Cov_46,Cov_47,Cov_48,Cov_49,Cov_50,Cov_51,Cov_52,Cov_53,Cov_54,Cov_55,Cov_56,Cov_57,Cov_58,Cov_59,Cov_60,Cov_61,Cov_62,Cov_64,Cov_65,Cov_66,Cov_67,Cov_68,Cov_69,Cov_70,Cov_71,C_0,C_1,C_2,C_3,C_4,C_5,C_6,C_30,C_31,C_32,C_33,C_34,C_35,C_36,C_37,C_38,C_39,C_40,C_43,C_44,C_45,C_46,C_47,C_48,C_49,C_50,C_51,C_52,C_53,C_54,C_55,C_56,C_57,C_58,C_59,C_60,C_61,C_62,C_64,C_65,C_66,C_67,C_68,C_69,C_70,C_71,Mean,Std
0,4414.66849221758,1516.36920288688,406.397181660854,340.911765063986,244.305863755256,160.561213957153,3.00576911557242,6.19495754392411,-5.37188277874567,-5.6762337124517,32.5791877782405,22.2822637293417,8.08971990735684,36.5005471226451,61.4671208147944,133.365487477785,291.049134421872,450.846657527734,236.346812739533,23.415092136976,1.3014194388415,-14.9878707598878,-33.2086743015972,-49.8892741117633,0.689942806137375,-37.5562353419897,-71.489543358774,-75.286413774374,-104.694945766184,-118.953583344018,-130.533242423384,-148.091874638382,-160.158147107128,-174.769435630186,-230.850999901996,-298.534494047475,-353.263033547218,-203.475766811565,-205.822530753425,-60.2450682244101,-188.306741390781,-207.772984116164,-195.727513876079,-218.671484123901,-243.872666506174,-319.925537472347,0.08407798872107351,-0.14075096786350577,0.16043550819594862,0.016926797720171787,-0.029469236101879973,-0.02823661066051036,0.0059281144597693606,-0.020018665129015473,0.0002894841507769274,-0.026114624690560757,0.03214344781483022,-0.04391169178320765,0.00976362698206151,0.006364745692914648,-0.029761283541661687,0.21034864236350073,-0.04373332212275966,-0.3587984815499709,-0.03502658822945164,0.1836254917746674,-0.05146464254049296,0.025009521245157734,0.014564954596621925,-0.03053700980648418,-0.02935700778584168,-0.001647857963487938,0.03031986680281889,-0.02514183918367951,0.00447564484738302,-0.005973932593313159,0.018913712047706716,-0.02166338506597533,-0.0025385237759051275,0.007263505677628026,-0.02128380923026956,0.013779711791603155,0.0006190592787801123,0.015160803987462843,-0.003111465223795572,0.00013183928003200022,-0.009997403633595164,0.004856644023283947,0.0163392315527661,-0.0035935787892594838,-0.016789534810654025,0.006858261621106837,16.987455197132615,66.4428964767309
1,1516.36920288688,2981.5371593763,2076.75088203667,1673.7581252589,1261.21671533249,844.509606516266,391.143396994454,15.0795162262729,-5.5754380070059,-18.4879545162025,18.9538908210301,-19.486805973651,-25.0780892899872,-0.80598353760654,21.2460110814485,-39.1815810663393,-29.2780896948199,-18.0349759197601,-8.0652859693946,3.25566458698667,1.5701035193752,3.36129740872007,3.86380655137609,5.64514494744877,-17.0736131286475,-49.6917615298574,-79.26319485965,-76.9217124679947,-59.7281184551584,-31.8327961744881,-1.92323071809228,24.0855178123016,54.0125769747475,82.1743356018859,78.0506222688818,72.8470379637225,81.3434001165712,250.417021097262,295.140011610368,455.367202400089,-88.3559281152023,-105.931433983721,-103.2185746333,-134.224404860616,-165.997063437414,-223.217827831752,-0.14075096786303098,0.3282214480693409,-0.34046120887536313,-0.04905956440025661,0.04210896617130345,-0.04305173623495229,0.1573053009974975,-0.04530605099807798,1.0714688681355494e-06,0.07327181084201434,-0.12168970817469893,0.11328793421672491,-0.014352977397053416,-0.01590385733981074,0.06904065963612309,-0.41698729653280225,0.0848034295292656,0.7023420868026113,0.06511217639699715,-0.3650300781566019,0.09262964211215421,-0.06283257671095871,-0.02552006260906524,0.07503820078566736,0.07253177625111093,0.0035298337703656077,-0.07117834095470563,-0.031900376063883844,0.026949629753354135,0.037464771387005734,-0.03656568614866112,0.04553662995572719,-0.006462473371014864,-0.021039085302116695,-0.0011283724996747667,-0.0058074193505300775,0.010680870854870838,-0.017666195455346027,0.013582663529918352,-0.015382316099372354,0.05758597932295085,-0.014190361284182046,-0.07749738624054035,0.02043381934639444,-0.009024234978768904,0.03334188757268993,10.960061443932412,54.603362161833005
2,406.397181660854,2076.75088203667,1769.90986995147,1423.95000730941,1071.45737908881,715.187216379082,359.431614312315,-2.31427330393031,-7.90048398273139,-9.53199739842328,13.1417642206035,-0.325235417895973,-4.213470986492,9.88064299820361,22.834149881557,-15.2231913624216,-8.28840069525878,-0.73260055957737,0.130579668212848,1.91529068505202,1.59959999960265,2.56288501947189,2.72186256307491,3.81887765539397,-4.80949955250238,-37.2310506414335,-67.6694571974642,-80.2288735009204,-57.8352429733581,-29.0074506598734,1.22609576130235,29.5376100061012,60.1241158471265,89.8643112820422,100.905568422471,108.572966412608,129.343709989953,244.94493144094,289.454099820529,401.857965061979,-49.4847709232376,-63.1202827112684,-69.9323868969775,-95.4159178783245,-120.556867053378,-144.49494843463,0.16043550819523267,-0.34046120887428466,1.130246315487112,-0.9717332452931332,-0.07095157903619473,0.1844102336087476,-0.0447554918994292,0.1328742898322352,-0.01905440125904191,0.021617289116808696,0.1321821386374341,-0.0605744026305828,-0.08144960124488057,0.06738302110566195,0.1736874565983627,0.5020050784354935,-0.08899192974253303,-0.8819222054740501,-0.014942465443991255,0.6216144499995327,-0.2855064472395753,-0.01742946291150495,-0.009493863404656199,0.18895812794180683,0.09926179354809392,-0.03588519786769803,-0.07243895661469464,-0.05274624604453453,0.16168633151175835,-0.06418344780499786,-0.043346998747934476,-0.014915712446434849,-0.01432543686504144,-0.01812050861903245,0.12196262781053699,0.03974667919648373,-0.09106545997374468,0.0059702608579164365,0.0036217880559881945,0.005140542174582408,-0.017342466125967203,0.03213156484052813,-0.01673681371193453,-0.023409278567168092,0.14741112083321262,-0.10478688308686615,4.553635432667692,42.07017791680308
3,340.911765063986,1673.7581252589,1423.95000730941,1148.79669036511,866.415902576761,579.500403649028,292.970788404054,-0.755667338137575,-4.99400640417054,-6.66441411043933,13.457716406671,1.49556053597987,-1.65926190887576,9.9681066381627,20.6821886347585,-13.7050805682371,-7.2995382391391,-0.490677269798947,0.577718823887733,2.36058192640641,2.78691688450823,3.68664657675402,3.86956588797038,5.15599835491084,-0.917665057582372,-27.4217765536217,-52.0918715160744,-64.4649272759596,-46.4630770373662,-22.7966986092655,2.1625372454513,25.7467476604657,51.1575067153035,75.9928461985178,86.9656862309789,93.7794859502422,112.202419897845,202.0098510911,238.604497207036,326.207048407671,-38.3457566249746,-47.9484688250753,-54.9429801425338,-76.7274722193145,-98.3768172812503,-118.318943991278,0.016926797722998804,-0.04905956440858657,-0.9717332452896127,2.2159866452078862,-1.026378956522608,-0.27627218928730274,-0.01396264506154207,0.0927038778448444,-0.22381103378955666,0.09339860085236942,0.006332143673561722,-0.11413951095080983,0.04851087121948839,0.03337813666318421,-0.016325917299981486,0.09020328469674933,-0.023907546819397364,-0.11488406334084533,-0.10308250009954968,-0.2848413147032093,0.23103538697630344,0.0660130939451748,-0.1169909236908938,-0.2282191059793576,-0.14108010048753009,-0.10338440127874103,0.2572123699552254,0.08686604758035334,-0.2940731763521691,0.03442068281915723,0.2432390073396239,0.014150774895981228,0.02147594431459369,0.016656899620449403,-0.07288951512106057,-0.19261469456669336,0.1415817951940025,-0.015483431385489561,0.012843228451975015,-0.03357236931041806,-0.09669416150906128,-0.030395498223835266,0.22851874489672466,-0.03054506620766128,-0.3431344419053456,0.1986617914079558,2.9348438300051214,33.89375592000855
4,244.305863755256,1261.21671533249,1071.45737908881,866.415902576761,656.543424871382,440.980692344295,225.442889690639,1.37015118602031,-2.62446959354344,-4.22942523356356,12.516401920693,1.22316715088973,0.406468326400708,9.14587274201109,17.1601376747912,-17.1845444948366,-12.3381554259875,-7.20924610224204,-3.16211418363224,1.43781484034998,2.72512859449369,2.58167326319784,1.84319841359653,2.38932657565345,-2.98685218610265,-23.2369680447997,-41.7969998318156,-48.9552456757298,-34.9506565200563,-17.2978689730365,1.25856879585046,18.7221738217165,37.6723401929596,56.2751606519156,64.2719852752976,67.9752107429268,82.116580120218,151.358585300183,178.955422937638,245.809861005429,-29.7394773242325,-36.357094235144,-41.1770302292446,-58.3902347802735,-75.7005743706282,-91.2805924063366,-0.029469236104020947,0.042108966174504506,-0.0709515790427478,-1.026378956518444,2.466653459798893,-1.5484743043244011,-0.00023911634601896415,0.04455244040687113,-0.06081464137039321,-0.09614563971665384,0.17335359662065292,-0.040117918119070096,0.20176668340002257,-0.21060355398677902,-0.3931656887985516,-0.13921437476469695,0.023261384419715238,0.29731723393642256,-0.03800632774241726,-0.01542745316622706,0.18614797932673058,0.09975437149630964,0.1477263786859394,-0.25293358764127516,-0.1900205834560807,0.2610764531066761,-0.06974620595930738,0.10158729012663502,-0.0168368427895266,0.0024075102328143553,-0.1191544627441951,-0.05351843746548048,0.05977670386794083,0.0005678205731012136,-0.08644126762903848,0.14169548416887282,-0.022601943211934223,0.013924884372545495,-0.07914075611566504,0.05844526823855286,-0.017233831334432122,0.010343355795674889,0.0656265084700673,0.012461028028393918,0.18926910382258916,-0.18395690611308874,1.8969662058371735,25.62290820479561
5,160.561213957153,844.509606516266,715.187216379082,579.500403649028,440.980692344295,298.421356475047,155.572046555691,2.68163551527097,-0.897262264364122,-2.25944895654736,12.2676812763284,1.32979380671754,2.10295184942445,7.67566442007864,12.6661715987968,-11.7845077151461,-9.28799678570357,-6.59141676902178,-2.92969673857249,1.12279806182574,4.13079232547514,2.99132511816838,1.35053041338517,0.719146895095878,-4.16800469734041,-18.477620253989,-31.6416222909078,-33.9335381805017,-24.4387082211949,-12.9622793021738,-0.949785882733675,10.1988163846681,22.5282105609229,34.4864820770477,38.5842383801013,40.5969611862506,49.8072985705586,99.466209075505,117.281461365038,164.136866042976,-22.8021311315203,-25.3336823298195,-27.6288824574772,-40.1750222768127,-53.1812814498577,-64.5902085540609,-0.02823661065810496,-0.0430517362306523,0.18441023361729292,-0.27627218928394426,-1.5484743043184899,3.2468762666475146,-1.319046776756988,-0.2625855229891976,0.67878283003671,-0.34469567328284,0.005807379457483933,0.04525969170558206,-0.09289129906146934,0.10186042635818292,-0.052085292935755825,-0.10651503753096153,0.01781313931026834,0.1330100470735977,0.11376198309007261,-0.01564410375075013,-0.12142810743966527,-0.054856791567609454,0.10533360026289773,0.0318710643439016,0.06253483377558018,-0.04240213474702788,-0.021231498011400906,0.1936414584782151,0.007037252215019845,-0.06880016838284975,-0.18538838211361744,0.04618415993746854,0.0047707041794036635,0.02946851469995183,0.0345369795369352,0.08426624688537548,-0.07012877533544891,-0.017587487662680788,-0.0060973669631371775,-0.002508744350871063,0.0558277020528452,-0.016849721496000176,-0.05399145555482826,0.009164068345007104,0.037094608463164674,-0.009877268719539005,1.111776753712238,17.274587013154534
6,3.00576911557242,391.143396994454,359.431614312315,292.970788404054,225.442889690639,155.572046555691,89.0588670103246,4.55243049702565,3.41560121441113,0.380475242742181,13.5037619984114,4.09399952348791,7.5970268377865,8.75998621904382,9.44063997392815,-5.08886059857355,-5.17083039430284,-5.12782963122348,-2.12548171640824,1.10449698581876,5.79368410575697,3.54872343455401,0.861429018058813,-1.26341789042798,-5.13777498836808,-14.2280443251687,-22.7429454844464,-20.9946464705053,-15.7245929397218,-10.403675239177,-4.88123844339261,0.233417787378297,6.21701578346043,11.8240991212573,12.440472038406,13.1654181859611,18.4868997102246,49.2371915072147,56.5868641614389,82.472896099503,-14.0301285644023,-13.1493320364771,-13.7284191078097,-22.3598277973345,-31.7649317074327,-37.6769762828312,0.005928114458520493,0.15730530099508205,-0.04475549190389918,-0.013962645062883939,-0.00023911634773081877,-1.3190467767592506,2.124084837598506,-0.40227640817588756,-0.22467356064777333,-0.017968739276818014,-0.44789393738276273,0.18526280839537718,-0.04019505377950913,-0.04279524420684111,-0.0010799303268750962,-0.03913351758407686,-0.0006268570612137029,-0.0018132490533454648,0.062250354228250725,0.06762808664786886,-0.25428396209202225,-0.09864002361715657,-0.017203633799942518,0.27273738709612794,0.08378217823341638,-0.12208601910214185,0.002941280835828068,-0.21016367777167172,0.128759045040132,-0.02614677678474621,0.10350055235213766,0.03989495825233271,-0.06708527630071752,0.03619031790933191,-0.21052593844125217,0.2291149984563215,0.007553875618625966,0.012470204582878777,-0.10265414934323512,-0.07266102005516625,0.2955897925748112,-0.0015772799748766766,-0.4970909979924318,0.007862835076090254,0.015733146616800215,0.167373545891572,0.2782002048131076,9.436570723007621
30,6.19495754392411,15.0795162262729,-2.31427330393031,-0.755667338137575,1.37015118602031,2.68163551527097,4.55243049702565,9.34743369175627,8.14876458912303,1.08992713125468,3.01902049159348,1.73758412835963,7.65320435287301,4.47163067004019,0.942749631817967,-3.66338760470403,-5.45441935151799,-7.20654868521412,-3.80050138227597,-0.267087201862695,0.646873784963143,-0.704588345650286,-2.38889817316493,-4.29262218844959,-9.05355595187303,-10.5358546636382,-12.0077228305473,-3.4722300290808,-3.67319977314999,-5.77199945716936,-8.02515313405864,-10.2644969082848,-11.8707160873725,-13.5419212895531,-17.695325755487,-20.5312121444027,-22.1218054807385,-10.9387705534004,-16.0361819439565,-11.9132242890987,-6.83045158221019,-6.57371691665141,-7.12294328920781,-8.06912375935533,-10.0116967450733,-12.7072331565974,-0.020018665128685543,-0.045306051000874314,0.13287428982977598,0.09270387784293353,0.0445524404066718,-0.26258552299316845,-0.4022764081746836,1.6526889497963841,-0.9444433443289517,0.07871982876891105,0.4444565710265133,-0.07808570362461556,-0.1297965398855082,-0.009249112842016906,0.2999353011602398,-0.08025899246967819,0.020139387881961655,0.13835713384259946,-0.008045826395784857,-0.10842592021456232,-0.04902424825787671,-0.08404853955452854,-0.13850970262387735,0.24719938557824586,-0.09044150488382958,0.033174888727194915,0.0777740539717788,0.33648659149105664,-0.10192565924616877,-0.2518970069020754,-0.10164418705791664,-0.01788624948355436,0.08658031324024981,-0.015565304181390311,0.33929370907048245,-0.13969015548438424,-0.0572298778989846,-0.06561185142901554,0.0008690666701657863,0.05295836979688736,-0.08525742837042204,-0.031801952246636865,0.22700098737506588,-0.14078702495031872,0.06868969044756458,-0.042859368884103854,-0.3698924731182795,3.055721468288017
31,-5.37188277874567,-5.5754380070059,-7.90048398273139,-4.99400640417054,-2.62446959354344,-0.897262264364122,3.41560121441113,8.14876458912303,10.1261290322581,2.50397811299291,5.2629837061237,5.01894229365677,9.59951544875804,5.86266768452209,1.78193709473711,-5.33520080241741,-5.27648034665733,-5.15669283104453,-2.72021252280038,-0.222127690094109,0.59139026398847,0.0208929829264795,-0.873121972179193,-2.04044716844452,-6.89311866059069,-8.48861881784419,-10.0113643890282,-5.1082717670848,-5.9412840015096,-8.07011491513467,-10.3234522273687,-12.3424339612385,-14.0619441828521,-15.6292848741661,-18.2068444644737,-20.9454742656246,-21.4851228193674,-16.171017641094,-13.9506061397641,-7.68588088416861,-4.22624685172969,-9.02896845396032,-13.2638097508735,-18.0309087357872,-22.3959343285394,-27.0308990440076,0.0002894841507841332,1.0714725455571174e-06,-0.019054401256617504,-0.2238110337861021,-0.060814641368832016,0.678782830038603,-0.22467356064773497,-0.9444433443284388,1.3917012907471575,-0.05846039742912514,-0.30990742565808277,-0.09793419693640196,0.04508740051534719,-0.06840397876681853,-0.43562376393000596,-0.009881053155658001,0.004490355258714219,0.051147223875821546,0.013678677326955067,0.01720615186044551,0.18838217856539544,0.08793465721980455,-0.04783604646184554,-0.19306820043260012,0.0018137397067283958,0.021446408601069066,0.08281747326232763,-0.33325684764643637,0.10985306839653203,0.002297007187731579,0.12392288204322646,0.005518629529433981,-0.05502895202347477,0.06665029544658352,0.011941548917610269,0.020749440683354083,-0.06303292917446347,-0.005248186685115691,0.017577769531762936,0.041950035166689895,-0.16817520912926737,0.0728306774052544,0.05782479450702926,0.11467638713033515,-0.0036052687558139275,-0.09550160725792335,-0.3709677419354839,3.1805862717835627
32,-5.6762337124517,-18.4879545162025,-9.53199739842328,-6.66441411043933,-4.22942523356356,-2.25944895654736,0.380475242742181,1.08992713125468,2.50397811299291,3.69655913978495,3.34380845064852,2.79638035480459,2.58557222446573,1.13113065189789,-0.208099746706886,-7.23017611308648,-4.82151428748876,-2.60513025782198,-1.58044168404478,-0.463117214773295,0.950368133028984,1.10994546910498,1.18772526475046,0.755668565962095,-4.18252740750022,-5.35796733515068,-6.3921975810469,-5.43240029258187,-6.258921957635,-7.73396908028984,-9.4715887535955,-10.8470437160228,-12.4450145530965,-13.4965865352422,-13.9709672679908,-16.5895965589509,-17.7528456234739,-20.9767729662318,-8.69914246617817,1.32348547189143,-0.630664550981485,-6.82289094145069,-16.4796142886516,-23.5350998875314,-29.1473963648606,-33.8751347107949,-0.02611462469046581,0.07327181084058176,0.021617289116794808,0.09339860085159231,-0.09614563971869106,-0.3446956732812319,-0.0179687392775491,0.07871982876869778,-0.05846039742916565,1.902715915956923,-0.42297368328648594,0.047632749474680505,-0.057565171741914466,0.002578047301986917,0.21437389531276665,0.10109442273122903,-0.03512575138277341,-0.05402714607315139,0.0662017198254455,0.2035052237988568,0.3719723542660852,-0.11454513867347035,-0.6003179619586746,0.05423487034257013,0.2582863138683067,0.04425978357658147,-0.04259070161176322,-0.08688279833557057,-0.11943732846556222,0.038148552563231936,-0.0018606932529229966,0.16460340973474308,0.3176529535084392,-0.26789895196061003,0.11790410293760174,-0.33095244748850894,0.11540390309457407,0.018355170205750566,-0.008545233310215675,0.12582600871201766,-0.3002922498567549,-0.02621588561401273,0.383588556017797,0.04631871817703701,-0.031218968878969435,-0.12538320542068457,-0.8548387096774194,1.9200414422050756
33,32.5791877782405,18.9538908210301,13.1417642206035,13.457716406671,12.516401920693,12.2676812763284,13.5037619984114,3.01902049159348,5.2629837061237,3.34380845064852,17.0509348864994,10.2186851463063,7.43620189009688,5.58134940733954,3.29679805120606,7.19588882422503,6.94679256750796,6.90107098698318,3.6391744382517,0.565584654770207,5.4413965442125,3.76217055813004,1.7791866550351,-0.319874509069582,-4.94121526855688,-9.0216630093828,-13.0851407541607,-9.93133587359306,-10.4535481098791,-10.407446665913,-10.7094674834358,-11.2756508377028,-11.6019303954449,-12.0743583715714,-16.5674174490611,-21.318892170899,-24.6091203229728,-6.30351166469836,-9.27723364448916,3.23248938907583,-11.2079623476927,-14.1908383113862,-14.620098694118,-22.3632932560904,-28.8087213862221,-34.7852113636156,0.032143447814924446,-0.12168970817495309,0.1321821386378677,0.0063321436711905104,0.17335359662182892,0.00580737945697498,-0.44789393738244776,0.4444565710263805,-0.30990742565794105,-0.42297368328660107,0.8742721545820978,-0.277313212762311,0.03913077894675889,-0.026252954275245807,-0.039293901741590816,0.06550938507971539,-0.016919439563328063,-0.14311270718632566,-0.012414721434572144,0.010883378927624077,-0.014822673400970068,-0.015316016689227508,-0.011554241184020398,0.04096563304767361,-0.16053349205914214,0.015633118859605916,0.14913026593969422,0.18555706467763827,-0.023642149616737308,-0.2588955095385715,-0.03535168074936056,0.051804905334192956,0.09117397023850686,-0.06679442167776288,-0.009363782617872594,0.05873622093576703,0.040036664930910446,-0.009237696261374247,-0.10960365985743843,-0.010692230776753473,0.13764399125337765,0.003940192257213011,-0.1687333814637233,-0.0692290276215739,0.047423278467741095,0.07310346666968001,1.0672043010752688,4.128066725054163
34,22.2822637293417,-19.486805973651,-0.325235417895973,1.49556053597987,1.22316715088973,1.32979380671754,4.09399952348791,1.73758412835963,5.01894229365677,2.79638035480459,10.2186851463063,17.91256869773,11.5924450175963,7.13949345683525,2.19136221906909,7.79935055592772,10.0139676276469,12.4876947434652,5.86035591522844,-0.493858631244527,4.27308288336917,4.51395040713024,4.4292968669927,4.68205793682421,3.13612366062913,-0.161799090042832,-3.73717200947902,-10.433354597871,-11.331899314825,-10.9307595330836,-10.6631587503133,-10.7537348528485,-10.3448155193532,-10.1616824952667,-14.78241518756,-22.0355007454807,-27.3852580510742,-2.3679813889973,-20.9251377899808,-17.7171096545296,-16.3896457994622,-16.7706678926155,-13.964430372864,-15.4454512545346,-15.15500001018,-15.9093756053115,-0.04391169178332657,0.11328793421690055,-0.06057440263087347,-0.11413951094973668,-0.04011791812024008,0.04525969170671284,0.185262808394735,-0.07808570362464691,-0.09793419693609248,0.04763274947458556,-0.2773132127624437,0.5390191580256999,-0.036450344827438835,-0.018723733340207976,0.1515957868527631,-0.11487726258411061,0.0375153392992699,0.1545866464694852,0.04660766560116875,0.03858008593738965,-0.054833931603297754,-0.07138761355049048,0.08332568508470595,-0.022866412233745328,0.06821598403655532,0.0006669061400870441,-0.11122932647052163,0.22365572273910286,-0.15758180074519526,0.1611094521264438,-0.03965378972584849,-0.023175701300627256,-0.07117831361265643,0.025341709240825072,-0.0787185546646278,0.12280500885389431,-0.06906242729659604,-0.008303450564352822,0.03132896352862045,0.006510518982178732,0.05218370291448954,-0.014072873872538017,-0.08348365588284239,0.10470562339291128,0.0029527309882530772,-0.030375884018939304,1.2204301075268817,4.231142717721772
35,8.08971990735684,-25.0780892899872,-4.213470986492,-1.65926190887576,0.406468326400708,2.10295184942445,7.5970268377865,7.65320435287301,9.59951544875804,2.58557222446573,7.43620189009688,11.5924450175963,37.7495459976105,22.7621633247249,7.19811509389576,3.62565338733128,6.73591363728249,10.2143099506633,5.42937691914581,0.93985024503051,2.95850223436531,2.99576115242642,2.65805288649259,2.75424222304419,-0.677046951796879,-4.6728649740056,-8.61455440444453,-13.4386055953088,-15.9665212549317,-16.5666197964527,-16.9235382455256,-17.602017553457,-17.467497524674,-17.6843145897643,-24.5999831381622,-33.665608085466,-39.0788171076588,-7.0800281016583,-28.0057526535865,-22.0021952289012,-19.5929169702866,-20.9250719354638,-17.557789332274,-19.6179770017101,-21.0543416278617,-23.0434369499729,0.009763626980915922,-0.014352977398646995,-0.0814496012472847,0.048510871217702665,0.20176668339811257,-0.09289129906036704,-0.04019505378103426,-0.12979653988628165,0.04508740051583368,-0.057565171742239206,0.03913077894651765,-0.036450344827304394,1.0711783072338084,-1.6271208779697501,0.4721324994094988,0.020174582827266967,-0.0038618503053058184,-0.04053225912191193,0.013150512824225358,0.08217833060243684,0.12162392986195528,0.0910037985692868,-0.04917528788706325,-0.16641033738631852,-0.12869036656430868,0.05686019569667739,0.11250446334882636,-0.026959854065281556,-0.0748481620082445,-0.01616805621144142,0.11025231895955216,0.02459113041529049,-0.015444844104681889,-0.07026691582801405,-0.1013159995890192,0.15618329982043658,-0.029604358641780272,0.002053177111356443,-0.03539284081637298,-0.02068016306107903,0.05275673840750596,-0.04183709506182168,0.08799088843951458,-0.043852233479483124,0.006247023104939227,-0.008889651049566995,1.1827956989247315,6.14325207016695
36,36.5005471226451,-0.80598353760654,9.88064299820361,9.9681066381627,9.14587274201109,7.67566442007864,8.75998621904382,4.47163067004019,5.86266768452209,1.13113065189789,5.58134940733954,7.13949345683525,22.7621633247249,15.6295340501792,7.75042346673191,3.01985886485541,7.33807630493841,11.9437801758881,6.90390500549391,1.98692267753623,3.35177841814507,2.69355843607345,1.58146137546582,0.807893855351219,1.96338015110942,-0.351780057320474,-2.60899134893522,-6.50335404615427,-7.57611563009692,-7.0904689368668,-6.21771205646265,-5.82120361208983,-4.68654492499361,-3.73105764652337,-6.44315696052113,-10.8298383354898,-12.6674099991736,6.71232124479197,-10.6793949599406,-12.6920327721341,-10.9218585531948,-8.63540214746797,-2.93273491915174,-2.13666228655592,-1.46371046667582,-0.697362683564547,0.006364745695143693,-0.015903857336750427,0.06738302111114901,0.033378136665190544,-0.2106035539837804,0.10186042635899803,-0.04279524420536256,-0.009249112841493962,-0.06840397876643345,0.0025780473023535484,-0.026252954274766704,-0.01872373334048306,-1.6271208779701765,3.3128698500384313,-1.316130002741519,0.04377326446290853,0.0029927730944568146,-0.060891585947257826,-0.0690020516896097,-0.0872082455926626,-0.07930729638531625,-0.12264182176701376,0.12133208088766245,0.06990941954626774,0.15750102035665542,-0.08451114105850491,-0.11377043200237676,0.10384864939623777,0.06790519025253751,0.09501281240896178,-0.22832592555055362,-0.05093017869296028,0.008097204107671795,0.14432581842067813,0.08360570666578193,-0.1716539513806689,0.031749742303550994,-0.009177275260652052,0.045225797762283935,0.026338135886285703,-0.05481120055888071,0.08053454019984087,-0.16831580536542523,0.17208772908327877,-0.0845726969954633,0.01622108070192452,-0.6075268817204301,3.952155620693499
37,61.4671208147944,21.2460110814485,22.834149881557,20.6821886347585,17.1601376747912,12.6661715987968,9.44063997392815,0.942749631817967,1.78193709473711,-0.208099746706886,3.29679805120606,2.19136221906909,7.19811509389576,7.75042346673191,8.0779211469534,1.55371916718911,7.23824228459349,12.9106967780956,7.67820038897019,2.58223100542523,2.98563992865119,1.61050148902665,-0.0824734638291275,-1.61610744792105,4.1894726569704,3.07996999376656,2.07202623036463,-1.10416233817092,-1.23586332388916,-0.283747123706356,1.22625660686015,2.69573166358643,4.85852815227586,7.01354338311723,6.85286223055023,5.53996719915696,5.86166370902625,17.7085036835017,1.96874034072177,-5.62141234388687,-1.60263071237689,6.01617360429935,10.667923274452,13.9125312029773,15.540192675052,18.6318331216514,-0.02976128354259547,0.06904065963401705,0.1736874565960296,-0.016325917302032478,-0.393165688800183,-0.0520852929355284,-0.00107993032764896,0.29993530116012546,-0.43562376392998137,0.21437389531208728,-0.03929390174193849,0.15159578685295122,0.4721324994092462,-1.316130002740701,2.132331668165243,0.025027497610350453,0.014238268593986721,-0.07264628105734279,0.008539702782246536,-0.02729455639551444,-0.399556070392656,-0.1201901133701084,0.23856879598327532,0.306951768100712,0.34280502601601753,0.004168035703464788,-0.5166259926261698,0.0009324413375828688,0.004897207779425581,0.2797019063052191,0.14656313502923218,0.0733319513038469,0.028009393166063306,-0.23836885918595455,0.038682494109923644,-0.07079406555987254,0.03621497466129862,-0.017943304341791328,-0.008218336768822597,0.01659099987971722,0.010932818308126131,-0.019209203632433048,-0.07290894560281934,-0.10450129907921173,-0.015152387659580713,0.11209123139300503,-2.231182795698925,2.8404086232359957
38,133.365487477785,-39.1815810663393,-15.2231913624216,-13.7050805682371,-17.1845444948366,-11.7845077151461,-5.08886059857355,-3.66338760470403,-5.33520080241741,-7.23017611308648,7.19588882422503,7.79935055592772,3.62565338733128,3.01985886485541,1.55371916718911,361.170516129032,284.778509202594,208.755297432512,102.150755621567,-3.92881485899928,-7.82874789528356,-7.09726090267256,-7.01913169535259,-6.80421909394116,-9.58486028240242,-20.7355939172655,-30.9822689488144,-36.7817051032262,-41.1182444894895,-41.5441779240988,-41.0146318736443,-41.524830870339,-40.3902172126394,-39.735423120436,-49.9175062103822,-37.7142384339715,-53.7742824864112,-15.9090581335293,-41.5319966907195,-28.4999252960726,-29.5178202673234,-32.5680706007037,-34.2281226004874,-40.0594283302639,-47.4852040529233,-52.6852747962961,0.2103486423626992,-0.41698729653803546,0.5020050784329773,0.09020328468893707,-0.1392143747653224,-0.10651503753234967,-0.039133517584868605,-0.08025899247044771,-0.00988105315525397,0.10109442273089222,0.06550938508021417,-0.11487726258411761,0.020174582828113838,0.04377326446209137,0.025027497611682697,1.7311147718291424,-2.056959625148237,-0.33713689704739835,0.06761312033819232,0.5587282360126509,-0.13604123769324714,0.07293587258319087,-0.01627467022386163,-0.12126780175762307,-0.02272246912070837,0.03351307565861184,0.029042862661611317,-0.03069123916550708,-0.031695851363204165,0.0537884777668968,0.03568439161675639,-0.04523133478943591,0.027760051532851694,0.005240211645189123,-0.01816062866024738,-0.029132779260623683,-0.00018853508265605215,0.026696908702817348,0.00590166203059793,0.008849148913961075,-0.09571702065642308,0.08234478908788188,0.008393529042385956,0.024669824843746194,-0.04155488767722177,-0.005914706290690686,2.0086021505376346,19.004223639208007
39,291.049134421872,-29.2780896948199,-8.28840069525878,-7.2995382391391,-12.3381554259875,-9.28799678570357,-5.17083039430284,-5.45441935151799,-5.27648034665733,-4.82151428748876,6.94679256750796,10.0139676276469,6.73591363728249,7.33807630493841,7.23824228459349,284.778509202594,241.32899327957,198.032815776737,98.8804755335381,0.375200980346493,-5.34691436237358,-6.3115909303449,-7.91819988117494,-9.87596528573831,-5.26442760938409,-17.3025180553278,-28.380850572053,-35.944590674321,-40.9115652554517,-42.1809960641895,-42.571118048154,-43.7934282661993,-43.4102620576973,-43.5076607167422,-55.0452034188169,-51.6164857893655,-67.7362516504015,-25.4261247173148,-50.831674577905,-34.5049949079431,-31.603198785398,-32.5838812434401,-35.7950884968299,-41.3093422829355,-48.1661835865903,-51.8353594185396,-0.043733322121480844,0.0848034295371143,-0.08899192973264936,-0.023907546822748007,0.02326138443106477,0.017813139309156283,-0.0006268570589308936,0.0201393878821705,0.004490355259367108,-0.03512575138217724,-0.016919439563639678,0.03751533929942238,-0.003861850306010238,0.0029927730937721383,0.0142382685936421,-2.0569596251490414,3.9091202371025293,-1.5201856637832105,-0.32767567327079694,0.054809034804528776,0.02395835903711252,-0.024258828517068544,0.051544386245583565,0.0010401255582251961,0.018062801639740386,-0.02014527830164438,-0.006956002659439063,0.014184341004238243,-0.03553193442877993,-0.04269049753773778,0.08765590509163931,0.06516637269743972,-0.009626146279365443,-0.054739784056296585,0.00705782953381279,-0.02818357664310178,0.024924601852431623,-0.01491651177636157,-0.0020855749325934085,-0.002262955082812605,0.04868425458470017,-0.11003216215689861,0.08135463215133754,-0.029354785844932934,0.023573499807260735,-0.008147346507819536,1.9862903225806452,15.534445380494597
40,450.846657527734,-18.0349759197601,-0.73260055957737,-0.490677269798947,-7.20924610224204,-6.59141676902178,-5.12782963122348,-7.20654868521412,-5.15669283104453,-2.60513025782198,6.90107098698318,12.4876947434652,10.2143099506633,11.9437801758881,12.9106967780956,208.755297432512,198.032815776737,187.626123655914,95.8380025599996,4.73138110424783,-2.64559176944674,-5.28540224563539,-8.58527209412551,-12.726314833156,-0.694304266201007,-13.4207553428618,-25.1450031763341,-34.440130807974,-39.8176124109345,-41.5457208046342,-42.4796597478587,-44.414765354748,-44.799701353479,-45.6426052693238,-58.1429936386654,-63.1333926388649,-79.0393787956611,-33.1691260207768,-58.454038109091,-39.6565324112623,-35.099664030944,-36.0690060807671,-37.2647385828791,-41.6802446965467,-47.0360938541565,-48.9892101168538,-0.3587984815496852,0.7023420867985214,-0.8819222054838438,-0.11488406332226911,0.2973172339220206,0.1330100470722801,-0.0018132490540085757,0.1383571338428178,0.051147223873795535,-0.054027146071708804,-0.1431127071863267,0.15458664646872014,-0.04053225912181104,-0.060891585945588765,-0.0726462810573623,-0.3371368970437127,-1.5201856637859474,3.8699768280345404,-1.6985491699873603,-0.26811308841676273,0.276138487095411,-0.031140696133746704,-0.054874242285210734,0.17479656612073877,0.03405660042765813,-0.008480824915249013,-0.06576973138312862,0.05312156134496728,0.05110200850943227,-0.015563600637667539,-0.13177994832904966,0.02778004916637616,-0.028937569380586062,0.02645285853062822,0.13432125064236258,-0.06228700267698666,0.014960458021806695,-0.07501333168915933,0.033847978108733294,-0.015782459886639438,0.05434489602240369,-0.006236695418922075,-0.0356600667366959,0.005478813550603419,0.05384302372788838,-0.021340658866798427,1.8564516129032258,13.697303517696977
43,236.346812739533,-8.0652859693946,0.130579668212848,0.577718823887733,-3.16211418363224,-2.92969673857249,-2.12548171640824,-3.80050138227597,-2.72021252280038,-1.58044168404478,3.6391744382517,5.86035591522844,5.42937691914581,6.90390500549391,7.67820038897019,102.150755621567,98.8804755335381,95.8380025599996,50.9726599462366,6.08442572928885,1.94186023379316,0.608616268566088,-1.29198975465354,-3.90223588146355,2.37505643211641,-4.3828709913003,-10.3675135012854,-17.3537159831356,-20.7839921943319,-21.4831701274579,-21.6727829628069,-22.6619423532372,-22.456967009445,-22.5405661230883,-24.581301590285,-24.3329123692119,-28.1268437782102,-19.7885425105785,-25.2648652939582,-21.4919349248257,-22.4537798412339,-21.73276299322,-21.6559486839118,-23.782980719383,-28.2521349719196,-29.0849662170022,-0.035026588230994096,0.06511217640380583,-0.01494246544104235,-0.10308250010263177,-0.038006327738188316,0.11376198309615798,0.06225035422771253,-0.008045826396380436,0.013678677328040734,0.06620171982480053,-0.01241472143531844,0.046607665602308286,0.013150512823598467,-0.06900205168979545,0.008539702782481094,0.0676131203320242,-0.32767567326746666,-1.6985491699826454,4.163775755428935,-1.8453982279025463,0.032490100198524455,-0.13853956714623655,-0.062049075988803305,0.1038134314275217,0.0027530542785174895,0.016692871461982034,-0.016277152495772766,0.06804150764132053,0.021362751066556582,-0.026796546019882593,-0.10026785145259375,0.03238835226935913,0.03028373923310976,0.025169618653024556,-0.013282474345927256,0.08701277502383578,-0.08759840164557407,0.00894325321072416,-0.03373457755311906,0.013393474540165725,0.04213560881191811,0.049952452492821486,-0.1775690856433276,0.036837906060185624,0.136529232416536,-0.07003533210265873,0.4362903225806451,7.138813623161525
44,23.415092136976,3.25566458698667,1.91529068505202,2.36058192640641,1.43781484034998,1.12279806182574,1.10449698581876,-0.267087201862695,-0.222127690094109,-0.463117214773295,0.565584654770207,-0.493858631244527,0.93985024503051,1.98692267753623,2.58223100542523,-3.92881485899928,0.375200980346493,4.73138110424783,6.08442572928885,7.38540322580645,6.50652006040479,6.47570984634684,6.01176280408855,4.24820407281895,4.09723489674213,2.75428339129396,1.94937121964539,-3.37912504521231,-5.3996756802221,-5.77592266269306,-5.93700678410307,-6.49714896488841,-6.23767807625521,-6.05183689359847,-4.39246106902166,-5.81400171171624,-4.47325895927105,-6.27506276951446,-6.82763431513928,-9.20794807553869,-8.76319123439173,-5.73946669894742,-5.91823438935423,-6.46789421239013,-9.30615917128865,-7.96372923583243,0.18362549177483667,-0.36503007816014743,0.6216144499996322,-0.28484131471030066,-0.015427453163916229,-0.015644103753762312,0.06762808664740505,-0.10842592021423815,0.017206151861003865,0.2035052237987817,0.01088337892782665,0.03858008593721121,0.08217833060296796,-0.08720824559348155,-0.02729455639507692,0.5587282360143704,0.05480903480306751,-0.26811308841745823,-1.84539822789978,2.2736219803117783,-0.051116826638769326,-0.11692481225822927,-0.3370147679039061,0.14242724859614156,-0.0255784932161314,0.06409264518924136,0.01212424589070815,0.04738784358773008,-0.06391242078587767,0.06282699084205029,-0.04918864057221728,0.04336715235698099,0.030929179740425604,-0.007534896787896036,-0.1486545669011243,0.18566572435272546,-0.07305307889464178,0.011785065910113508,-0.045416218586232494,0.04650323130229578,-0.00014490878928208654,0.008911742825154665,-0.07699829073921298,-0.019258866366952017,0.30148812183421014,-0.20200814778894205,-1.0403225806451613,2.7157693616738614
45,1.3014194388415,1.5701035193752,1.59959999960265,2.78691688450823,2.72512859449369,4.13079232547514,5.79368410575697,0.646873784963143,0.59139026398847,0.950368133028984,5.4413965442125,4.27308288336917,2.95850223436531,3.35177841814507,2.98563992865119,-7.82874789528356,-5.34691436237358,-2.64559176944674,1.94186023379316,6.50652006040479,18.5104507717065,19.1275032017559,19.1806622937234,17.9968428621603,14.0088470457202,12.871110208208,11.5997014976947,-5.05494465100837,-8.70861224612939,-9.64309927705408,-10.3108047075202,-11.8819776400307,-12.6910051247415,-13.7086856320062,-15.8371678028087,-17.7917825131837,-19.2532681441405,-11.1729624155642,-13.8282705235071,-9.11618416692636,-16.9867964828938,-16.2310842609999,-16.4205951920274,-21.5883502692025,-27.1595219694382,-30.6295437085885,-0.051464642539474637,0.09262964211217177,-0.28550644723987106,0.2310353869799753,0.18614797932429641,-0.12142810743814764,-0.25428396209291404,-0.04902424825821013,0.18838217856565478,0.37197235426711417,-0.014822673401018395,-0.05483393160348691,0.12162392986179364,-0.0793072963846811,-0.39955607039256075,-0.13604123769207477,0.023958359038258676,0.27613848709370414,0.032490100198423265,-0.05111682663820892,2.1133457378754117,-1.8620215343311133,-0.33391452898648605,0.31303940268775565,-0.24918934907846593,0.03569641424913087,0.37708326339212184,-0.17957190480002844,-0.11415657403074457,0.029498199363868986,0.06928528256538685,0.014492603177593903,-0.02359462923698649,-0.04134031167298659,-0.02935309297768768,0.053620993824338735,-0.0399885449918876,0.015530015458960069,0.01881611656829819,0.009822203621888717,-0.004998918703094326,-0.012070812473091464,0.03878040187366054,0.08139641694172009,-0.02266261903371321,-0.03222195794403636,0.6395929339477725,4.301215034348612
