,Cov_0,Cov_1,Cov_2,Cov_3,Cov_4,Cov_5,Cov_6,Cov_7,Cov_8,Cov_9,Cov_33,Cov_34,Cov_35,Cov_36,Cov_37,Cov_38,Cov_39,Cov_40,Cov_41,Cov_42,Cov_43,Cov_44,Cov_45,Cov_46,Cov_47,Cov_48,Cov_49,Cov_50,Cov_51,Cov_52,Cov_53,Cov_54,Cov_55,Cov_56,Cov_57,Cov_58,Cov_59,Cov_60,Cov_61,Cov_62,Cov_63,Cov_64,Cov_65,Cov_66,Cov_67,Cov_68,Cov_69,Cov_70,Cov_71,C_0,C_1,C_2,C_3,C_4,C_5,C_6,C_7,C_8,C_9,C_33,C_34,C_35,C_36,C_37,C_38,C_39,C_40,C_41,C_42,C_43,C_44,C_45,C_46,C_47,C_48,C_49,C_50,C_51,C_52,C_53,C_54,C_55,C_56,C_57,C_58,C_59,C_60,C_61,C_62,C_63,C_64,C_65,C_66,C_67,C_68,C_69,C_70,C_71,Mean,Std
0,43.574049432497,17.8789703569255,28.494580325481,30.0637707080765,33.8046252305509,31.4041109110692,29.831871828433,12.7794292805883,9.74212718983073,-8.31225345033252,6.96609068239574,5.13205149580634,2.04000844743432,-0.295421410523622,1.61305338773416,9.36494795066055,-3.23548314725506,5.6710473275487,8.62743326606303,-2.17215796371214,-0.267071278438268,22.0075078573981,2.0854198709077,3.77372372205819,3.07909612027339,6.21907923252136,0.409854668553055,9.90707087690537,37.0634220666096,3.33062749825961,3.76515096693682,3.30439323440201,1.03508220111325,-16.5464149099666,-6.50744950195579,-4.72038498310086,-7.1434721438302,1.66860762516035,3.10283953893952,-2.26774588442979,1.28189954876151,-0.695134281890757,-3.58297960799952,-8.38239084038303,5.35264733112964,7.60405500295987,0.315622468472493,-2.13645122581807,-0.0765465731771716,0.6026355025232291,0.10043784889071443,-0.22741176926570272,-0.045573188685512835,-0.020657152659553243,0.00969759217573677,-0.07859209015393637,0.031959561097595846,-0.055560431297687216,0.0543070716563577,-0.26997906588573617,0.0442570883927947,-0.05478429375203968,0.47060808114955716,-0.013320914231674856,0.16920388965126484,0.32018175807981775,-0.21345078352127028,-0.01602809898569433,-0.0063722234975664175,-0.21495425477258012,-0.00653450312634585,0.021526703688174886,-0.18588848170375713,-0.1640278432881006,-0.20398689734606323,0.3894712148641133,-0.10358205338074093,-0.1192141031529849,-0.20305722818675717,-0.2510061592348966,0.1616254784320197,-0.06562316581141878,0.0570853698207624,-0.07246545668159897,0.16806601669539878,-0.07812059960493263,0.024238131391230506,0.002075187041123333,0.05642722456499319,0.035279032873003,0.03482434465772037,-0.032813279001512284,0.02415695590043537,-0.020379049205369502,0.09817497772778784,0.14939965244995948,-0.04724463859444701,0.0049763372104657646,2.346774193548386,6.600306768059876
1,17.8789703569255,40.1427210274791,32.3064357275072,35.4379304752081,39.0030818268273,42.2208459974313,55.944046266165,38.2422333814396,24.6073574772632,-0.794811764049342,-1.36534952823474,5.14303948881513,1.39833325982068,-2.60532490047273,0.871867450158926,6.16745530699445,2.32212536386666,2.68327652844227,7.36655538934579,7.76611459026035,-0.183782788296038,6.40139731245654,2.98178726197889,1.12352399628718,5.6371129190112,3.17434772437909,-0.760988489670821,2.23291091190382,14.87888369664,1.12414847213878,2.38577463997509,11.5154043760841,8.10995438834951,13.0898484249089,8.98958635854897,5.78427974008451,3.16615216169981,1.51757699831253,4.11133589779068,3.95314411145492,3.16496053825997,-0.557083914391169,-9.31491578103824,-1.82852691457323,0.279748575373697,10.4997019701796,1.37643400202371,-3.19010024256783,-2.17111754448232,0.10123039006161799,0.8153726307565499,0.1098935686824173,-0.2468042755949777,-0.11251374959321306,0.004580873701084362,-0.2993388901582542,0.09795619199290756,0.04862347578528541,0.016646028073684677,0.06181745143718936,-0.028158245727751673,-0.480051193372931,0.5027594112690926,-0.20540615304403306,-0.15227296000411109,-0.12057952653857419,-0.26747622187218073,-0.010694828910376292,-0.18660066741063824,0.03228821842502452,0.1309469675308718,0.37727230077059465,-0.12304822586716266,-0.0321186523800414,-0.07585770579251765,0.16472430458971846,-0.24999488175406734,0.05486133583512637,0.023397179830348926,0.05079547490919304,-0.27479779780000246,-0.03784369498527509,0.05535891794609142,-0.1477783443317931,-0.2096995209016594,0.034979816485521564,0.3183003663806738,-0.08149397099319709,0.08853301650028662,0.08397142849199019,0.3408189986666305,-0.011973996585807655,0.18676868167109587,-0.08665516134528393,0.011955332232306494,0.10215958638461714,0.041655921535470535,0.027872554972465265,1.967741935483871,6.3350391496405996
2,28.494580325481,32.3064357275072,59.2918697729988,53.6445165006111,61.5600817833481,69.1706928450921,64.7157216937735,16.2422247332857,6.19932830904044,-5.8213883482543,0.133564492603817,4.61659207895427,0.212676871912143,-0.187704045805455,0.290372980355744,1.33743599824252,-0.384753064596828,3.2114667175637,2.89453290621343,-3.13654957358249,-2.32644917384636,-1.28243125903181,7.29516621179956,4.31113782231828,3.49243464586701,4.30995254433942,1.40740256013109,2.57119017024119,5.10070215332124,1.7131972111445,-13.3450697432477,-8.73473416972726,-18.5399811696177,-10.3714094147576,2.5366972431252,-0.774182952213817,-3.29711910209532,1.11955739395258,-5.81150486589466,2.18412336501063,8.82502083187566,-2.19006437970526,-9.5568714696456,-3.79975842866313,-3.50601016994593,17.7415774422047,2.30702165796666,-6.42629898641199,-1.01173736549798,-0.22584171223572289,0.109431568095291,2.2310091848645017,-0.3058779867335431,-0.2602039874380627,-0.9027235463694825,-0.12567760468170977,0.043716792710129536,0.16274940666698276,0.04190631185786315,0.050534229210085,-0.537785744142711,0.12815157359935428,-0.08659846687106323,0.016505592129406218,-0.03472675752344609,0.10324532286943973,0.24707460972877332,-0.2867550229931522,-0.01966738245488379,-0.18081140388576622,0.3375602535263437,0.06348510768051985,0.036901087180758484,-0.49816491934562895,-0.5140394276882518,-0.3919860494388477,-0.22318339323597985,-0.1272984376776786,-0.4387655486608938,0.24160353715229133,-0.1042050485247176,0.39270042044262804,-0.07929095127672843,-0.3824075083624059,0.11970781600360346,-0.04938004789720269,0.09623443499038437,0.28234937956302164,0.01515265187117812,-0.1902266326808639,0.16020090944970944,0.12964551108744174,0.1006735553353916,-0.009665198689663305,-0.025399420429289988,-0.13175330646302455,0.015482866799830417,-0.23881915440860987,0.12903225806451613,7.699472045081976
3,30.0637707080765,35.4379304752081,53.6445165006111,85.0551304883513,71.3028366185717,55.0678048240934,34.4375081875928,22.6348392575573,22.3702995088808,4.85861711626554,0.532278233851887,6.70910950850986,2.38226348076038,-1.94637145519813,-2.71054376200091,9.06301538597032,1.08462244656277,2.53327224685824,2.80605503554986,-4.00212995393365,-2.79408896183709,13.1629600267046,3.74128380162388,1.09761619990108,3.84209665653472,6.09974673496134,5.05972388017731,0.678417503330848,28.9620572035244,2.56945129071132,-10.1232029283598,-10.0992263943669,-11.3892393102123,-22.3985972407299,-1.22164891594121,-6.92465594968768,-22.3288498618421,4.92230052720458,-2.57290932879488,0.133673066753456,8.70520086834479,-10.0358465957598,-19.6165385141604,-16.7890812358331,2.77574329242241,5.73065588448294,1.99466698361638,-6.62633142622785,-6.23909517181295,-0.04288378445782083,-0.2406153317365635,-0.3017422955653478,0.992133342012831,-0.654404234031134,0.1326977386562733,0.08856139671382592,0.03313663199850997,-0.10614818051432662,-0.038347656459000096,0.0763876109945947,-0.014129151482186167,-0.011229104026873429,-0.13846167055217173,0.39329251464261367,-0.21586048653832574,0.029643664429654756,0.09567651477412402,0.3467448343384141,0.0964560591304495,-0.2029537387065697,-0.06636168642849793,-0.41770401462577517,0.005069512884795094,-0.02202511664527294,-0.008006538607782786,0.09916371077590305,0.20828509973503828,-0.038088087182149385,-0.1114963658541051,0.30983111502518157,0.024235610516200268,-0.116214855717207,0.06410341348883994,0.005249713759824096,-0.03689921095050361,0.11728065812192215,-0.4618427261131783,-0.024294896680093988,-0.23435451536236648,0.06092636677355877,0.11704269778981255,0.03861629019272297,-0.11238630177191497,-0.21030339231399714,0.4518101133320644,-0.2956139563222296,0.10894900720728182,0.237782841541918,0.6713709677419355,9.221991676874973
4,33.8046252305509,39.0030818268273,61.5600817833481,71.3028366185717,81.9792857104759,78.0716533444735,77.7524304873447,44.5706206690718,30.2083155455238,8.00966529140466,2.29549920946006,5.66690683082052,1.11159334218618,1.25251135072605,-1.28426638194359,7.99232281143538,1.99555771237136,5.97117782273392,5.22784412896082,-3.78010921211395,-1.91005693691607,14.8620945612022,6.31468260242964,3.71807672349123,5.3838629975732,3.2329534998746,2.05837979251743,2.85256961346242,22.946258619077,2.89574398725013,-10.8892736167635,-12.1792130718073,-14.7143784961912,-23.7006023077353,-10.9524932668909,0.388845523146672,-5.41254426861722,1.67160971243553,-3.56775880521918,3.74604814166546,10.1362425296073,-2.39993385372571,-3.84267285012097,-19.5640065928,0.94632117875586,22.4810647431685,2.22726332269639,-8.28454408837403,1.87847710249957,-0.022560070175937745,-0.11557421494517922,-0.26131044287244487,-0.653240897137454,1.5586464349830365,-0.6869750884920216,0.16163906141600867,-0.20390570374179423,-0.028284922913016586,-0.020279922945986902,0.09495765119577809,0.21643180320621566,0.015922740759317617,0.05352252611407783,-0.22921051877758358,0.3824178640523415,0.1991180961429289,-0.40137334359602556,0.10719284949786255,0.06663358108744759,0.24936361840979046,-0.3061149216900838,0.26040855712232414,0.17002558669277737,0.1372537515427246,0.09841791312619912,-0.1091395548486991,0.009136216136702447,-0.06913435151125974,0.09110769555303003,-0.10534620487144251,0.13106667687572388,0.09551795771717142,-0.20555034210450757,0.3478224857989245,-0.2042692031094462,0.13718030993376237,-0.0447940950965562,0.07776768624025568,0.18386312845133815,0.06375893487719819,0.03215092598930187,-0.042241916509139305,0.020832744613994172,0.354192705394002,-0.1697374244634187,0.02017395642585953,-0.141315919515649,-0.3076513567008127,1.5246735791090629,9.053689066368248
5,31.4041109110692,42.2208459974313,69.1706928450921,55.0678048240934,78.0716533444735,103.735452893747,110.778038014981,27.7261964017683,9.20734343390176,5.77288521972734,3.91746642337265,4.12684495839758,1.00728574749574,2.79568207541379,1.84789827920969,1.48653217747438,2.30928143701094,6.150314468082,3.97651164881956,-5.72528833880996,-2.09117855227828,5.00218850135176,17.0247107104829,7.02448190102993,4.45017405719729,2.4187192525038,-0.451938238533248,3.69477476796708,0.547814639288419,1.74452096737751,-9.32117188691362,-6.07753439914509,-1.5228884554268,-2.66637780682749,-10.459407185677,11.1329402494284,26.282641403518,1.71833140012689,-3.50746717896462,8.94382253298559,12.3250806920278,4.91429022108609,-12.295036331512,-11.1018787451704,-0.211713622457326,35.656192324399,2.21735829083002,-7.39619029234234,-3.21863284249242,0.009438008975619978,0.005123577280280162,-0.9050330040704515,0.13188063760065966,-0.6858094221504503,1.6271408414895052,-0.3730010010862871,0.25688519099360746,-0.05575881947265751,-0.002455758038942098,-0.3910896564721784,-0.06649407523073513,-0.005978214440676546,-0.17581077173391943,-0.10855126018799803,-0.1118338071105484,-0.6030644039048484,-0.04121428723023453,-0.13960251293954898,0.06718407750493349,0.4337357552991102,0.0367904552451284,-0.26433351397787075,0.11013214661752835,0.26341945383396237,0.08702682130362123,0.14171068694519987,0.07122819153947596,0.1724581231284643,0.08128334107034524,-0.0707963932599517,-0.04888822362127768,-0.010788088641973668,-0.10705896276208736,-0.068044239002119,0.13757819469505356,-0.10186743441485746,0.11764932806117238,-0.16716538638984615,0.002466127684459236,-0.16030152480243967,-0.3938291384816068,-0.03023231028206475,0.2310261397057148,-0.17665769334714865,-0.20455666450389343,0.41961158995245534,-0.02319571880962179,0.2505666534825032,-0.017722734254992278,10.184569352395176
6,29.831871828433,55.944046266165,64.7157216937735,34.4375081875928,77.7524304873447,110.778038014981,273.495872807352,214.731843962033,115.490008231406,1.42617565279777,-7.03744724292277,5.57443896225346,-2.03442430604732,6.95710049181796,-5.13395785892758,-5.48399678093703,4.60162453326167,4.27507421279572,23.6426264725175,30.4503514579202,3.22037010869354,-4.80440351369529,17.190273913671,8.89040995714827,5.69897068683414,-6.23493356033057,-6.8893574760934,-6.19791135199773,-13.542458415267,-1.73029036319177,-9.5904060574877,-1.43151804729473,-16.0702356392901,-25.90328725611,-18.8767501582783,-11.3933555262048,-5.89066767783289,0.0414428524007387,-3.26334716867454,8.68467041910025,5.10231972559237,17.0985960986557,-14.1118414926967,4.21997197209671,-11.8883264640327,57.8876188290437,14.046172961293,-2.41718615455615,-11.8813847200455,-0.07958809106687369,-0.30039804780537954,-0.12319435177333105,0.08963995803775264,0.16175679891386002,-0.37264430489779266,0.7749645777490898,-0.5860879650259584,0.21643204862472798,0.0033324698381950505,0.15641363037548803,0.02547844267642843,0.11926242664043805,-0.008430652554629972,-0.019077690129274225,0.03199890650296269,0.19480247248135382,0.1246758237179708,0.04826229344843218,0.13849008656703693,-0.07577026343417874,-0.061830895416173225,-0.4032100856247123,-0.19237650779098617,0.030079855470189997,0.28250182843182975,0.11988073267812688,-0.005310333649267554,0.028612899873121184,0.39013461234991753,-0.0052220269341156575,-0.04145388125145439,-0.1373242775026686,0.2595535742069872,-0.05512716531522434,0.15400265615758207,-0.1596390317879786,-0.22476102773695672,0.1308087101082827,-0.0771581347454604,0.01830611612185875,-0.08844762565746372,0.006597216455268217,-0.32330830630046553,0.056645884049502625,-0.4189738058839457,-0.4239213298068783,0.10841222300684943,-0.06010363747239394,3.4368343573988733,16.537408285682243
7,12.7794292805883,38.2422333814396,16.2422247332857,22.6348392575573,44.5706206690718,27.7261964017683,214.731843962033,368.452418566725,256.557884058986,68.7466797992195,-5.02617898762081,14.615180215658,1.65744925361754,8.8709332997676,-10.8283157390178,0.625757235121915,13.5417057229093,-1.98666606354852,38.9607707890458,84.389003368639,7.70509370022444,-9.75571713180049,-1.42452218465235,0.422428266564481,12.7223375649823,0.50973983235486,0.713905519547366,-2.16967780418604,-2.46424061134326,7.22828319587929,-4.70149915156286,1.93165060282629,-11.7397245544115,-14.6904017403757,-21.514618978896,-23.3059977728505,-24.4164682909376,-12.3722769507996,12.6666767248581,8.34530228198465,-6.4779343967984,6.45552299761031,-6.9829360521171,-4.63760086352329,-12.8779170921735,10.0893892526721,8.06157204510269,2.70107054072279,-11.2153470819104,0.033003821571628074,0.09929508592244984,0.04354808479009517,0.03177640741750022,-0.20372232813897648,0.25464108414715053,-0.5851571212638588,0.9023707116836971,-0.5893193261748445,0.04156051246087171,0.14359388176772356,-0.04896748964600604,-0.035347284810625434,-0.17416516446162994,0.31122139466899357,0.11768206840481779,-0.13365931119946672,0.03742806342252244,-0.24135051553955972,-0.22998657192610195,0.06113790731858023,0.0429231633268463,0.5336899437990493,-0.022493669127394204,-0.08623982987058702,-0.11014270740236855,-0.11031760266201777,0.09949976394594262,-0.07444169105735018,0.01760079875829042,-0.027243989691423578,0.18830189194038086,0.0398063724119349,-0.24329357206653204,0.1726361724473375,0.11527342743172868,0.005601357604985698,0.23831721278472942,-0.13651064357791984,-0.028422797000064177,0.046835433099048,-0.1802010540681114,-0.028309012453744873,0.2747184569637906,0.03958449948913084,0.4915366635433671,-0.08280026724503768,-0.06686243319927214,0.06517474176299348,2.6763376856118795,19.194853960546947
8,9.74212718983073,24.6073574772632,6.19932830904044,22.3702995088808,30.2083155455238,9.20734343390176,115.490008231406,256.557884058986,233.370418984021,87.5129258523093,7.49028890380222,9.7328639509585,2.05695148578183,8.01421296044113,-5.26026346014021,6.27017255079256,11.4152236285208,0.454750464032611,24.0211967881119,59.8000477240311,4.75976104297113,-14.4950707521786,-3.82370193458971,1.51135581525266,6.48123752178759,1.56302213908461,0.949171563857822,14.2010164195938,-0.206276473472327,11.3125247119976,-1.74469511378423,2.00712281907915,-16.0613334558439,-17.0120631772833,-5.61461111361435,-18.6008848351366,-43.6355915260482,-11.8930187737714,12.1655420339999,1.28227596217529,-7.6320984681284,-1.2597082060196,-25.6636195689739,12.464821572249,-11.5139422442016,10.9740631566942,2.3276131975541,3.99409897334578,-13.0706712795775,-0.054689364380421886,0.04775730422649494,0.16258114365314918,-0.10560801354136726,-0.026611866177556825,-0.054531504195642955,0.2162133603629531,-0.590019605928622,0.7143009097113591,-0.06806383864775369,-0.2612395405247058,-0.20008734815210222,0.17372073733759189,-0.02017653903792038,-0.2789114895013978,-0.19310416987520426,-0.18484203476733482,-0.0036512155017625466,0.14033395439439478,-0.050364524077376176,-0.15220744078603018,0.15002607107215796,-0.1374293474818438,0.186728075766867,0.05189997466596419,0.024978745235548702,0.006274381893932188,-0.15328395388792287,0.050775424614068615,-0.25733239677448966,-0.030482495888314094,-0.08770857809512675,-0.10058443547334416,0.2667375049041144,-0.18562807058058575,-0.2739256039424201,0.09726106179856771,-0.012307298194972059,0.033947682743227826,-0.0748492603618294,0.07261391483783713,0.2595523067792018,0.03294527812478765,-0.20244170558225985,0.04046412305235516,-0.39511920001101297,0.334658892422461,0.06800841924789346,0.03303846908094226,2.2924091141833087,15.276138876824254
9,-8.31225345033252,-0.794811764049342,-5.8213883482543,4.85861711626554,8.00966529140466,5.77288521972734,1.42617565279777,68.7466797992195,87.5129258523093,676.527010720432,24.0729659617803,-3.72221702766181,31.6960189130107,-5.70771217953228,-11.0132204614798,7.0222542312554,9.44053103154448,6.3741883847207,50.2562277648965,47.1301360219793,17.2052663441358,16.6292363807033,15.5038196871783,36.0666292539531,9.59911912130417,9.52911076807105,4.78046252757871,42.6070687213008,1.4843113754647,25.7182731292947,22.7110396631829,-23.8617573681849,9.62780505661011,85.9652035434653,-9.92763581855035,87.2061399230443,198.649126343774,4.21522917949019,27.7135609363684,39.509552195588,23.4240150517172,16.1501466904411,-49.600993477426,7.56799836148325,2.07523997718187,-6.37116588823409,13.6063213372339,16.7533074756636,7.29787724061563,0.05393895096930063,0.016659008957750937,0.042500434787843294,-0.03823721330109316,-0.020299157761014548,-0.0024115153563912706,0.0034393108900233624,0.04136462355902926,-0.06797124824357344,0.09356198217196754,-0.07072234776000562,0.06670991444710175,-0.13404872156314068,0.11349459437839494,0.034482230155703064,-0.002743819718211027,-0.01401709816747035,0.053487933680251884,-0.14451145631762297,0.0012143531556712303,-0.06924834147397771,0.031192013080832397,0.013375307233397138,-0.13203053277593657,-0.017257499673844826,0.002055934090569838,0.06555766625141383,-0.0749585364008899,-0.0155424213496433,0.04277425336448877,-0.026942643899200966,0.060880862164033864,-0.003572364433319867,-0.018396404974805793,-0.030016515034697152,0.09117133563055817,-0.052164478483079674,-0.06780258831275573,0.03934648421394098,-0.030669679440738038,-0.11281996208211756,-0.11088183401440084,0.0017109860251855694,0.03555075743653796,0.06405667374869209,0.0122354340209396,-0.02813229138532071,-0.06848161575596219,-0.05744181268075531,6.707763696876602,26.009940613550658
33,6.96609068239574,-1.36534952823474,0.133564492603817,0.532278233851887,2.29549920946006,3.91746642337265,-7.03744724292277,-5.02617898762081,7.49028890380222,24.0729659617803,11.2858064516129,-0.21831623623337,1.02333692074307,3.26406539867484,2.26838374586212,4.40095490323845,0.834362194213293,2.79173485438723,0.847501235817301,-0.556560722785264,-1.7734152727702,4.51105728366045,2.32225164880743,3.59377602421969,-1.470082988411,0.345530549173982,1.96123990213638,12.8913421147145,7.47279386529201,2.23983243152971,0.390195844900676,-2.28834301093809,9.47215468717731,5.29025231021684,-3.25908187563501,0.600795763320118,6.6202746722064,-2.83623753514331,3.08492776362962,-2.01278773266636,-2.45762055713917,-0.844410974499344,0.61598850904161,4.44336145174616,7.53960943178211,-0.334639353703464,0.389396540786792,1.74020913890639,4.54761466006953,-0.2691124839789735,0.060750773795746324,0.05094898204347018,0.07846782217254866,0.09720913539187462,-0.3905509714940864,0.15533923318264375,0.14711209687210577,-0.2645358539622,-0.07025213820702016,3.1872654278998733,0.024464597177475716,-0.28366760407028513,-0.36731110177388465,0.03426825684837915,0.0017452259559737576,-0.25385117669066415,-0.026846619428230682,0.3233821397569792,-0.01271617096054419,0.35861981501691004,-0.11784004042662816,-0.2976128469270538,-0.16024271037659024,-0.04727904632210031,0.5274616983102336,-0.06892613051766307,-0.9237143476618549,-0.058970522532777625,-0.14351814291754633,0.05767566867423097,0.12082641719737201,-0.23902670621282363,0.09743225978695923,0.12438788857875711,0.1390960131201611,-0.09395686011538235,0.6901434740840132,-0.06307577002005485,0.5110462139549877,0.047719722713744354,-0.11397189203003198,-0.18522630174014124,-0.23164337630455242,-0.42490868702565915,0.1318186139984772,-0.04240686663083733,-0.07470108401574138,0.3181241308922657,-0.1774193548387097,3.357946761283285
34,5.13205149580634,5.14303948881513,4.61659207895427,6.70910950850986,5.66690683082052,4.12684495839758,5.57443896225346,14.615180215658,9.7328639509585,-3.72221702766181,-0.21831623623337,3.40534050179211,0.439996138922001,-0.610218240060138,-0.0548697923237115,1.8969025401574,0.152432591459183,0.143921283065105,2.92132902458939,5.5404925371312,0.286717565743994,3.17876224036032,0.207619392071361,-1.20015354672031,1.95472212789727,1.97372877411884,1.44182783402983,-0.276826723853009,6.56473939158391,0.518619310741187,1.03125082762367,3.26819902718966,8.47513889035584,8.42132336112955,1.09627467053284,0.516960269427922,3.41763738422609,-0.137637015813343,2.08091134798725,2.17953752320936,1.33630022753456,-1.41779122213733,0.362252522105745,-1.38864168501748,2.7090077154252,-1.86699522596591,-1.68414389874102,-1.91432083995515,1.67844719377075,0.04889393981884668,-0.026865655381148074,-0.5557484738604671,-0.015393283174320498,0.2133877668454593,-0.07019106549946416,0.022623524961356743,-0.050049062956100614,-0.20134042484700687,0.0646511263867137,0.02270094241178385,3.5293375127484903,-0.6738504249261453,0.03253688108457316,0.0451464433608055,0.18075404621349916,0.04192400200163001,0.08723997118257965,-0.11958507743251413,-0.03012304451279929,-0.231886686745863,-0.09713369994549456,0.07571054475659177,0.6564780470170124,0.18376270233835068,-0.3956218285917326,-0.15738078978500128,0.03617382253916233,-0.08215032672763845,-0.017990864537191155,-0.07957748797039664,-0.241089992244132,-0.1382691860966243,0.25321343960202347,-0.09321374539929123,0.24839936101781507,-0.21932758259954804,-0.004667909071431716,0.053059329852199216,-0.08285038861880645,-0.5160972136000982,0.008107283544095728,-0.0185657151301834,-0.22898114808470368,-0.275048754206104,0.3538547606018617,0.3907011430607178,0.29323399015099505,-0.22695223978978477,-1.0053763440860215,1.8426449744299942
35,2.04000844743432,1.39833325982068,0.212676871912143,2.38226348076038,1.11159334218618,1.00728574749574,-2.03442430604732,1.65744925361754,2.05695148578183,31.6960189130107,1.02333692074307,0.439996138922001,4.57666666666667,-0.299205456225905,-0.26499453194951,-0.827505188606833,0.0377825723153,-0.0844403134377836,4.35572350795361,6.24833423112593,0.573334251748058,4.44277373055143,2.56898884400622,2.30166459720728,0.112772456762793,1.64833001040853,-0.162219083703971,1.45166749325881,1.64834090906049,0.426114338702589,2.91013574717382,0.125282255046413,-2.57785024126353,-2.11499753396035,-2.09611098054098,-3.07778336561105,-3.43293781755229,0.315555420306703,2.64185276792736,0.299821181337581,1.26555671726331,0.726115722273013,-11.4177741814274,-2.52110951124889,-1.37056113267841,-0.895554721828517,-0.763890145100274,-0.970547479108256,-4.56804661741645,-0.06274543846074195,-0.4847034794233258,0.1167641456474736,-0.001508737528333934,0.015351202822303206,-0.009190462518405117,0.1211350477742157,-0.03560027240995204,0.1788742711974852,-0.13732495060045158,-0.2781010164150871,-0.6774302081125664,2.6214705652851364,-0.024030001206857454,0.4267482499081398,0.4294517939164898,0.10545465587865505,0.32944462444691586,0.012485969960364506,-0.12066223212273466,-0.26117526016280335,-0.10774608723969081,-0.024223913669494872,0.29563765098753625,0.2468684893759092,-0.07011110989095913,0.11122516422972328,0.11085258572355396,-0.04348823027664965,-0.28637491657972614,-0.1406731896579131,0.28681649399989456,0.0011688777652260319,-0.033234627699690426,0.19386644598518044,0.08117016307543085,-0.0007782729399768529,0.40608979904028103,-0.26274490928995464,0.4361803562263624,0.04227217790001229,-0.43555370344217775,0.14886322532345606,-0.0650505258129655,0.09031481393104548,-0.10906407738661725,0.13759693909536322,0.38748769767247404,0.09744647790480176,0.0,2.136976056643281
36,-0.295421410523622,-2.60532490047273,-0.187704045805455,-1.94637145519813,1.25251135072605,2.79568207541379,6.95710049181796,8.8709332997676,8.01421296044113,-5.70771217953228,3.26406539867484,-0.610218240060138,-0.299205456225905,4.39373655913978,0.885799719892939,-1.086126218919,-0.622992839390201,0.683871375420156,0.159538088836574,1.02707166994681,-0.604045628630874,0.577005530604621,1.61902479953298,1.65644785586072,-1.13101487490783,-0.651910999285094,0.228279525783794,3.87453991944457,-4.45569409203973,-0.333072968566835,-3.25011106918885,-4.63379122713009,-0.365977440629769,-6.51816170343769,-5.0048392419288,-0.619344040335387,-0.851489266752145,-1.88883542152939,-2.02326746172712,-1.58631376221729,-2.13679798223878,0.763474204922634,-3.98883568678451,-2.08558701917496,1.75992050660293,1.58271752990772,-0.573118890704829,0.109075978313609,-0.151205943486543,0.4729851579880291,0.5103234023411238,-0.08804528603924543,-0.13470190934788706,0.04969439791436212,-0.17267421731740656,-0.0084235624470933,-0.1772754417460277,-0.022443067882223566,0.1150085951639249,-0.3648267069190585,0.03307710234096326,-0.025213013443663324,3.1397348499403703,0.1942464685321909,-0.09386692418182682,0.4062054848061928,-0.029010811468881768,0.2008133761928972,0.013622142027856221,0.030761318937714888,-0.3381541267712745,-0.09210891794316943,-0.40163808540985907,0.16126608076165783,-0.3275239283424475,0.1880378684262452,-0.7541547594369338,0.1160475630679774,0.13494759453601582,0.22876226232993385,0.004812255709559124,-0.057987172976525114,-0.017354620844089754,-0.10049477714983959,-0.1100929333952597,0.07692485059266073,0.312011855470878,0.1713617810619748,0.015045651472132894,0.2685382301437757,-0.7773401639348757,0.10065340300037044,0.21780127924342918,-0.05027383047258333,0.039936747700174115,0.05431985509539019,0.08787834432514044,-0.0612491203061199,-1.9596774193548387,2.0937374618465863
37,1.61305338773416,0.871867450158926,0.290372980355744,-2.71054376200091,-1.28426638194359,1.84789827920969,-5.13395785892758,-10.8283157390178,-5.26026346014021,-11.0132204614798,2.26838374586212,-0.0548697923237115,-0.26499453194951,0.885799719892939,5.81161290322581,0.831351475389735,0.529561918879801,0.747530817559091,-0.936849421066826,0.0088939131050251,-1.08571673978863,-0.977652241306044,2.72584044565917,2.9256725722497,-2.09703434630997,0.953397838577655,0.129809220923241,1.33741698505735,0.596114000123359,-2.1872586650727,-1.4734241128206,-0.940439992824739,2.83540233612212,4.58228242647086,2.24505558475541,-1.14091257176286,-1.10381717941697,-2.03211240579888,-3.16720997468909,-2.49139386281196,-2.08174595145579,-0.737234952654235,1.49843770713462,3.354384067214,-1.1682208686441,-3.3417894799757,-3.25811928316528,-5.85977858969713,0.433430553211246,-0.013238342009069176,-0.206842028242856,0.015779675731047868,0.39618630431601015,-0.23532559558070418,-0.10701126886394996,-0.017714076329112427,0.3136641710898594,-0.27915097757839896,0.034152093013548074,0.03336735707320679,0.04547541369085024,0.42844706700777163,0.19214195738943643,1.9345035525026981,0.26402543207580026,-0.5431271125233597,-0.02891953891718762,-0.17165953689217625,0.07383857450841516,-0.3833841074735572,-0.21140214952150244,-0.25354058838410887,-0.4032354960908701,0.1915766914597575,-0.3400988559745795,0.03444154424248428,0.15133996119157792,-0.0886165450030896,0.12554937414300552,0.35285832751622964,0.020495162754452474,-0.29406250787570704,0.10376880810908591,0.015220946751662376,0.06878695148877627,-0.006209421725518437,0.2987660840220443,0.012361263505804724,-0.021968085480690923,0.30871365496743136,0.022845854921675804,0.11578395392481639,-0.08216232357437057,0.44641567011103706,0.4033838461042723,-0.009764648206879667,0.04752478980776879,-0.23784276375272811,0.08064516129032258,2.408653753287468
38,9.36494795066055,6.16745530699445,1.33743599824252,9.06301538597032,7.99232281143538,1.48653217747438,-5.48399678093703,0.625757235121915,6.27017255079256,7.0222542312554,4.40095490323845,1.8969025401574,-0.827505188606833,-1.086126218919,0.831351475389735,33.1886850358423,0.900786992600124,1.50617988707351,12.9564770589676,1.56406485048575,-1.84748923215556,37.1930276116149,1.30805752024652,-2.73907463207981,0.0822837111009281,-0.0918746098435048,3.49733603324205,5.07203301232353,77.5352228679327,0.545854598454951,13.5727512345347,11.7960688662387,9.46336249716401,8.65574374987241,0.543501420870565,15.8229670872362,29.0206346524426,3.6159073924307,3.26038806839512,-5.57686902478959,-5.49625001636991,-2.93439053887898,3.24718760850823,-8.15795262803527,-0.550074004438548,1.5020806433137,-1.0803442917066,-5.24715104432254,-5.06728979168017,0.16980714746969233,-0.15356408750625264,-0.031883846440325464,-0.2200551340129183,0.3782793235924955,-0.11297227339167892,0.03591236608625991,0.11891515873210488,-0.19543398774588783,-0.00022445475917936845,0.0009740025875196822,0.18305199045761583,0.4290026229775572,-0.08939152762077159,0.26950770817051134,1.875429958035646,-0.28981501541155386,-0.259820758988951,-0.02701435768831308,-0.058197361178738215,0.2992469133207803,0.24417957073390653,-0.10781498159527153,0.007674241517441316,0.21836209563546582,0.008335793197048654,0.480245338978182,-0.01396780759523285,-0.8205557753454807,0.022866864704654606,-0.05717509601298718,-0.17429066172213664,0.20846549896504726,-0.12207800842047196,0.23249146912075294,0.10880374641554752,-0.14875816788134963,0.16027812172289116,0.2132163847529729,-0.07080652539362675,0.26758154504168374,0.23431817637533725,0.07906133905572657,0.13478407750488197,-0.1311944398378108,-0.17834847170742563,0.009933993910061813,0.13664027216364433,-0.2844239126353518,-0.6061827956989246,5.760094186369029
39,-3.23548314725506,2.32212536386666,-0.384753064596828,1.08462244656277,1.99555771237136,2.30928143701094,4.60162453326167,13.5417057229093,11.4152236285208,9.44053103154448,0.834362194213293,0.152432591459183,0.0377825723153,-0.622992839390201,0.529561918879801,0.900786992600124,4.77127538829152,0.072531367966724,-0.44510726670709,0.936818641481643,-1.17511357130581,-3.82638973415593,-0.305560265770506,0.58633871347478,0.0376447594225713,-0.746806021666703,-0.0859873951048193,0.0005910998569967,-1.92338227218659,-0.0714809896202204,1.67086446249905,0.593539375687301,-5.29797667191378,-1.05981203887738,-1.09077374155246,-2.94793194867873,-2.50187257520876,-1.3061626006384,2.06412245387415,0.268271109477293,-0.159081120877467,0.242534375481351,5.04236288127918,1.34596914213061,-3.23194806009205,-3.14622663656256,0.304340035080665,-2.07647563456319,-1.42997733073836,0.3224824733042727,-0.11896638894525534,0.09068063692773162,0.029102784583034776,0.1990484263594943,-0.6055971510247571,0.19695029014212054,-0.13830410103455676,-0.18608795324200322,-0.013717805681089998,-0.2451262353826735,0.041655009826475534,0.11044827630803604,0.4111258670854525,-0.5397377509212143,-0.28444731350907904,2.5675686559019306,0.011967711532344064,-0.040375892016357856,0.3234539339370298,-0.03302730529942677,-0.11428760272623026,0.0022932301545090378,-0.06696626421515546,-0.18674865464840112,0.19564896502817705,-0.029134987276427392,0.3430778055115167,0.20558956468195086,-0.14875644594248638,-0.5146342492449291,0.04814771730341237,0.28880924552910947,-0.1888114607711414,0.08107870671722123,0.23707430312305267,-0.022089079220308193,0.2053831048694289,-0.04742755018637624,0.04078096138490874,-0.005989432012723247,0.18658922127151492,-0.17336371571302395,0.05615015489354471,-0.4045111802164869,0.28312811360402257,-0.6680114632151998,0.2405987478745552,0.33010747232371634,-0.3413978494623656,2.1820346899835297
40,5.6710473275487,2.68327652844227,3.2114667175637,2.53327224685824,5.97117782273392,6.150314468082,4.27507421279572,-1.98666606354852,0.454750464032611,6.3741883847207,2.79173485438723,0.143921283065105,-0.0844403134377836,0.683871375420156,0.747530817559091,1.50617988707351,0.072531367966724,3.46035842293907,1.09308593669884,-0.875139038525791,-0.328021328475663,4.46674201653109,0.81297835154157,2.78881020573213,0.677357630443487,0.282207807576004,0.0528571088606599,4.41019990743023,2.83556186155478,1.25192043381327,2.260597369724,0.816838772003232,1.89088354809323,0.734430867634067,-3.41058986620276,2.04997458085497,2.58204262364977,0.181460709517431,1.09180262209471,1.57712026122274,1.18579008231503,1.03279726120724,1.83186216555147,1.96677423427733,2.96103170297386,2.58394896085664,0.15422819456586,-1.27513854222399,4.09933188645526,-0.20856325969562386,-0.2723928636965699,0.2508151091373248,0.1030153500236048,-0.40689288019485764,-0.04265026659822146,0.12488249103551802,0.0467893853799204,-0.0036418310396448697,0.053616841962378786,-0.026746143005824553,0.08901938809832978,0.3434693868606819,-0.028950178031037884,-0.02977274534682541,-0.25837546479439555,0.011600920046665733,3.6805838985301613,-0.17078592250317381,-0.20201302109171274,0.46280461371890363,-0.014517202028908301,0.1207529619034037,-0.7730432661968487,0.22112027888938798,-0.0977860380761047,0.046833948140712706,-0.03875681431365728,0.07895437722441967,-0.02114214062650647,-0.35629297032906315,-0.05090270904805696,0.048501103181137636,0.15350359745326658,0.481705535475598,-0.4322194044715531,0.14211399823638213,0.004398653038190683,0.18727327766706667,-0.21134464507588088,-0.3636611453554573,-0.37607254472767077,-0.03840218951982783,-0.48271915830415985,-0.2974297023788917,0.022889890665243183,0.1259381703893255,-0.1298484995071151,-0.2622640528052045,-1.1182795698924732,1.8575140438066864
41,8.62743326606303,7.36655538934579,2.89453290621343,2.80605503554986,5.22784412896082,3.97651164881956,23.6426264725175,38.9607707890458,24.0211967881119,50.2562277648965,0.847501235817301,2.92132902458939,4.35572350795361,0.159538088836574,-0.936849421066826,12.9564770589676,-0.44510726670709,1.09308593669884,22.8993518518519,23.8820530312136,1.96509672972332,23.7278704209348,5.52171795170848,2.92008666668789,2.05289660002465,3.08155708355203,2.57022788869205,3.41695046257587,37.3050130865866,1.41555493365366,10.7474694959276,10.3066210068646,7.01508290395891,6.18208690997072,-1.65563760518874,0.966961344962229,4.03753422943442,4.34245176461529,5.18434275168336,-2.92103352133403,-3.37522473199103,2.5918673093888,-11.4720841974062,-5.56517779460472,1.89608265870436,3.19406777374126,0.985201545817566,-2.06348171752473,-4.86304761229981,-0.012509503175268624,-0.0125034905604555,-0.2812378278231733,0.34747927237189935,0.10252876688193967,-0.139274765744304,0.045665258878580486,-0.24645686797040595,0.14870159944995448,-0.14586923738061672,0.32184802286881253,-0.12562978020440987,0.013568829810164525,0.20175953882034595,-0.17799203212101103,-0.0275097498777564,-0.03904597542505736,-0.17332965876596246,1.8903856100089442,-0.3605294538664091,-0.044858276526662355,-0.010908683889548727,0.06433437484327797,-0.07313304687906885,-0.16543709503583093,-0.19949088919814068,-0.13579747304686057,0.10823278997822423,-0.2945807395669045,-0.021581045859285674,0.3458385253777563,-0.202315290750911,0.18403954464162872,0.06163447144636841,0.09100857846602785,-0.14749305653898132,0.036710058068409025,-0.6628606813715818,-0.17857276343483053,0.3048195893969829,0.4340582066461145,-0.3212074795075521,0.19749938299047548,-0.05121157338554334,-0.7137466360208766,0.02169140563247222,0.2128521797243866,0.24133053960757028,0.0001520855141256677,1.3055555555555556,4.7842817487948865
42,-2.17215796371214,7.76611459026035,-3.13654957358249,-4.00212995393365,-3.78010921211395,-5.72528833880996,30.4503514579202,84.389003368639,59.8000477240311,47.1301360219793,-0.556560722785264,5.5404925371312,6.24833423112593,1.02707166994681,0.0088939131050251,1.56406485048575,0.936818641481643,-0.875139038525791,23.8820530312136,82.588376393867,6.00359695320698,15.5910753397462,17.0422082266422,5.03694522554912,0.040702166322418,4.86484509409935,5.57837993286995,0.721539306113982,10.5513177295698,4.06740631070437,16.8406939776978,26.0613198663695,29.1941456293871,94.4776426667452,32.1623754969549,1.87575848441959,7.57630780751838,-0.410614717424937,8.08966240859172,2.17012326569212,-5.28143896930861,0.118320942571338,-16.3937472562683,39.9845276869074,-4.25880770575528,-4.20096744051615,1.17877411063903,-4.22172233521607,-9.37576254313914,-0.0067727878607362485,-0.18176844257183916,-0.020137073665928307,0.09500828939878982,0.06798904645825783,0.06707109851697009,0.1377322009030572,-0.2296369042699216,-0.05154077728939966,0.0011401071565889074,-0.013098066939690671,-0.03218911030953101,-0.11900308281887155,0.01346248496330835,0.07425073555292465,-0.05942332637074582,0.3244861274987479,-0.20379082284036534,-0.36304752535037565,0.8905589466127745,0.10691576535568544,-0.34441445620762967,-0.9412097657916857,-0.010770568582943528,0.05968524029597891,0.024933057321894915,-0.13299594497464926,0.16512130125000773,0.1997029960549016,-0.19307525542879847,0.0609597025422276,-0.14322338087867584,0.22851351723612284,-0.2746176903642557,-0.08923404436644304,0.12882622734584256,0.05944915021037763,0.12420275323338584,0.19610027578488085,0.06364581558560742,-0.16715089851656653,0.1940664190768568,-0.05641689326102031,0.05056927560084761,0.01899173579182383,0.04834991932405562,0.09786441523727116,-0.27090225513725236,-0.025839610422418724,2.5882616487455197,9.087264516556509
