,Cov_0,Cov_1,Cov_2,Cov_3,Cov_4,Cov_5,Cov_6,Cov_7,Cov_8,Cov_9,Cov_10,Cov_11,Cov_12,Cov_13,Cov_14,Cov_15,Cov_16,Cov_17,Cov_31,Cov_32,Cov_33,Cov_34,Cov_35,Cov_36,Cov_37,Cov_38,Cov_39,Cov_40,Cov_41,Cov_42,Cov_43,Cov_44,Cov_45,Cov_46,Cov_47,Cov_48,Cov_49,Cov_50,Cov_51,Cov_52,Cov_53,Cov_54,Cov_55,Cov_56,Cov_57,Cov_58,Cov_59,Cov_60,Cov_61,Cov_62,Cov_63,Cov_64,Cov_65,Cov_66,Cov_67,Cov_68,Cov_69,Cov_70,Cov_71,C_0,C_1,C_2,C_3,C_4,C_5,C_6,C_7,C_8,C_9,C_10,C_11,C_12,C_13,C_14,C_15,C_16,C_17,C_31,C_32,C_33,C_34,C_35,C_36,C_37,C_38,C_39,C_40,C_41,C_42,C_43,C_44,C_45,C_46,C_47,C_48,C_49,C_50,C_51,C_52,C_53,C_54,C_55,C_56,C_57,C_58,C_59,C_60,C_61,C_62,C_63,C_64,C_65,C_66,C_67,C_68,C_69,C_70,C_71,Mean,Std
0,600.816003584229,328.755565252774,176.890443067615,100.914703318236,56.4775965632248,-53.384015709687,181.627234907808,286.017350325899,180.525176513763,87.7391938629614,77.0717338999927,12.680026074583,78.6489525409297,-15.9058753126616,-72.8706561817385,-8.53191779719624,61.6821882229785,32.1653921303482,19.8700975382956,20.279104708189,10.822724075851,-11.9064457886457,20.8896275399915,37.0956048384598,10.3667968060403,-20.1893006848849,14.013432642671,-19.4974081710137,27.5173309812485,43.5610599835897,-2.66882889598539,-34.430913975637,88.2139848306825,-37.9157862126136,6.44036411160009,31.4853928369375,52.334215824266,0.236528513406734,80.9193949308681,-8.16077433186184,-87.7111600535979,-25.7234897887096,-9.06018031741084,-4.86379205363145,3.11122125983321,-9.7478138640037,-7.64641354363444,40.0120996288871,-39.327680699736,38.6954176638892,-27.7336906832557,19.7558427840278,150.116293631229,19.2486058143139,-23.2358143122411,64.3741493412668,-6.92606264539256,-68.3660726622852,32.0496361569264,0.585166814246779,-0.218820065418059,-0.37073335795826995,-0.18547986040578296,0.11592252523755942,0.15989159390910368,-0.026278701979899205,-0.228799888441515,-0.02288182888402242,-0.0031530998678290997,0.08736561781531055,-0.22680814012119976,-0.009149689181619994,0.005651811150887895,0.04712524708154205,0.0017521258697329846,-0.010602869490008677,0.0888593113016309,0.16017837847406788,0.09881363334210544,0.002873265330882468,0.009134520788486441,0.03506403352362361,0.07258744414003927,0.07616953532045052,0.13856999001893047,0.01524552100453894,0.33150625373547443,0.40812845333886955,0.03585359860729992,-0.19033491437111305,0.027061341818882916,-0.29338557716919555,-0.03829316549416793,-0.10312502950776103,-0.37912888989352655,-0.09595270234770117,0.2883727066429362,0.03886377065254779,-0.05416846351461882,0.24578913254684298,0.011077825926462545,0.13048375029242937,-0.08018788455310501,-0.15282637025451073,0.028894894581825686,-0.10916550901855461,-0.17819174336743918,0.0739152259171659,0.0980925026577658,-0.028397933310191595,0.1419676341498525,0.007630803869349263,-0.1219741020678868,0.051933183423401606,-0.272844209236373,-0.0587246114301013,0.29062010741889027,-0.33511379043753553,1.7284946236559138,24.511344385492798
1,328.755565252774,317.814081043409,100.429202668666,42.0942086129267,19.1593717635612,-26.9150112338985,126.66798648392,148.338743729467,62.1443627002565,52.6479138016199,43.1312233146394,2.52984934200342,38.9842246155364,-15.3432235539972,-18.3040258822739,22.0515621189156,69.3651363848067,34.0815770496432,17.9525373700802,9.00463979492381,-7.04999905910095,-18.2507092418699,-0.590010679105395,15.7854806660882,0.825128510720405,-8.95868585483266,-8.95255242978042,-0.27405695880616,28.0612213722405,24.5863296303286,-12.9436781886487,-37.3384467749145,23.8569234463826,-24.6238972224332,-30.9422120433449,0.39566053975513,13.0507461464951,-11.7564585811317,58.0077426266432,26.4495200172137,-43.4701006907912,0.455303857370493,4.06234042176401,-7.75487303066526,-4.81701659183199,-5.04299651396111,-7.92873425292095,16.2952825924597,-10.9362677209086,17.2941758884705,-21.9952022523991,-0.976571015144824,92.6911009396414,23.4092331292293,-42.5797482160751,10.8218642239615,-48.180355916863,-67.5858583870747,24.1371163209307,-0.2305373541830228,0.9841136917689653,-0.35534754604199925,0.027151516965105253,0.07033070743178399,0.0925189361188791,-0.012196270695567214,-0.25707104948272463,0.31769787184775583,-0.15682049113957697,0.060906163033695615,-0.04595002076401706,-0.11049852716883884,0.13956119547907167,-0.03197148264248945,-0.14969355127685632,-0.30835787986852736,0.13633073895449763,0.017758955047339587,-0.03368285704132991,-0.008793813329680614,0.051979541762804685,-0.22001995150795775,-0.0779856131335249,-0.04148094825607243,-0.2549439322745329,0.15348014094645238,-0.34964753863785203,-0.39821485180260713,-0.24677181367067388,0.17412015653516638,0.13897976433413353,0.04894163173739165,0.0765615623889169,0.49731088143410584,0.20382442954870683,0.09605511693053334,0.007047879886935562,-0.2832901077714878,-0.2776212507315209,-0.047217060172338066,-0.19381569638084617,-0.06158834333302006,0.15958267950256075,0.16438803061996976,0.032961764925932516,-0.049678955953555974,0.12387923723596662,0.022332537003552463,-0.060269829602823156,0.047922158448999934,-0.22192085266572267,-0.24881438926217672,-0.4297428655378875,0.40622686202958525,0.20154424753299743,0.4478721007912486,0.1819295954073419,0.11978700450329403,4.124014336917562,17.827060358999436
2,176.890443067615,100.429202668666,126.313549118572,63.956596701337,45.3591080500703,6.54721133071572,196.48816221745,54.0351903476711,96.4726935292023,63.1077866535023,51.467914098256,-18.4668149279375,-1.28377203231554,-41.6709426188094,20.4025837120002,12.7679693025528,19.8508473040941,10.7974778779521,9.73785880356148,12.2558300056418,11.7723330691674,10.6947439384304,26.0771356303745,26.9273045662051,14.3552753455855,-2.40901899248379,16.9538267136387,6.23392074094308,43.0336040979796,13.7798980674082,4.5317946069096,11.9543578975886,33.2563196329395,-1.18796076887536,7.40431186507745,15.5972004011502,21.9987906215913,8.50105941970481,-7.19125057876702,-3.73759629177057,-38.3023627087607,2.67459744588252,19.4549617602011,8.54546187288651,4.4356108391152,14.0744813083101,5.46624018040027,4.04790709167103,-14.2587042260227,20.1153054883729,16.7016670119405,10.0084753106184,41.4609273433025,15.9574845552393,21.0060536986755,49.003970651826,-20.4765635907837,9.40460997713856,21.3121411249913,-0.3792454523909462,-0.34275689875822857,2.238722317740973,-0.056151834531301674,-0.40260265807880613,-0.024268339207634833,-0.07087137696681375,0.1647322870064552,-0.4041586234107608,0.06340114026720844,-0.6249968228076315,0.2809013507934442,0.4592473447816576,0.038429044127649574,-0.09425731152794034,-0.027189174628233247,0.01241885156871084,0.025996928485973327,0.09331653823872765,0.08173826955846243,0.16380276679150163,-0.0068406747620327404,-0.19531668596978094,-0.19264107207411035,-0.46154140912419095,-0.011754332537500668,0.009267100497152049,-0.26235503136897864,-0.6657076764427001,-0.13292410685633393,0.005676489779017397,0.20810002215354823,0.2713229323679507,-0.1744628434842496,-0.004611959401615211,-0.0083996750185881,-0.0059499992784814515,0.23502672589624357,0.31682764277707876,0.27425145008317725,0.2934066417419065,0.10770605216607641,0.16582989255934663,0.32477103467169394,-0.11024693896774744,-0.0054354837176735695,-0.17910681170116247,-0.1359398847295086,-0.008006554135419066,0.10643822543354826,0.023420233153289123,-0.201768880543042,0.08065501918397808,-0.023628880924223418,-0.12935761376635369,-0.33341688028776884,0.011796309828740931,-0.6415200151152077,-0.07744119724074296,-3.1152585765488987,11.238485178998644
3,100.914703318236,42.0942086129267,63.956596701337,98.0391433082194,41.9618136371457,8.17424776264268,171.071516106225,32.5112201524409,69.1797231596953,56.6960828456847,30.4357009743924,3.82735364846885,21.9505356607201,-34.7278918425172,45.9029312904599,41.9502854565158,41.6454562284003,35.2713229820739,30.3665204247792,27.1615685386638,19.2249866668456,16.297357545714,29.524689910855,29.5035721216846,13.9139895194882,-4.83366887454239,27.6434084806625,3.63739712332037,10.3623072701351,1.81313096952792,5.43472387944498,22.0325967805327,34.0161572886095,-2.23306651992098,6.24681305102579,7.925744968626,11.1460366778587,2.43093423336242,5.42677971646331,-24.2170440578566,-15.988225980541,8.88112503281894,1.72728261123466,-3.45678167411392,-1.85375178406531,8.56968719442001,17.3943771229023,-10.9291525778115,-22.2001853855827,13.7360562685133,9.68505603640729,-8.2636543838974,30.594285232665,0.711770663667805,25.0347057180238,24.2466895425251,16.2538428893836,-3.30644262877307,-3.93100332950065,-0.19310797582519212,0.03428995231802624,-0.06606522449144633,2.159657961102399,-0.7786688984364951,0.4131435875939356,-0.2151969818838394,-0.0006582040340725679,0.1403745499143094,-0.196803436442643,0.022554804164837877,0.01758625018059225,-0.040762058538102004,0.49916953550501675,-0.016593001648571803,-0.43901711426108514,-0.0872620462952536,-0.22856523929951988,-0.15194758723176705,-0.05167103734768235,-0.04273061163438227,-0.11253459473840086,-0.6045461839135,-0.16772902677930626,-0.17983640270176424,0.25208313829643597,-0.24628000754191792,-0.1372456639410395,0.590634866703767,0.14581000410315248,-0.07465870458805811,-0.1328922941917176,0.18580133620564485,0.04637696299128486,-0.4371275084398318,0.20591175313155421,-0.08363969707702537,-0.026446198402659833,-0.151487638065541,-0.15064592464411256,-0.048713563676645796,-0.3113972628219776,0.11251210442600151,0.4841955472051453,0.07122933496370606,0.13685954405843634,-0.19028390408004237,0.04190837938474766,0.26838435465718646,0.028248740113482503,0.14313178000433305,0.38164332004009793,-0.10714987343435112,0.0955692805104464,-0.3148606173283349,-0.016340583292533458,-0.3468522425130832,-0.1446843698753149,0.20943361150266068,-1.1421658986175116,9.90096678654258
4,56.4775965632248,19.1593717635612,45.3591080500703,41.9618136371457,47.3461566210714,15.0459087361862,126.310991030078,23.0791931903927,46.7854396213393,29.5333019471177,24.6844554181823,4.13947782847771,11.2620950582155,-16.9203698335118,3.5528947786442,-0.0856143131146938,0.787080248274455,2.11772363108201,4.36368213783048,7.34170924527127,7.17109527267173,4.46859634907877,11.6018119561837,8.21017540968756,1.91101261103483,-6.73344765349716,11.8172588177373,4.53106366665661,9.57396494105063,-1.66660773593066,2.99019673649617,10.8892920891823,14.0220510016559,-9.42577367455105,5.20670634500047,0.407789150008068,10.2822423040718,5.19090967940796,6.12642516489041,-19.6128224812533,-22.9327237213402,-1.96135936453485,2.75908710987365,6.7432121060934,-3.17511226417029,-3.0714225958259,-3.50024203141515,14.3863535168281,-4.55190354798741,4.8828721671023,5.53985347364494,8.01515336867712,26.7802782202084,-0.862844818697378,6.27460891637546,14.4925393703308,-8.170154872462,4.65324539966593,-2.50497697680657,0.12142522238918713,0.056824107998354204,-0.39377153814055205,-0.8072782035089696,2.2335251127220292,-0.2119420260898607,-0.08743370939879362,-0.13996040023956946,-0.028070421511867477,-0.06426739044930026,-0.058657915674920076,0.1217768188022912,0.17274100606123005,-0.0033388612910237414,0.20950069328521215,-0.007452349131665058,0.058632097850138745,-0.0005180256116465092,-0.02078383300641729,-0.04053711786409881,-0.08394081773428926,-0.12654409438942324,-0.09069171522401792,-0.0009486366344340979,0.3774414117460396,0.32903004953805914,-0.1843994499654272,-0.324887907763652,0.2967724236515962,0.2907568729696727,0.17373540725708445,-0.27323083019774047,0.00499798682466955,0.21760039568853717,-0.06016776153202316,0.19204401974710794,0.0043149033936219884,0.14825258903737018,-0.2908662504900735,0.3241373053238719,0.3131869414672831,-0.09776729777945362,0.11586662381596434,-0.41866091034012065,0.3237897396681327,0.3917025383035084,0.1239791341483144,-0.2629505822542889,-0.026646703088164914,0.1566291601728417,-0.03966678707258437,-0.28032885298781973,-0.013854218649686322,0.41729440160833575,0.343979923071164,0.019054106580064598,0.5225564573687403,-0.417137828302202,-0.04005235490058753,0.20668202764976953,6.880127660230685
5,-53.384015709687,-26.9150112338985,6.54721133071572,8.17424776264268,15.0459087361862,109.343040621266,206.562142888274,-24.9553559065635,5.7151874106866,-1.27828690084628,26.0377700489659,35.0251194939191,21.4926605291747,12.8478750573484,85.0477162192198,43.6755178245084,22.538614708367,23.0808147693465,17.1608788943431,9.05202440039172,-2.46203200696402,-1.58384322511015,-6.54956932196848,-0.626510914278672,-3.40222857200956,-5.10486611311495,-22.675706064504,15.0217837253557,-0.0006841278422406,-2.45136077100584,7.7898562405944,5.64174670222336,-8.08373151546133,3.60644551234119,-20.6127825040576,-11.7866574200629,-12.1775668386413,-4.86348356636229,-32.2736015422265,2.8645308803238,-2.40135474037098,-3.32145229620773,3.76588689387656,7.47257911370489,4.88263950751989,-27.0144109896021,15.5282458264063,24.5632619653409,-23.0230584886951,-7.08171115972122,17.2276026358583,-8.32975778784462,-50.393177474955,-9.57946858579743,19.262086486402,-8.54240459541943,-5.27679041471462,-13.1691346642026,-27.5752252613038,0.128166072386844,0.12412191064918546,-0.030330761463285835,0.4633381634661053,-0.19586015979658802,2.063363207188204,-0.43245422700339253,-0.06373445297863371,0.05335449547488888,0.1953476662404338,-0.15926261173184195,-0.5322215101654891,0.16579307066690183,0.047448919446534996,-0.051306028811756214,-0.009736358600219973,-0.07013882799718672,-0.08680993231951871,-0.12010717309989387,-0.2757623358012661,0.15422112265414528,-0.05523128537362853,-0.29590039894674197,0.039301703154202595,0.15938414409722065,0.07614013966878465,0.3010486562497123,-0.4234105077222684,-0.13433889163393162,0.12665642158084764,-0.336088494324028,0.2161357993392112,-0.5354196933900266,-0.3887467342518888,0.24503669121357005,0.1339117934152027,-0.09726259604905921,0.2744355749321732,0.06324304994848932,-0.135405261910225,-0.0574737307792102,0.012647582905864194,0.030628716833244005,-0.19830074898333191,-0.09937254770619294,0.1691822620284204,-0.11172366235221252,-0.5782982439416054,0.21631493408078922,0.09174438670051449,0.01006466665307347,-0.3076235870066932,0.6726491041340894,0.2549552903323766,-0.05914148547480198,0.02667190396526542,0.006973483870140612,0.26181823786341796,0.0705699751835761,4.70483870967742,10.456244097249568
6,181.627234907808,126.66798648392,196.48816221745,171.071516106225,126.310991030078,206.562142888274,1190.52040919952,-36.7340542480377,242.487037430127,203.517198203901,167.375181597007,34.1063778164359,62.1692200756391,-81.7590740147433,220.510723658269,84.2734164185224,68.209791564992,40.9140940412949,21.0280139923589,2.63989766696445,-23.8190750650876,-33.9238033729675,-20.0726339717507,8.96585042325197,13.7336951324348,-33.483976102514,-5.92520833088589,-4.33350454408966,65.9170015434388,-2.33335757470933,15.2603078440129,76.7954262401584,46.871107918509,-6.22907221645127,-45.19593746072,15.0905896845437,2.46108743421182,-1.24494355200748,61.2151132698864,-26.9482976232985,-73.0842174532521,-46.7283247975634,20.6517734945672,23.6765970484783,33.6230948900824,0.735184790352589,15.3500242510978,17.0625833350854,-42.9615651177584,55.5226995650761,79.2520799881809,-27.0893408381779,91.4868132256808,25.8452626736277,34.7318846604415,-34.5348702613867,-8.50031138766628,-35.9997668679531,-46.2071088280915,-0.024597847351774085,-0.01152662410612058,-0.06622968955301069,-0.22658914134765576,-0.0891996783656645,-0.43156208805762497,0.24447669477675166,0.08872259597161401,-0.09335284029004608,0.05289761628914187,0.011596272557554396,0.13823905684348464,-0.17837252173585985,0.020278443043479494,-0.13186162778247498,0.14630621843315786,0.019425133150028955,0.06769650623970291,0.035175637990762766,0.04305350995115099,-0.08372756494026926,0.08513112410609669,0.11523926968960065,-0.03440487243716482,0.05370690919437586,0.1324102202668366,-0.06748109619701106,0.15592789594743778,-0.10187264835420448,-0.13937844035298408,-0.050108233009878954,-0.06673871918568555,0.03656150342471027,0.13221523339532318,0.14535138956009042,-0.0237659406464161,-0.04728789740650953,-0.11326903864465396,-0.026318270525081927,-0.06106344419327445,0.10945577300898533,0.021603460757717276,-0.05977834755352788,0.01009435553841356,-0.021840862467305277,-0.1230833202771271,0.012347663027127014,0.0721199759464696,-0.07512286514639638,-0.12286257988175045,-0.08331175114047569,0.2073140413912683,-0.07326708530745892,-0.10857903922964193,-0.00493631959581717,0.21683589793807365,0.0027810881920895397,0.011728839825659337,0.032045258296518636,8.419354838709678,34.503773839966
7,286.017350325899,148.338743729467,54.0351903476711,32.5112201524409,23.0791931903927,-24.9553559065635,-36.7340542480377,357.831404569892,145.670389162133,58.5464616027344,40.210883849946,44.1961861632767,83.3986144988456,35.3111183908903,-70.0375260289243,-9.48625591386549,45.9619152833781,56.731162519234,44.224924733832,38.0244306580844,24.288384570717,12.2171181814748,18.9780172984114,40.1080979301693,-8.93946490343633,-6.17984028041328,12.3865187456012,-8.89304097517116,14.95568523208,16.1019658655509,0.952466179017166,-18.4672376016815,32.7690347030073,-22.829770996816,-12.763374250535,35.6420993660445,37.6900751276279,35.3534532782777,-7.90239116790662,0.661016903815506,-32.8031865781755,-16.2276161239613,-1.13507597370885,17.6425966826801,-17.6832257489122,-33.1700673993944,-21.0540089504925,-5.2575482240563,-42.3787408185752,44.5956248043416,-27.6756863482694,-2.98003897200695,20.166533139835,-2.62466873618723,15.2341047959598,48.2317056625488,-3.22294911388058,-16.6146982790531,-9.58022916588366,-0.22530545769776653,-0.258035174591007,0.16203091784439003,-0.0011325300375500842,-0.15842809060376173,-0.05675540932363092,0.0877097288956092,0.7727555864343041,-0.26066426722748576,0.060565485407079254,0.0009694170066077096,0.0025149411792069914,0.022410671219668422,-0.016412612296076295,0.29104993235345905,0.15154092931782134,-0.06022926257439053,-0.3102006129638853,-0.14065656072426944,-0.06151911905918714,-0.05140294696341946,-0.15014572051657582,0.05444491809954326,-0.31336563846720916,0.1607505764450809,0.35843057457868754,0.14126133167703733,0.10733056796938592,0.013839778089011521,-0.18523219393869989,-0.00606768154743049,0.04839565079293163,0.039446032145646286,-0.020529092593611766,0.3087250478520911,-0.13479896457853752,-0.08699686608237632,-0.45208292555336194,0.030192522926521925,0.054140571233581875,-0.1879322060472866,0.22838388584594518,-0.16641768923298972,-0.22144746628423917,-0.03861755289375238,0.3588858781146721,0.2231965099350696,0.06364160187534489,-0.10511311495020127,-0.23086661062996522,0.10749263306922156,0.058539117071560426,0.19057995079059734,0.12267724900478333,-0.23444281539836637,0.08038408007660978,-0.11823687223806173,-0.29048015440200314,0.4181772267423708,1.7943548387096775,18.916167808779146
8,180.525176513763,62.1443627002565,96.4726935292023,69.1797231596953,46.7854396213393,5.7151874106866,242.487037430127,145.670389162133,256.260866188769,169.502719823559,97.4477256268838,49.9289087593262,82.5946258184343,40.3431999526675,57.9987319407376,38.2234053023667,51.7043897060892,59.8509622394811,45.5803877733586,34.6186282252506,15.3511243511451,9.31744548116286,15.5361532266513,36.1461754398901,10.1870108631426,9.23567008052689,34.7582871153445,-6.9100128088927,40.8508101483881,7.68023928951113,6.01049490532345,52.1694690756307,45.1091327765589,-4.88994857428921,20.5481628553155,53.2531123653773,18.4388350284945,48.3201673566166,33.4558742171193,-7.25475876195813,-24.7354302596973,-9.75835672572915,5.99499277090879,49.5001286512053,7.29851098647634,16.938962767692,28.46570531029,-8.9669687146393,-43.2200021337451,16.8568086641868,20.0608377421578,-1.6790891847232,60.3509066305947,7.313916474397,26.4529708167911,40.553588366111,-16.8694643118735,5.45390436273933,-13.0278730107978,-0.009253866536483612,0.3081466151658436,-0.42363364551753985,0.14303715428611188,-0.022119919153250164,0.06943390802549249,-0.10233578033374206,-0.2752189116312156,1.2854052751001541,-0.6307030554305497,-0.41600767171388253,-0.03264562868071424,-0.22860950425515825,-0.03920099818528693,0.1597262739685087,0.2233130563318129,0.02126680246386963,-0.11190209555987231,-0.11676326336875134,-0.0963902818425892,0.017532078398452618,0.07000234253044677,0.1820709005815843,-0.06034346507357493,-0.1148565587565031,-0.27186192143658344,-0.20400057155633175,0.29439901987761463,-0.4754847474635068,0.009917085724110986,0.2211900158529686,-0.0037376115599356855,0.015026839686234406,0.4299064608298187,-0.01357346847830233,-0.2041075852539014,0.3352115884802034,-0.1022106341112469,-0.31941452264354686,-0.008709641484890751,-0.24885030326231006,0.003628156230819481,0.05093599215722156,0.011167899255150457,-0.0718727920349772,-0.24736507928288717,-0.12452950652785393,-0.0684693465597989,0.3348664404946337,0.2690956660502503,-0.1506686476240197,-0.07957903335611034,0.14069520603836994,0.11370036650730772,0.043906810004836115,-0.3211425668199527,0.004821582767544749,0.12693205401098945,0.015077388031521428,1.4596774193548387,16.007837648750986
9,87.7391938629614,52.6479138016199,63.1077866535023,56.6960828456847,29.5333019471177,-1.27828690084628,203.517198203901,58.5464616027344,169.502719823559,205.211537236161,67.1203421437773,31.7509707352893,34.9110542683072,-1.06470785586759,82.5305301261056,48.6709075150002,42.8661193117122,37.1478585079024,23.0688202388885,9.91051127677793,-8.34089604756537,-13.3627204519955,-10.729940893807,14.1194911498414,11.8265817031647,4.52096917130073,20.5928147968781,-13.4228750966749,25.1287925929727,-5.15816493529656,5.04644699466461,58.7331073521017,24.7199280147926,25.4445493599844,16.1518392830851,43.0002070863839,11.0588423042823,34.6772849556019,9.14914869534276,8.11276416305731,-10.1846509188427,-10.1918281959525,-4.23008567252416,35.8365025682173,3.13041390289646,16.6073758381893,27.5145118852164,-35.2884141741066,-24.0563812097734,31.9603388944825,3.72645800679276,-3.31976600692325,17.550996192357,7.3033105016305,19.0691263193138,-17.030836312286,-44.9072082958419,13.7253257791573,-10.5887726062166,-0.0036686802748661772,-0.15324412489434006,0.0761257512899,-0.19258037899868896,-0.05150809103865646,0.21146751351107632,0.04719375545681144,0.06380245658002959,-0.6439427263867951,0.9232628436850666,-0.049279226129161025,-0.050160016845795116,0.1503624570083792,-0.051532198591876015,-0.1755322941706259,-0.2684436481257053,-0.038357270807204115,0.4037801711576416,0.07247773286744122,-0.17012623678618988,-0.048369980795675366,0.36492281911250574,0.23454705604184226,0.12795127066487633,-0.04283698179643881,0.20434905450939808,0.11637162963199607,0.012776372061826647,-0.01715548125272216,0.4481040915033794,-0.04943447100907214,-0.31391969722513646,-0.20411323166912085,-0.2523634399090983,0.0628538790285146,0.24806855927370924,-0.4220311351269653,-0.13430806322056452,0.18760683051619395,0.0034293669048067904,-0.02452764104156873,-0.05382148747672952,0.014387984769903718,-0.18668549062208592,0.15255019976266238,-0.12491810198448167,-0.1347422702391451,0.047566364916564755,-0.13331546957307358,-0.257127669895379,0.30147599377497347,0.12588546647294616,0.08822675884490429,-0.026334988248254216,0.09852302129729978,0.14723968161242393,0.0936848150454505,0.02435291557049406,0.1633241774886506,-4.684229390681003,14.324857319923325
10,77.0717338999927,43.1312233146394,51.467914098256,30.4357009743924,24.6844554181823,26.0377700489659,167.375181597007,40.210883849946,97.4477256268838,67.1203421437773,88.5278312415169,53.1061553135466,71.3649830587699,43.6030934937031,77.4305022136709,51.8230687667191,51.7446483902257,43.0933746958675,30.1242769149258,18.6452344380622,5.46664065436721,10.8012481863728,6.9978621123387,19.7117273972978,2.03919273505249,0.0859423928770885,5.85196393663638,9.3336529335141,17.1088067093599,28.0668539969203,5.28241248048138,25.8328857586965,14.4845853524757,11.8422711221608,28.3568636692503,25.8223696078622,12.3586539866766,18.1082432421456,15.3280082609276,-29.9330149644034,-14.7511085502197,-6.17534913302342,15.0268597131136,36.3029690368328,3.71062624608582,-2.230359275094,16.9786230246966,-7.59769960452616,-10.1137167292732,10.337079980041,12.8836965020374,-8.61857762134708,30.3959300470345,7.06864123667691,-12.0088179017963,3.25400021612411,-11.0430377069341,-0.946032359535418,8.47326454964669,0.0787088135305039,0.06086934574500646,-0.6565925053489149,0.017254523333195826,-0.06861766336795078,-0.13749232794729763,0.00980819329152496,-0.007542407354438745,-0.4340704732770019,-0.05676056480323379,2.0461621555458915,-0.3963450244440728,-0.020531792190982008,-0.017689505871434467,-0.049687321024545074,-0.009450407211548809,-0.08218447900319047,-0.31704875291353374,-0.04727225234901926,0.07974440873523904,0.5770120449596328,-0.22453671200748293,0.023371285386694654,0.2308786829361503,0.08804614845586241,0.16670386543652096,0.37962759728550505,-0.42502716795981793,-0.19430915685535752,-0.3458321782732945,-0.1917452270181729,-0.11254626250372547,0.437663806006623,-0.23371406851365237,-0.46402478215904297,-0.009307277771141728,-0.056465009397331574,0.1786175212186556,0.06411641579346046,0.14592344459326959,0.0109118493784977,0.03815190346493745,-0.24456126097808786,-0.2756190018332985,-0.15578640567376956,0.38265498899690265,0.2458191756329989,0.2494613268324182,0.138025499552464,-0.1815556992658143,-0.11037936022317117,0.12323616118908477,-0.44401327340085445,0.11524546462749592,0.21739246228228404,0.031396669610409905,-0.21734819604164599,0.23797557233587946,-0.24858249985265196,-4.517805939580134,9.408391533174887
11,12.680026074583,2.52984934200342,-18.4668149279375,3.82735364846885,4.13947782847771,35.0251194939191,34.1063778164359,44.1961861632767,49.9289087593262,31.7509707352893,53.1061553135466,126.206108124253,132.178353823334,109.748433151911,92.6460540363445,71.0685593786108,55.9389491355349,52.3480256168292,38.7500147945786,24.8730928868986,5.67621117181554,2.12056038804695,-2.50365088322539,-4.13159014490618,-9.12666194468598,1.25082533435064,-5.90299634284647,13.6500789462343,-21.8400146721036,19.3665949258797,-0.214516500530653,9.08150182645438,-0.896727482857082,-6.63245806989034,12.3609005583267,15.8272616285037,7.08950903575516,17.0356174203721,32.5155075808156,-56.2553223211818,-9.83138837070863,8.18689863366105,4.42876949930028,22.9256019944644,15.632227371579,-21.8618742017916,47.9187965547919,4.23175519871769,9.42709123939211,6.37694484645075,-3.79400233798669,11.890588858052,4.49841289510859,0.268008137914897,27.1448495242747,-0.508961259819342,-13.8800046038951,14.4987372564837,-17.750638626889,-0.2364316860009235,-0.05332401889955623,0.3199452879716355,0.023976143336515942,0.1387119976575368,-0.535236724794936,0.13795013754028704,0.03756398552792006,-0.02552167332003746,-0.022953670070157094,-0.4219686862223356,1.81115842406418,-1.105121153913815,0.16199005427705956,-0.0242358481726841,0.02882057942244819,0.21995929758070198,0.019990167966804587,0.004061757199936895,0.0059700377905793816,0.3048276270440179,-0.1376477708245638,-0.23101499294423342,0.4856596490034657,0.40020080996632285,-0.14650513169681975,-0.13774743341724593,-0.20204572763520157,0.16327062803746362,0.16296225898991565,-0.2214912160986202,-0.30116151752518416,0.14427563429240747,0.023609168649648588,0.1666804980319769,-0.09926020231824186,0.08126144054498162,-0.11036391121861427,0.07686084614216197,0.4769709117482562,-0.4804629875868138,-0.05658846477522839,-0.05257185512042237,0.09007684105867972,-0.06120720068926352,0.11390178691690987,-0.460923291512044,-0.04141766972509106,-0.1321568753994856,-0.05203796695521947,-0.0070298703194897234,0.05125418002070018,0.007749403311020747,-0.0704271320269313,-0.08186301380573094,0.07633299839622959,0.2928287954708007,-0.012077178308755113,0.15989262596272216,3.2091397849462373,11.233704114149226
12,78.6489525409297,38.9842246155364,-1.28377203231554,21.9505356607201,11.2620950582155,21.4926605291747,62.1692200756391,83.3986144988456,82.5946258184343,34.9110542683072,71.3649830587699,132.178353823334,190.186746067304,166.269958693274,129.516357878663,106.889971968402,94.0373958102151,81.0001305975932,60.8347421125183,41.944446121055,19.7940596089996,7.02629049529707,9.82949234061348,19.7645418596438,-3.79746350669941,-0.493229895369267,0.853724621402766,7.53311991085168,-13.7749008078873,23.6835701940934,-5.25981426821104,-2.40908027178658,11.1033440712673,-18.1593318734929,27.1334420771507,26.8146816659985,18.8871716854015,19.4678371004493,65.6440478675105,-82.6531821546979,-33.7215870172846,0.860725150442354,-0.524437090000177,16.3099773108258,13.1924950353995,-31.6263871835848,27.2127075264365,13.0465451568368,18.7125338624336,7.7854058026121,-12.7087289604243,6.86852244490087,32.2306736475439,0.997164501619305,20.6118432822126,18.8385696419092,-7.44357990976974,-1.08878073493573,-16.4251618764796,-0.008368728835399976,-0.12248635808701534,0.4495475980276779,-0.0490628420471574,0.16297882641082254,0.16502170360914337,-0.1792719242512202,0.006774086292337118,-0.23712805841582177,0.13254446476526432,-0.011554334405832107,-1.096922030558971,1.9820376864567375,-0.48768763215710464,0.05536227240734882,-0.2242654655487705,-0.2636277723398586,-0.05975374772182056,-0.04648329175264167,-0.011522379808025845,-0.2184970750913656,0.05367897432213159,-0.06425605114466237,-0.009975635303526489,-0.4497937367778556,-0.35977969311840535,-0.32163845740687863,0.18470241409316532,0.06014281999855905,0.024902755141298468,0.01415938297860532,0.5303158319828157,0.11497320293008105,0.1001930107638474,-0.3419193587346816,0.048334515940083755,-0.24934357186516642,-0.15439465314966,-0.10329346893012477,0.29008041672197427,0.3781387881867609,-0.07792504033795747,-0.09029981176478483,0.14483014687107457,0.18648007931935323,0.17952279677268723,0.2587125199801647,-0.17175338332932963,0.3769102441026804,-0.284708721211967,0.083978534911398,-0.06441498363352766,-0.04513232843620139,-0.24053258084125326,0.06676570174753285,0.016431323933006958,0.008242537171973702,-0.24051975684891083,0.04940303161749472,9.43862007168459,13.790458515484678
13,-15.9058753126616,-15.3432235539972,-41.6709426188094,-34.7278918425172,-16.9203698335118,12.8478750573484,-81.7590740147433,35.3111183908903,40.3431999526675,-1.06470785586759,43.6030934937031,109.748433151911,166.269958693274,272.741415521704,147.777666060707,116.772170375144,87.7015572323446,72.7764721173574,56.0932428539707,38.8267823007144,18.528733874038,3.28831353263299,3.27754592971914,28.9707966391097,-9.62267737804883,-3.29536865918581,-20.0290243091511,15.8963041807964,-19.2377843381225,20.6282513133329,-9.42607423262203,-11.7757316409673,-12.1441057294332,-16.6351614790415,11.2891827076568,12.7807770231796,-1.01220955989163,7.61306924394129,96.2933927175672,-80.7471110226403,-8.94018283070328,14.8974086025095,-19.6133719053965,6.32965440073544,26.6760979023778,-36.8310252088792,31.5783994158199,37.8967823754301,74.263986969391,-22.4281898661234,-18.75775539682,-17.3101206008111,13.5995016701718,-14.2530539068384,14.3745287470124,33.4788531233934,7.75106030032099,-7.35712179807236,-17.805886104553,-0.0019213175333333717,0.14158641762882285,0.05760121320605331,0.5293098454985584,0.013991165390723967,0.05777050100158756,0.026000202642289968,-0.012555588166285851,-0.03177464747782264,-0.03441267236074513,-0.018334684537292034,0.15586462736795767,-0.5033985332049816,0.854137034160626,-0.13559453639591545,-0.10402745259205264,-0.07631890142714037,0.0732342454647986,0.008250114859327088,-0.05477398158880391,-0.16669734638384595,0.15805618913907596,-0.34340990532852683,-0.2393263905468993,0.11802508067680634,0.012483828675405886,0.3169019170561116,-0.21787491774048198,0.08296476119875452,-0.0506317257070622,0.03846476199713888,0.021250778929307095,0.146411130159716,0.0266801771952791,0.1375798388737535,-0.11898908306968572,-0.15053023804483254,-0.011446573662610572,-0.2319291834830923,-0.21206036122373978,0.37939561672201716,-0.21421863243641615,0.567827655673119,-0.21196116552030916,-0.17131091104219942,0.13317032565623188,-0.20991482666418068,0.027980597745457792,-0.19238663650625928,0.09221685409160954,0.0936741635726075,0.3675814382958762,-0.05056076741542956,0.2012049853888316,0.1437235769343923,-0.1701117949219508,-0.04707841185864942,-0.21404826592966783,0.024744107933812567,9.284498207885305,16.51458190574937
14,-72.8706561817385,-18.3040258822739,20.4025837120002,45.9029312904599,3.5528947786442,85.0477162192198,220.510723658269,-70.0375260289243,57.9987319407376,82.5305301261056,77.4305022136709,92.6460540363445,129.516357878663,147.777666060707,342.209169369062,235.503360487079,166.018861838123,132.546811498138,95.4698692631956,56.4115678255683,16.4547302301526,-1.26032799255786,-11.7692181896915,26.7461980219411,1.56207199952138,-3.38709596095702,-11.9904521910075,13.036195726222,1.68814333022258,-1.38880724102768,-15.431290308504,35.9514322208293,11.3220099691855,-9.15840572575007,-5.2601237834326,20.3907802756463,-29.1825310292311,7.82242772919431,5.24720304493198,-84.7849571409063,-19.4631339744319,11.9310121472425,19.1922433986872,-1.48875855297025,40.8009510544945,-43.8121535378646,39.9658042899599,2.06947597383965,59.4705499119613,-15.970666047991,29.5190908497682,-23.7285287087059,-29.0206053833739,-9.8082193738861,57.2206736922647,22.5188280649121,-13.3616862724556,-3.10025429184741,-17.1857764092047,0.038247444700781355,-0.02741953045505349,-0.12380936578606083,-0.023379670092546802,0.1916088647538241,-0.0849778034073793,-0.12275750098663345,0.3187678027614354,0.15602213571919546,-0.18987538517909933,-0.06989115904566588,-0.021887476091151818,0.04371343923511108,-0.13257628994773915,1.6637136977034985,-1.4468279369328896,0.002548540487959616,-0.01134958194673609,0.0005354643986254249,0.018050423022132202,-0.09650764797064461,-0.3379987275855391,-0.02434225296513738,-0.3197870411112332,0.015023817037956624,0.02773404838070518,0.5129701190289079,0.3458350665461971,-0.11165597163591225,0.025170299596411407,0.1664652635378739,-0.2209528233261373,-0.015528151985415886,-0.025476737380635463,-0.2125765180590136,-0.43204620785469366,0.3431681101228228,-0.11819952233651843,-0.028390206022084214,0.15197935962351058,-0.1600007292201531,0.35970450796354486,-0.20817404592610114,-0.02918823223193015,-0.02613486853895868,0.4226640799470441,-0.052921223505479,-0.019944948202477903,-0.19241556935400486,0.016404483670748843,-0.31199546081555685,-0.14248354729789384,0.05721438539689503,-0.01579363731060486,-0.3324318676380108,-0.0597301075882294,0.17605990949156075,0.06465546583652548,0.39253212236673757,5.279441884280594,18.498626148151164
15,-8.53191779719624,22.0515621189156,12.7679693025528,41.9502854565158,-0.0856143131146938,43.6755178245084,84.2734164185224,-9.48625591386549,38.2234053023667,48.6709075150002,51.8230687667191,71.0685593786108,106.889971968402,116.772170375144,235.503360487079,190.730135392369,156.679977417267,127.848542301687,90.0515683425608,52.4025776540737,15.1869559123133,-0.245243995337585,-8.34245475136668,19.4142067442132,-2.13481363736515,-6.07096821780046,-4.02774499653029,8.90538541232794,-6.5587824323527,-2.12171926123747,-17.7589402946618,6.09316682224075,12.5401337572126,-16.964397004602,-13.0321029430183,10.600516647218,-23.0637733420893,0.718744943829257,0.761098073571635,-63.6751725279939,-16.2802928241995,24.3362059750008,19.7244544509205,-0.545428093435105,30.0842464062038,-31.7914375997482,34.6677396054169,1.00997232260038,46.7748502218494,-26.3402497013943,9.46235956352634,-25.7856766254258,-14.4604727181291,-9.89638381809157,36.4167242123169,20.2630792318371,-5.46951865893327,-6.58989893729544,2.67549666602236,0.0002481553014173908,-0.18600364735380803,-0.025871446407221922,-0.43466501308070027,0.0016548500129050293,-0.016072665102599595,0.16101751669274797,0.14648002178523298,0.20871714326159074,-0.26380998439992975,-0.010334173934180476,0.02419434174125852,-0.2342768374610084,-0.07969268356463147,-1.4997169039949227,3.6657541464325325,-1.096302814268801,-0.40837477642347697,-0.14876509060385157,-0.030072499809896066,0.01726037748839188,0.059501938428304944,0.009560054216717932,-0.15651010685458158,-0.13512243193343118,0.025650225509396562,0.04377434359047846,0.04621795941785601,0.04560569265360424,0.183047835110859,0.2587085966769158,0.17007083516501378,-0.08344793726748086,-0.009580496339392619,-0.02317874074332541,0.05057532391834463,0.07520197928820907,0.020320947037517936,0.004278635384176189,0.06398102794179646,-0.007180755603910548,-0.2139207196619027,-0.15723561501395614,-0.04105619433904021,-0.013037190945886332,0.2914477669704187,-0.06501754661365775,-0.0861334677020844,-0.01766358224368894,0.15502748655893894,-0.026879126871057445,0.05189622235486326,0.24276689770229218,-0.006314356798711787,-0.05166329427701459,0.08495980566655702,-0.1432930619566483,-0.09399837099613514,-0.16579881689925313,2.898041474654378,13.810146103223124
16,61.6821882229785,69.3651363848067,19.8508473040941,41.6454562284003,0.787080248274455,22.538614708367,68.209791564992,45.9619152833781,51.7043897060892,42.8661193117122,51.7446483902257,55.9389491355349,94.0373958102151,87.7015572323446,166.018861838123,156.679977417267,156.641141121921,132.162721142126,90.7306728224905,51.4132349633753,13.1181512242704,-1.35835414054641,-11.7826001367808,15.5579834215692,-6.48566418171252,-7.49122355161533,2.76699107916501,3.79579005702309,-4.26085351738677,2.86020404020427,-17.1946768695416,-3.33225688031258,19.9383064192408,-20.0905844912592,-18.8712932668589,11.7066306786745,-16.9741270260825,-1.08558123917397,2.90943570935468,-45.3715063857469,-20.1698474172152,20.6150170758624,19.6290813921257,5.91568490720045,24.3988513546597,-16.624152779685,27.0532970484498,-2.17803713042601,33.5865235513602,-22.1156965104618,0.453139624171063,-27.9509975811709,14.4114921115878,-8.50258014936021,16.3623839780236,15.3366896210714,-6.14366539559853,-19.9909392057259,15.6934871720877,-0.009395279180129888,-0.293342191751444,0.011457684514911288,-0.0829988598955034,0.11092536233963486,-0.08778061213911972,0.020135077192227426,-0.017385753113008287,0.020104881159442794,-0.015225108884718428,-0.11094205903269408,0.21614086989625458,-0.255170475371493,-0.07349363201794054,-0.08602676532257222,-1.124990565003842,3.1549555215258827,-1.3078378615253063,-0.7017058012796035,-0.15378469730960254,-0.014296179735095907,0.28570031444634925,0.2175493432399121,0.16575999728180654,-0.03244291254101491,0.005425739362635143,-0.05915157595096613,-0.1218258320184189,0.2460900808188607,-0.010876615067458692,0.0578294262729022,0.040857754794744544,-0.3478676009317284,-0.048385404343163595,0.10843137923137455,0.1651556458176287,-0.04648291830542067,0.3011201992739514,0.06371107266143299,0.03687256866422985,0.2111319014322345,-0.010868215755610675,-0.06629219517798879,0.0888257122798203,-0.3767238033056462,-0.34608969375733906,0.06609572917007578,0.24153117317238798,-0.0004825984050175248,0.031428748379885456,0.007864833522361692,0.15410971061368228,0.11961905072286695,0.029771376626456045,0.4446147256138408,0.11834006944806888,-0.12748570211217944,-0.01857787378749303,-0.36436905163273675,1.9876088069636462,12.515236359011391
