,Cov_0,Cov_1,Cov_2,Cov_3,Cov_4,Cov_5,Cov_6,Cov_33,Cov_34,Cov_35,Cov_36,Cov_37,Cov_38,Cov_39,Cov_40,Cov_41,Cov_42,Cov_44,Cov_45,Cov_46,Cov_47,Cov_48,Cov_49,Cov_50,Cov_51,Cov_52,Cov_53,Cov_55,Cov_56,Cov_57,Cov_58,Cov_59,Cov_60,Cov_61,Cov_63,Cov_64,Cov_65,Cov_66,Cov_67,Cov_68,Cov_69,Cov_70,Cov_71,C_0,C_1,C_2,C_3,C_4,C_5,C_6,C_33,C_34,C_35,C_36,C_37,C_38,C_39,C_40,C_41,C_42,C_44,C_45,C_46,C_47,C_48,C_49,C_50,C_51,C_52,C_53,C_55,C_56,C_57,C_58,C_59,C_60,C_61,C_63,C_64,C_65,C_66,C_67,C_68,C_69,C_70,C_71,Mean,Std
0,22.3392824074074,20.2845238985314,18.6736289859917,15.9383804934367,16.6334258037652,11.7835386504786,15.6220079221131,1.64449818117252,3.14644349148579,1.65041661916013,-0.0133849593861323,0.905972196122843,2.38213014688451,4.23505440560611,3.38872709808378,12.4112703885609,9.1112137835788,5.50880114179964,1.78694233917407,0.688559599278368,2.23294205589337,3.80319879396554,5.26774316431918,5.96786925927757,0.775385468433312,0.0081302884715726,-0.981270933649879,1.1641893203252,3.44903694417265,4.98399064096371,6.40644251238108,7.55728487049968,6.2470591812589,5.25525763480145,6.66319219860393,8.1874196153308,12.8625092406323,16.1899436109813,33.1114104180476,19.6724757258323,7.25818780476348,6.22910039844819,5.82218063443503,1.5861611213254285,-1.6908208835270566,0.04039432315855629,0.36180671293656225,0.1428151352490768,0.011080032098685737,-0.05560304084064942,-0.16745565951326838,-0.09372640473648777,0.0039718369054431305,0.15872733502029482,-0.029706491570890208,0.04966965293765937,-0.034559027473270075,-0.08715421806139788,-0.0026205295234968846,0.05358007363880161,0.024189800498099236,0.027642434683411144,-0.050392197585751614,-0.02908100391543985,-0.0950281677626162,0.046878037368166134,0.07286007554341459,0.13371974182388882,0.00991737870539036,-0.05961433979771286,-0.04296999906069322,-0.028957701763961056,0.008631052431091583,0.0915142896806832,0.046505984775426175,0.02910656139787266,-0.06305528217671967,-0.02927588918509499,-0.0637206650400914,0.09825883002049637,-0.23333298670609284,0.021088737726628743,-0.22175842267879728,-0.08882047991755629,0.01796821986889037,0.13613499455450342,-2.208333333333333,4.725387011389376
1,20.2845238985314,21.4801363744423,22.8522034925735,22.1804652404909,21.537956614251,15.2563147148046,16.3336063448837,2.32190358916878,3.31385848148575,2.43255237979044,1.37832503938877,1.01338793917738,2.00509002532585,3.60807846495577,2.87954289804622,10.9052594077819,8.48658503863991,5.80010714904267,2.93809282672201,1.82354141528076,2.98102185204992,4.33351655167165,6.1627838712591,7.11250229624279,2.94587128184783,1.99952036582044,0.630261768262357,1.98213697469982,3.52989864237311,4.87617927490117,6.11681282124597,6.79141013674537,4.76254230763285,3.19493538639866,4.86160548535847,6.6412587617741,2.379069869671,9.9417131561434,29.930862239651,18.1942192856411,5.44143492049005,4.87414944256252,4.84248602998487,-1.6925110434148856,3.7411923026134657,-1.3810897915298188,-0.13281907610362412,-0.18314727032033634,-0.061082311432445344,-0.01525220076791765,0.12453075951318296,-0.006411737786980106,-0.06204507221000177,-0.11634957924332613,-0.006035287710220641,0.036322333528037154,-0.05477302856079767,0.05240985220005674,0.0002173356007931568,-0.000913872616676994,0.00923411681956395,0.0025188288664853235,-0.010380939214142265,0.021132331628948665,-0.002768582299376215,-0.08474325879472756,0.013748453315357281,0.11296311344697842,-0.03888750428442304,-0.09280023034737685,-0.019456191631690326,0.059925782526061316,-0.0006658308767187578,-0.02482965145377377,-0.06528357371583134,0.0006639196348869924,0.14331099804378267,0.01560882769047837,-0.10101019694648926,0.035736714519059846,-0.0652816507474993,-0.02736583449264211,-0.172753207547704,0.1080106125847294,0.025402601327132037,-0.0034626047386215513,-1.6900921658986174,4.633587851162665
2,18.6736289859917,22.8522034925735,27.2311066460634,28.4707912481236,26.5369317825359,18.8563570154212,16.9279050924043,3.20549681252322,3.75316691955966,3.29185261574207,2.64450002413782,0.993968485013297,1.67890553985506,3.24635737575642,2.74532988849477,9.28294311510037,7.64916961112676,5.778182068211,3.66524079148773,2.58831809672611,3.38555098058649,4.56296858421634,6.72262980421174,7.89489104589561,4.74443842539394,3.77241481423466,2.10621234917933,2.68875735469189,3.53255895344939,4.6820135044611,5.7406272083764,5.90900895853851,3.14737978165874,1.01089273885845,3.0143755699859,5.12419491706526,-8.54667887238434,3.36540683439842,26.50037809063,16.7940241965252,3.77593327551032,3.63201411676774,3.93199762568293,0.040437193080311525,-1.3847199203139664,2.695502042137763,-0.9213728051883961,-0.3873554750151078,-0.1324143330942044,0.006819909774155448,0.23349461555512332,0.062092557997873124,-0.015535579326751068,-0.05016110653278406,-0.0015360985953963248,0.004622116931963896,-0.07368209267663872,0.015607902645100761,-0.01002222242111918,-0.036278845790703285,0.008174925040561132,-0.03942424164193946,-0.0019267944845272598,0.026859973696961623,0.11320087595994814,-0.07392819484138632,-0.01868032313930482,0.018911111839073475,-0.10743084340969854,0.13209803283331314,-0.017845675068998652,0.014313983605159107,-0.042645206354487625,-0.17545861709188215,-0.3065171502612982,-0.05863045844424182,0.6340646482696102,0.06199964144647526,-0.3756843493786945,-0.09599443977986807,0.2544079477078041,-0.022444886319609905,0.11332819941502302,-0.022251450207706774,-0.014731049293884408,-0.08169009057929334,-1.0819892473118282,5.217385039084564
3,15.9383804934367,22.1804652404909,28.4707912481236,34.1888766031502,31.024337489893,22.1948677423576,15.8060483192599,4.42931049232916,5.07657829364326,4.52148209459976,3.72116327319437,1.02500857015054,0.812327284768556,1.7542632086594,2.01816611166745,6.29803775909239,7.0958828166487,7.56340038027987,7.72557178692343,6.07109091544462,5.73746412001091,5.90880741393707,7.47169346208406,8.22250213924048,5.7498880151288,5.22778222284275,3.17727610967637,2.80087875531523,2.77141090160142,5.13880273715391,7.42818282931507,8.45176046335213,6.60541000265297,5.62058834709022,4.08785443330232,2.63356883039618,-12.5785044135999,0.117164718934667,21.6696674994648,16.9048453698959,5.50782848793088,3.36886012236441,1.53802053818832,0.3611226854185605,-0.1311692628255754,-0.917413060352458,2.219763310759786,-1.2642159107133897,-0.5652838248316536,-0.02662627934501882,0.3578492061703206,-0.05534275108757224,-0.007560028376652675,0.04759142627451168,-0.02340697826433626,0.017397611157903083,0.01188130756345572,-0.031263105265648725,0.05312389593700765,0.02310451490789544,-0.036553298251876115,-0.15702686896690968,-0.01704617745761586,0.038572102718002,0.04626792117110162,0.27016302191039754,-0.044040399507329096,-0.1803923850918848,-0.08052546066889195,-0.07503244243122523,-0.037751592324604365,0.006309633803202619,0.04104702732181285,0.1473605827833467,0.2727689340502062,-0.0667588675744907,-0.28578555265942523,-0.02441375536132517,0.18943495731088264,-0.0497228151819402,0.07560202844137838,-0.08486682370201863,0.20167439756525224,-0.1950971251495973,-0.008985812354755877,0.11571922212240215,0.026497695852534326,5.846270315607226
4,16.6334258037652,21.537956614251,26.5369317825359,31.024337489893,28.997919168922,20.9029417623226,16.274408298396,4.59358593713842,4.95091430952161,4.10326610025327,3.0307231639459,1.08714389972405,0.680169714309342,1.30060787576414,1.05541239506366,5.60281676524026,5.23316978635085,4.54057000642643,3.57307795051176,2.85186225121966,3.31566740540743,4.21529028388618,6.10363618306789,7.0043972468051,5.02452434544907,4.65599190139597,2.15613645983311,2.19157632469024,2.54922952838106,5.01023128628424,7.49249628800729,8.82045390984618,6.83706241184925,5.65386670391996,4.12110786076565,2.57081948610639,-9.71136682249988,1.96924476942181,21.3240691603792,17.5997510056099,5.46841888734849,3.30829116525294,1.41814774085763,0.1353840884690776,-0.17994922836034627,-0.3887525326892309,-1.269693164913788,3.492188765206033,-1.9546325930016877,-0.15163075128660283,0.2885880825750304,0.0356980798616409,-0.003664891544355734,-0.04407538738435567,0.05307658257974515,0.058127854908782216,0.05157503021954718,-0.16895531536614075,0.10683091122168621,0.08568192207735133,0.009327416721872407,0.025925954554409023,-0.0023263230520153113,0.009290022251409201,-0.028938857589457856,-0.231586090120962,0.04508569827838162,0.1820328066856254,0.02245292712488953,-0.03563160514556794,-0.004080662801196842,-0.0437190073418648,-0.026674191458053855,-0.0734588726978536,0.0024127716274218365,0.12019368845865529,-0.21120848022019434,-0.0031024938547026906,0.16137061623677407,0.09609026467701567,-0.17734846560228204,0.06413032644401662,-0.4045713210411002,0.19779542187785346,0.0323779491665484,-0.0304051881290162,-0.14996159754224248,5.3840430132867665
5,11.7835386504786,15.2563147148046,18.8563570154212,22.1948677423576,20.9029417623226,15.6445886700558,15.8422128119205,4.7818737563201,4.34649847235651,3.54925453987625,2.5716838348389,1.21441962888446,0.537089250851502,0.701706443306763,0.275209816935665,6.28154174352318,4.44720791928314,2.34877689345595,-0.0067592814732667,0.0859379302233594,1.03187525370264,2.34017606709451,4.22816996442137,5.38284520280876,4.46659808914366,4.34057958307217,1.81157589780272,1.48783833952405,1.46502427120891,3.33467627778303,5.30050174849534,6.26474001498814,4.80667287566853,4.08112765855739,3.02458936479801,1.87475736580732,-7.85927638624482,0.689146202347694,14.9561106818752,12.0530975254638,4.01651232020635,2.35864905622084,0.893559786053581,0.009438362271643325,-0.06095161525251465,-0.13422992544360327,-0.576296374483306,-1.9532710873231163,4.585123337151953,-0.4643985775654504,-1.1464073778402895,-0.022606095837792856,-0.02904387310286892,-0.05849694267197286,0.04543976291212826,0.06241476776185083,-0.006963740367500244,-0.28820799426675425,0.3414835624432522,0.07464708118411832,0.009100446124400101,0.0005078425549516676,-0.002750593562333461,-0.0029676102386670816,-0.043292706047141555,-0.033592200219639504,0.01529277293059516,0.07693450226300605,-0.0327054667426197,-0.1904920730776596,-0.04023069571984426,-0.036956741638240365,-0.02069224479147554,-0.059355358822383616,0.009007069524584384,0.05094159851574981,-0.07192940213847086,-0.008308850722157209,0.049749075969970274,0.01471462564964241,-0.01245085594640891,0.03852476092424065,-0.20707525605430419,0.02225457961764274,0.0008591917216755886,-0.008830902369503749,-0.6344854070660522,3.954059770673154
6,15.6220079221131,16.3336063448837,16.9279050924043,15.8060483192599,16.274408298396,15.8422128119205,351.226052605271,-2.49797754326877,-8.99963003736795,-4.53936995653655,-0.472429433257582,-1.87779843751016,-3.22939638038239,-3.39789679351164,-5.84058281095777,350.346203977892,229.440433569535,107.977491546677,-13.9502002237315,-13.5939462868177,-13.6537032801999,-13.3242527076117,-12.6107660801335,-10.8777547945008,-9.19283549954018,-2.27813196356513,-1.28065450461525,3.70921129083712,9.24019307877064,6.76174605115856,4.64497580583288,1.09448124951672,-3.89733705058748,-7.55406582695262,-9.9286795084127,-12.6817024184883,-25.1429151975109,-5.91705205681649,-3.27840044475547,-6.48759394863925,-12.4134667519079,-12.7550291493734,-13.1801162188779,-0.04498511234399035,-0.014049102902806074,0.012564179885241524,-0.02627020494550889,-0.13627094962695652,-0.44593267028518113,1.5202902551415294,-0.6368839678009327,-0.0020266746228460074,0.00928982054527902,-0.04958310695562789,-0.06368454005259025,0.024343214889539524,0.21067307521029302,0.8358057261890902,-1.3124242333219123,-0.18525749433676397,-0.006022366096486419,0.3171785148194844,0.16602945172911773,0.05035645677548956,-0.06814852932155684,0.01304732961565838,0.08214967669058056,-0.18169429939389856,0.19084270884640606,-0.10654922169393505,-0.029137714548232895,0.02418119981233882,0.0018459168157441384,-0.04429403439979949,0.016480211290814426,-0.0006474150509441695,0.005713899637170453,0.007328117101479488,0.03262294827893429,-0.00847150574538996,0.016414415848355863,-0.027489923707963222,0.0677714068742105,0.0025226328636758027,0.013330071208031844,0.034321301018264146,2.1350230414746543,18.740759125640338
33,1.64449818117252,2.32190358916878,3.20549681252322,4.42931049232916,4.59358593713842,4.7818737563201,-2.49797754326877,5.60828927718041,3.84211941842589,2.8567599935869,1.78814193109152,1.6355155197733,0.433867621219576,-0.315326358798547,-1.0064928257582,-10.2334306335455,-8.85972554404609,-7.62462154102127,-6.60468795791083,-4.85577899482582,-2.86931525231842,-0.674172518311177,1.26591335696137,2.90289580803905,4.0316172840932,4.07697840799832,1.26543383151548,-0.0745471099892857,-1.16351211339689,-0.279318332870468,0.840258610772182,1.30122910755748,1.09212938051093,1.47350324874741,1.44572461872034,1.18431157691454,-3.18027755437459,-1.59393004703897,2.83674554388902,1.64648537404934,1.872120265736,1.18650928980727,0.548361095108469,-0.17447384145681924,0.1231144018550201,0.23556681046240202,0.35770395286081047,0.27908749347017475,-1.1540667553294723,-0.6400504180373522,1.715188122346723,-0.15066687816328245,-0.1028958012963639,-0.047222092328248755,0.03373668014031718,-0.018694141188544774,-0.12089773964782591,-0.39484908343660957,0.6039030960975079,0.08323700615871107,-0.01562963177666278,-0.07885850002468499,-0.017541915437725396,-0.015825865566946772,-0.03308450804515464,0.08825844143123915,0.01789698779052869,0.01996933549430239,-0.24764258639360803,-0.3142767315822547,-0.09070136387686716,-0.03545402550188547,-0.004011827220327802,0.002011621446006472,0.037391676615413136,0.10218800355723323,-0.023937736804866837,-0.045502644613641195,-0.09150407879842111,-0.0609668881066934,0.15180580370423033,0.03599357541685648,0.011626066750727002,-0.1370533954294528,-0.046970743819943823,-0.02426686357426936,-1.7728878648233486,2.3660704294632495
34,3.14644349148579,3.31385848148575,3.75316691955966,5.07657829364326,4.95091430952161,4.34649847235651,-8.99963003736795,3.84211941842589,7.61156243142418,4.62411501990168,1.56418320979824,1.16951739045568,1.67026620295762,2.60936267845338,2.839132932599,-11.6325247155723,-7.96610430681182,-4.52857740433441,-1.325732524126,-0.772907732909345,0.668746398443508,2.2954378295219,3.92866327316152,5.8971108125697,5.84134099617669,3.82741758119067,-0.0707496390483061,-0.363551614507627,-0.37085913068746,1.61697723487517,3.73267659413878,4.87812291143527,4.62802278662596,5.07214491376195,3.56872538389538,1.97103051293009,3.60173458348823,4.49390380607303,10.7400130286312,5.61692805279631,5.67563673310886,4.64313043782864,3.82717285316288,-0.09854038110612696,0.0031586421957759975,0.05821245285664506,-0.06214701597547388,0.026432580208301592,-0.03202533702184165,-0.007448301219750849,-0.15552018569203846,1.4458234826554317,-1.737300755529569,0.7474794782211154,0.054579824944738356,0.020484744415630005,-0.06402528577351449,-0.004128168361751107,0.05420211064010736,-0.0035858339916121835,-0.054703787296516496,-0.013883746269292797,0.017665310453360974,0.03449635122904359,0.04756703807214886,0.0331800814499034,-0.03672768113254903,-0.07209407293008543,0.04688669620172386,0.04672434941988787,0.10743839290727962,0.028933691668632952,-0.06202093124466388,-0.18154804006647304,-0.04214955409486224,0.06840960353297539,-0.023698061492859832,0.020283657769119705,0.07467718080275555,-0.039006130651141814,0.08894213860983341,-0.035334607467643456,0.09010194128156726,-0.023263307815245708,-0.030704436540983746,-0.040039431197688116,-1.2030721966205837,2.7570931125778437
35,1.65041661916013,2.43255237979044,3.29185261574207,4.52148209459976,4.10326610025327,3.54925453987625,-4.53936995653655,2.8567599935869,4.62411501990168,3.86416666666667,2.99833163602606,0.731548666647453,0.960397344851628,1.42135792516979,1.49528520550288,-6.86818105842351,-4.50692267071571,-2.29178324238958,-0.288105319392208,-0.297195158136021,0.187338859325769,0.784627262221038,1.71160624488059,2.75756728107946,2.74073379703243,2.06213085747161,0.186383780088359,0.0322224716945878,0.125666791464849,0.805898097811089,1.56239974071704,1.92210348990742,1.88267830621883,2.45764105553334,1.96239788748319,1.41010970050678,2.56358030382083,2.3408216635495,5.57455849362721,2.64096637281975,3.27509555340574,2.82853936077427,2.50527768876534,-0.01638615137879545,-0.029012847528647856,-0.012156902769864461,-0.006435854141657406,-0.004056371974210036,-0.030150297184334804,0.00011315359018468715,-0.1025684618581299,-1.7417373342579803,3.9117026709784195,-1.6876502980392596,0.002915641924118096,0.00696133733839543,-0.040318363044133464,-0.004082874653452817,0.025367255426483774,-0.030857967662389827,-0.03346947064974106,-0.0028527827698550485,-0.004256664348025804,0.00042800386608355865,0.023083590161311434,-0.0036658276119266846,0.02058789468035126,0.07040287210183822,-0.19937026342413044,0.15654520866835014,0.06092432935114696,-0.022090444894419504,-0.012141199347611738,-0.01000132671749358,-0.03345779338582303,0.008344592752741273,-0.02068057375550556,-0.005618552343383663,0.014320832602552189,-0.01744910111207675,0.025137605312208957,-0.005362215733081268,0.10167253086208591,-0.03524239792155001,-0.03724309309191561,-0.019378030431297887,-1.75,1.963203164898291
36,-0.0133849593861323,1.37832503938877,2.64450002413782,3.72116327319437,3.0307231639459,2.5716838348389,-0.472429433257582,1.78814193109152,1.56418320979824,2.99833163602606,4.52606929510155,0.358853006876492,0.365704044285502,0.265724122493273,0.0636382124826884,-2.51433579768405,-1.41907312281539,-0.325894296919581,0.574545296878247,0.0167598422562767,-0.463664148969318,-0.907084328862116,-0.563854513470974,-0.296841255331884,-0.0868042296729601,0.111947993572038,0.333923442343257,0.367554679274735,0.617514699208438,-0.0703739386546446,-0.732121019481958,-1.19977577535685,-1.0526084425248,-0.365016453895877,0.271437749895427,0.884726952424462,1.40747702837241,0.241471689457365,0.498486658655937,-0.173177199296049,1.02954931441714,1.20190138682933,1.40307106752696,0.1652057751815737,-0.12994117185777648,-0.05261961419184972,0.04696583691536126,-0.045259400849527565,-0.0598712962101782,-0.04482830539735875,-0.048383247160310006,0.7411641561417185,-1.6902697621879945,1.4558591771487106,-0.05227476978362186,-0.13004977094102788,-0.03067614011960246,0.045552722677322445,0.029019667510130263,0.024784417925369204,0.0038845257738203518,-0.023564391040771782,-0.05862976901854992,-0.021894672640502932,0.08197382651415083,-0.052291595127082514,0.0745003705340917,-0.06708125155508642,0.04751894305828429,0.10116404801435001,0.004494269447432183,-0.08618295144787735,0.015154019776563351,0.13568695500655187,0.02785014492841693,0.005185086590695248,0.0006030452077161493,-0.03404939476660917,-0.04475395250306015,0.010510292128547611,-0.04027946253285814,0.01997908267773894,0.06586595745296056,-0.06131309823324507,-0.021590575647388973,0.014277231480849549,-2.2311827956989245,2.125104537452582
37,0.905972196122843,1.01338793917738,0.993968485013297,1.02500857015054,1.08714389972405,1.21441962888446,-1.87779843751016,1.6355155197733,1.16951739045568,0.731548666647453,0.358853006876492,8.0936917562724,6.57263709030679,4.85786694170088,4.37280979789959,-0.299414506221083,-0.388713427918331,-0.486202946208781,-0.400486631078435,1.70768011415219,5.51987196491888,9.26745765977127,13.3796658972156,17.4692914662146,17.9958131737498,9.55116844806855,1.34659775993051,0.232232054128812,-1.1081112919262,2.04603518712566,5.23810588516528,8.22610127276634,8.32222890264724,7.84253963987636,6.7866687941715,5.67610617837139,-3.56742156268725,3.56447994260966,20.344859636499,8.2227538409993,6.57855184055849,5.20194468504866,4.24313531401158,-0.02546646066987789,-0.009690780043560616,-0.0045134230649659145,-0.02317331095280635,0.05070385260911392,0.04828234640270965,-0.06211993786221758,0.03965838087133922,0.06512782392777285,0.0027961272432390554,-0.05518882435021554,1.3091607841933155,-1.1892929048192096,0.3226362589610324,0.12290255846748431,0.01691383117395311,0.028704423445953066,0.057271642977853934,0.018652952486910387,0.006167788322854686,0.002783019984432095,-0.012400834169879818,-0.05115815156453886,-0.09061709528921379,0.09669049458515441,-0.187159127847346,-0.1118027990553414,-0.10135959563454006,0.0030292085638990844,0.012259336168014149,0.06778186478986103,-0.046009246822910355,-0.12354259887872689,-0.04006952957722263,-0.02046158878121901,0.005696940850644704,-0.02806717286519409,0.08587624150659404,0.03834208499205473,-0.036529141916807326,0.03749380484643392,-0.015065375406176463,-0.09807530049988361,-1.0483870967741935,2.843183384214322
38,2.38213014688451,2.00509002532585,1.67890553985506,0.812327284768556,0.680169714309342,0.537089250851502,-3.22939638038239,0.433867621219576,1.67026620295762,0.960397344851628,0.365704044285502,6.57263709030679,10.2222985394875,13.3053248674682,15.5314537876286,10.7406980080036,11.1081174482599,11.6066273215841,12.0868698266945,12.4868451127972,14.3713102677399,16.1600710479245,18.2166168687629,20.9530015553085,20.581475181084,8.85433090805546,1.88174096969364,0.817705638135471,-0.227465824836524,2.61421608417078,5.04041799990198,7.26744574940163,5.9598052257365,4.66566815128775,4.11210949251623,3.9685002328669,0.711394514739526,6.82974386197333,20.6801690454256,9.68267835095076,7.32891071678139,6.72272286928165,6.48172732152126,0.041759588884118064,0.021657505641387235,0.0012781037097471138,0.016113494125951387,0.05734321118475766,0.048710536936659096,0.023354663919256644,-0.02077510191837502,0.021190061995297448,0.0005774221688929876,-0.12988087223848266,-1.1895054409111512,2.7653502323045305,-1.0986849614976708,-0.1341686594380677,-0.04228115962249395,0.015542465546595887,0.014625442440543122,0.01925533939519602,-0.0291055376353171,-0.14940688740794553,0.13167794689007184,0.06536022289747119,0.20978940510457192,-0.3123228163191376,0.20863726456614817,-0.2182649453126383,-0.03857467981720978,0.05098590223563666,-0.013439460715632682,-0.14079582858052414,0.02453592226472992,0.09001570586092024,0.0495225301963064,0.008896424525439275,-0.06442373721737234,0.0071275196661992005,0.0062147990631536846,-0.08417026473966811,-0.18053373698824043,-0.06040636083154059,0.016019171489504193,0.13151545774308795,-0.9239631336405529,3.1956687155410024
39,4.23505440560611,3.60807846495577,3.24635737575642,1.7542632086594,1.30060787576414,0.701706443306763,-3.39789679351164,-0.315326358798547,2.60936267845338,1.42135792516979,0.265724122493273,4.85786694170088,13.3053248674682,21.6749562333894,27.0723410453168,22.7973673692559,23.5150087896267,24.3531177397172,24.9710013224713,23.6975143455136,23.7341004596361,23.7483180673564,23.5459609487864,24.5888375073678,22.7507572722062,8.93276452002999,2.88650964371968,1.70020776559166,0.770672573135829,3.40453361297668,5.16652128604504,6.65320022818852,3.93587406688536,1.81643387644411,1.53230403095121,2.12835526443478,5.31507965350564,9.85349483947749,20.5540169276153,10.449296706582,7.61282491957847,7.83964539721484,8.38303505330616,-0.02922798330408789,-0.037558762409079946,-0.06516144709120104,0.0167545935891817,0.0649744448268059,-0.0033783457503195813,0.21399684677166142,-0.1149400321187442,-0.05101467964445791,-0.02490133518437302,-0.025603801808471036,0.32079209571815587,-1.0971458882200822,1.937450032880559,-0.7568229983769249,-0.19232670171502134,-0.04160337230489724,0.00017985903437888221,0.06661034845534507,0.009539719769616616,-0.029058274384010676,-0.054655619395802574,0.10770363680619896,0.05988157587008591,-0.1023428671990621,0.0339227563857547,-0.07264026920733593,-0.010134248166523413,0.08132545269157139,0.015806060928293363,-0.012687292928100094,-0.007007042284067915,-0.020556130505844105,0.09020440228575867,0.06157008653820255,0.03303999551070867,0.01777644812502628,-0.062490808622558874,-0.06729911558054384,-0.0064695420200691165,0.014841552959920614,0.008685770748224655,0.013079422332784798,-0.9554531490015361,4.654562947623484
40,3.38872709808378,2.87954289804622,2.74532988849477,2.01816611166745,1.05541239506366,0.275209816935665,-5.84058281095777,-1.0064928257582,2.839132932599,1.49528520550288,0.0636382124826884,4.37280979789959,15.5314537876286,27.0723410453168,36.42806627167,31.718482418816,34.6581410731729,37.6037119691886,40.2499435975946,37.1135248015672,34.9425259072591,32.8613491904599,30.1445677215058,28.8226892859694,25.0947583246119,9.66498370880503,4.42353869311232,2.83790948274089,1.60836253481521,4.69753339686627,6.46952314665991,8.01012034181944,5.16757531286183,3.19259427250565,1.30971264887117,0.763374945620173,-1.00937232342903,5.87709618749472,17.2682347953111,9.79647211601269,8.45918990696004,8.28499667083519,8.33895806066745,-0.0774241455477723,0.04922844412892579,0.01349926645770583,-0.03385694549526493,-0.16227087937399157,-0.277764803050922,0.8316424721756615,-0.3915291156432199,-0.01491358421737907,-0.006817521439618402,0.03932898638619106,0.12192064372808131,-0.1335355617522057,-0.7570285115596024,1.4563734014733591,-0.7457538579953168,-0.0901514011977247,-0.010122314725017892,0.14290479921744081,0.08228601390970268,0.028984542453416605,-0.16184146667274063,-0.04638170182744831,-0.09218650030309261,0.026486936037917058,0.058483049725114145,0.1450907778739249,0.0666495003894835,-0.0005456800771166067,0.02244065554135063,0.09343239818886766,-0.03298326776967126,-0.03346384149279593,-0.058505887192882876,-0.014189223671315391,0.012925099150176969,-0.003379518433038196,0.01587703114052785,0.07848058617651243,0.1325927088076118,0.05524387333984876,-0.02390878125377279,-0.12030602611281294,-0.407373271889401,6.034738293552585
41,12.4112703885609,10.9052594077819,9.28294311510037,6.29803775909239,5.60281676524026,6.28154174352318,350.346203977892,-10.2334306335455,-11.6325247155723,-6.86818105842351,-2.51433579768405,-0.299414506221083,10.7406980080036,22.7973673692559,31.718482418816,402.030853522054,284.357957021232,166.147787858058,47.3648029353518,40.0409788034225,32.4592202243554,25.0592230423785,17.6616762711961,13.1723213503891,8.04150497040142,0.876606194048357,3.82031658772546,8.48804583205472,13.8454188432758,12.5846413500908,9.73297043406222,5.97007552496435,-0.713570743463274,-5.68382288306654,-11.0725651749634,-14.8709511706223,-24.8182956647279,-2.71728765049638,1.03915321524616,-5.44324815477106,-7.83088619154642,-7.60181868925637,-7.41090806893282,-0.007091775682948409,-0.0017120376886675247,-0.009535105686127344,0.029977018240035035,0.07066400579506886,0.3047455316811336,-1.3026460003129325,0.5895487230969552,0.04361177319944086,0.025082439462024108,0.029033780019095328,0.018382882126660765,-0.04205472123175753,-0.18552958319397456,-0.7439498512548719,2.306246683423003,-1.366050281319746,-0.2765505800215905,0.18425621107398205,0.11895425148465039,0.028411895061863493,-0.0500669899459526,-0.019698424093941715,-0.025752427910908118,-0.042714868522922125,0.11642272144054405,0.1310834540039711,0.040864818646938854,0.01861726370172867,0.0031792917946500713,0.001348643391497359,-0.019693392340607324,-0.10136790788550855,0.0027920503881143583,0.00451513198040709,0.007208346780904077,-0.0002600769034968584,-0.00972778879236402,0.003790374700237346,0.08869900017485258,0.02736066621901392,0.005989953104473231,-0.007438034309587306,2.8718894009216585,20.050457688592896
42,9.1112137835788,8.48658503863991,7.64916961112676,7.0958828166487,5.23316978635085,4.44720791928314,229.440433569535,-8.85972554404609,-7.96610430681182,-4.50692267071571,-1.41907312281539,-0.388713427918331,11.1081174482599,23.5150087896267,34.6581410731729,284.357957021232,213.321500694902,141.547481161637,69.2448137442812,58.5126465969085,47.6267661041005,36.8709929192485,26.4503553517886,18.3300251706279,9.61638366241812,1.07728226856774,7.10864106226323,9.97558226143793,13.5010028040555,13.2201838117701,10.8019521328479,7.64057003327318,2.85959291316919,-0.28094847618855,-6.62515115285962,-10.8280764807939,-21.4615042725063,-3.73266736986097,1.68121420561091,-2.21164568882438,-2.85988515138081,-3.35573462603614,-3.87382810754823,0.038494042074707184,0.003320114013724064,-0.0038454933700836393,0.033478295871519397,0.1176094277547149,0.07590991575084517,-0.18087048629767805,0.07928875747885701,-0.005046598494845658,-0.027107361590107442,0.026434153541595288,0.03544594402159117,0.016611258530284376,-0.03852835109965174,-0.09404138378260908,-1.3682071559633995,3.051410371288901,-1.4357353913131519,-0.049686913269263513,-0.09951452837356227,-0.023050593377360026,0.13055420676106258,-0.001398750967931935,-0.10206642521256303,0.2899671718758193,-0.43237792674505676,0.012595634116390642,0.0041158850968741,-0.03648295945206554,-0.015917840569418223,0.02642582914360047,-0.01017488318213558,0.04178363000654606,0.05430737162246057,0.005410225273733479,-0.023914467119391415,-0.0017574182821810955,0.02014264399027754,0.03404530672010395,-0.16412214731482327,-0.04064339461700958,-0.015799215491531696,-0.016032175428470366,1.527496159754224,14.60518745839647
44,5.50880114179964,5.80010714904267,5.778182068211,7.56340038027987,4.54057000642643,2.34877689345595,107.977491546677,-7.62462154102127,-4.52857740433441,-2.29178324238958,-0.325894296919581,-0.486202946208781,11.6066273215841,24.3531177397172,37.6037119691886,166.147787858058,141.547481161637,116.487312705727,90.8354283355031,76.766157125078,62.6209967990172,48.5525973997605,35.1864267560584,23.5179361731387,11.4874182442168,0.988593988527748,10.3596435098095,11.4614342059153,13.1824641717551,13.7508103961203,11.6326867064037,8.9143864275357,5.96972247532078,4.55391307093379,-2.5030779483501,-6.86614699854301,-18.4618403604653,-4.87530021830367,2.07326434273747,0.75165085571424,1.8988559174007,0.782524018695541,-0.346503957199824,0.016095771340348425,0.00771312811944614,0.012919945468465267,-0.035680732726031957,0.010487855154524932,-0.007401704170901501,-0.004345104013633636,-0.015902300841364632,-0.053789306670611436,-0.026643032528063815,-0.0021754777659254436,0.0448097847287811,0.010220768879544718,0.009880385194877248,-0.00948487517418295,-0.2681025934731256,-1.4382002090807042,3.71807301888704,-1.3920322212198317,-0.6288162278929301,-0.15905759618460838,0.11289497440017306,0.04708484851027859,-0.005325494095962219,0.0488645962127513,-0.022411989840435614,-0.05357189464531241,-0.023268181128040945,-0.07774291320892604,-0.014307102803620518,0.029614497791516665,0.03847615485608919,0.23209313404771986,-0.15955144375350658,-0.02543161095727895,-7.527417015362727e-05,0.022810325578852795,-0.0389593287005284,-0.024038631040330327,-0.040258636263446314,-0.00806997761588805,-0.014107005588273944,-0.025204926509313937,0.2766513056835638,10.79246555267736
45,1.78694233917407,2.93809282672201,3.66524079148773,7.72557178692343,3.57307795051176,-0.0067592814732667,-13.9502002237315,-6.60468795791083,-1.325732524126,-0.288105319392208,0.574545296878247,-0.400486631078435,12.0868698266945,24.9710013224713,40.2499435975946,47.3648029353518,69.2448137442812,90.8354283355031,112.059569892473,94.6718470594851,77.294175266272,59.9235660035222,43.5917344173728,28.3819843652629,13.0737587969631,0.795352579789469,13.5459896508603,12.8886896862448,12.7253847178684,14.3029462914109,12.6559014063258,10.5467046971503,9.59294332730987,9.81674435497086,1.89242032664578,-2.7995443384269,-15.7312432610701,-6.23706835814396,2.28376664061054,3.67658849878747,6.52778550241029,4.77732915137434,3.02031000561217,0.034233940424882044,0.001705922259578764,-0.03198054158689239,-0.16516315746366536,0.017611797087074225,-0.005210046832720662,0.32216079851132823,-0.08206816830565067,-0.0062386244626261075,-0.0019211297371939321,-0.025141145772125745,0.014408392433689805,0.03811228395235572,0.07070612990925038,0.1431948220560748,0.16536390093861567,-0.06796338229155913,-1.3997703821003646,2.630389904756637,-1.7109285386508537,-0.3319433338405041,0.2601558210009856,0.2067521077941179,-0.022340054991962746,-0.009221139632165693,0.3630316919464422,-0.28633366355481205,-0.10483705812419387,0.04781868397864118,7.690879073996602e-05,0.04568722134571003,0.024192875706700066,-0.1326163238971466,-0.05224225322456966,-0.012996569363287906,-0.011760071027447505,0.010501563511528453,-0.0181156886506123,-0.11392742529843304,0.1281123930220425,0.008836405631566431,-0.021761484306313313,-0.08698983623658549,-0.9096774193548387,10.585346942470666
46,0.688559599278368,1.82354141528076,2.58831809672611,6.07109091544462,2.85186225121966,0.0859379302233594,-13.5939462868177,-4.85577899482582,-0.772907732909345,-0.297195158136021,0.0167598422562767,1.70768011415219,12.4868451127972,23.6975143455136,37.1135248015672,40.0409788034225,58.5126465969085,76.766157125078,94.6718470594851,82.0688104495831,69.0171587251818,56.0066792242873,43.5245954149998,31.4045584674903,19.9755996285994,5.59262960441328,12.218329262764,10.6572121777359,9.53144501818062,12.1649505754869,12.0683170119013,11.368135029616,9.48238839074727,8.64450796201639,1.10718786407819,-3.69126222806065,-15.7657549494082,-5.57608999436909,2.20839826752057,5.01286347210709,6.79163688696983,4.27650591487103,1.66307912819923,-0.03365686882407318,-0.01597904182546438,0.0023703465134850745,-0.02145286363808212,-0.0036125516261016426,-0.005856129850711072,0.18216805824608584,-0.017401676777719848,0.036508363140861255,-0.00070368078556387,-0.06177297745180983,0.005376835737626961,-0.026620363191430702,0.01175113925886629,0.08218926388540047,0.13891876492243158,-0.09804382240028615,-0.6268014444729152,-1.7177233116775141,4.130610767600161,-1.468749696109563,-0.28787692686388666,-0.06560722755175627,0.03261960824077014,-0.16282565208536587,0.1296791275020665,-0.05459153116890016,-0.029377336684718404,-0.007839641584675552,-0.028861127322186323,-0.016387955952337704,-0.03449987135010893,-0.013384347000479802,0.0101357438815628,0.060413580523158886,0.030799080133500887,0.0009204259500298243,-0.0018743017041897478,0.2867308249615065,-0.15961794602790222,0.04402496082343325,0.009511017240552144,0.009984436825750693,-0.5581605222734255,9.058631819959515
47,2.23294205589337,2.98102185204992,3.38555098058649,5.73746412001091,3.31566740540743,1.03187525370264,-13.6537032801999,-2.86931525231842,0.668746398443508,0.187338859325769,-0.463664148969318,5.51987196491888,14.3713102677399,23.7341004596361,34.9425259072591,32.4592202243554,47.6267661041005,62.6209967990172,77.294175266272,69.0171587251818,62.3148257717065,55.6050930987287,48.9306178103397,41.9741961056145,31.6894521509554,12.8638592439177,10.7860155034684,8.88730873565871,7.38139879793152,11.6707262095553,13.7383478252859,15.0189334163901,12.9316568655802,11.8014624126941,5.57953970333144,1.5905728137769,-10.0877765288697,2.02208670605364,21.9195757641026,10.940209470915,11.3499450434282,8.06708028630149,5.15179957963551,-0.03256775498759785,0.005945595645226995,0.02699501523745217,0.04325002671393101,0.0174426926186607,-0.004285890178063669,0.048097496522510025,-0.0183969259978949,0.019789536355402287,-0.0017440498173424113,-0.019287797439710173,0.0031641304448414044,-0.1527808756401444,-0.029289886330049975,0.028611644145616257,0.030159271480517617,-0.02251029593395615,-0.15843784970445307,-0.3300440414486733,-1.4726344289506093,3.88246825507984,-1.5445915689680083,-0.4242531736727052,0.25326857759442417,-0.052144415442573144,-0.14046541062735515,0.07059681178057998,0.016162008964437723,-0.014566669306085285,-0.0311306590362064,-0.07479163010691081,-0.019655585604514754,0.023396162326208232,0.0016819173578750248,0.03070541470937588,0.04403754669695089,-0.01815690198404173,0.042129950058994566,-0.06320549783542975,-0.03122476745260548,0.004539445554214104,0.03755714239036216,0.12835348776017338,0.06754992319508445,7.893340596458926
48,3.80319879396554,4.33351655167165,4.56296858421634,5.90880741393707,4.21529028388618,2.34017606709451,-13.3242527076117,-0.674172518311177,2.2954378295219,0.784627262221038,-0.907084328862116,9.26745765977127,16.1600710479245,23.7483180673564,32.8613491904599,25.0592230423785,36.8709929192485,48.5525973997605,59.9235660035222,56.0066792242873,55.6050930987287,55.4225265731292,54.707173501584,53.0532817557749,43.8751841520269,20.4056078655258,9.48215349374105,7.20045005871751,5.28626486363872,11.2370489550378,15.4756707420781,18.6935449212385,16.3565116575616,14.9203808192584,10.0730219922453,6.9500225037419,-4.11672106182563,9.79108035852563,41.8190558778655,16.9427456654059,16.1112041479649,12.1317212724898,8.9911980787666,-0.10445625882624295,-0.006572263417640704,0.11894078455349522,0.042795091813088194,-0.029639517047225797,-0.05265900755412656,-0.07393633688324126,-0.03686886529753646,0.030585699481370462,0.01902263321169837,0.08117807967884275,-0.011244325142456851,0.1329051467531552,-0.055109531046504776,-0.16374354866092433,-0.05603896820647225,0.1326367598603735,0.11204357690100855,0.26871161159380447,-0.28352168079894685,-1.546597366700065,2.4709618635554733,-0.8793489193486522,-0.12270532366749154,0.14666368604368338,-0.1839318006582687,0.08945816400499529,0.01070517126702686,-0.026429740448699095,-0.05035040813693942,-0.03482145415873741,0.026567446653399454,-0.03826544301979076,-0.01758781877199562,0.02719162735317405,0.10449470405347905,-0.08191966054727405,0.1748435612421877,-0.1182996559173146,0.06752672017318598,0.030482026982770315,0.017181871458847576,-0.01188176077095271,0.6636904761904762,7.443959065788129
49,5.26774316431918,6.1627838712591,6.72262980421174,7.47169346208406,6.10363618306789,4.22816996442137,-12.6107660801335,1.26591335696137,3.92866327316152,1.71160624488059,-0.563854513470974,13.3796658972156,18.2166168687629,23.5459609487864,30.1445677215058,17.6616762711961,26.4503553517886,35.1864267560584,43.5917344173728,43.5245954149998,48.9306178103397,54.707173501584,60.856644954039,65.2945842704385,57.7116263119581,27.8874020413396,8.18756136218168,5.59737420024596,3.38328278127576,10.9448729336423,17.2941660583476,22.4491478502334,19.8714757275705,18.2138317616461,14.9542486994898,12.9172802867784,2.51861356934738,18.6897275606972,63.4131898170104,24.3239682206717,22.0481442435324,17.3939266112316,14.071896785982,0.04834266357138017,-0.07811080322898961,-0.07048969681842578,0.27118095886716204,-0.23012645975269194,-0.0336519071526881,0.009510536732367016,0.08491941175005689,0.05313381220443279,0.0011874276934305341,-0.05196556350606301,-0.051831965842867055,0.0645902182926865,0.10544062846640903,-0.04632328454906187,-0.020925582391516144,-0.002712073649616131,0.04810975240458196,0.21534265717156367,-0.06471945166530506,-0.42281891938019994,-0.8811237270106371,2.3163741456930715,-1.2773477080358617,0.1039012149146855,-0.003934713498912416,-0.021817024848639562,-0.009528257395262297,-0.007005952869034198,-0.035534180520577864,-0.1121275734337843,-0.00112957360931019,0.06471366179172959,0.11316462885926855,-0.004064816886173805,-0.1345141841912519,-0.026342577780279555,0.04415532596105181,0.034544206205202654,0.03331544306261304,-0.2223026585644398,-0.013958617767498736,0.17991905805619515,1.2039170506912442,7.80042594696206
