,Cov_0,Cov_1,Cov_2,Cov_3,Cov_4,Cov_5,Cov_6,Cov_7,Cov_8,Cov_9,Cov_10,Cov_11,Cov_12,Cov_13,Cov_14,Cov_15,Cov_16,Cov_40,Cov_41,Cov_42,Cov_43,Cov_45,Cov_46,Cov_47,Cov_48,Cov_49,Cov_51,Cov_52,Cov_53,Cov_54,Cov_55,Cov_56,Cov_57,Cov_58,Cov_59,Cov_60,Cov_61,Cov_62,Cov_63,Cov_64,Cov_65,Cov_66,Cov_67,Cov_68,Cov_69,Cov_70,Cov_71,C_0,C_1,C_2,C_3,C_4,C_5,C_6,C_7,C_8,C_9,C_10,C_11,C_12,C_13,C_14,C_15,C_16,C_40,C_41,C_42,C_43,C_45,C_46,C_47,C_48,C_49,C_51,C_52,C_53,C_54,C_55,C_56,C_57,C_58,C_59,C_60,C_61,C_62,C_63,C_64,C_65,C_66,C_67,C_68,C_69,C_70,C_71,Mean,Std
0,36.1073272011313,30.3556212788702,16.3642360103455,16.558572319676,16.7172570454271,13.7395619489875,11.299549166952,9.76918631266344,9.30450127979333,10.2045643234601,13.2433771939063,15.3639780556264,15.9792263979096,17.7997076816589,22.100623309085,20.643437533828,19.98927236692,12.9650293087004,12.8958590684629,13.9295849704714,13.3485309024967,14.4235588211278,17.7375127389967,13.4347447099568,11.9974376821831,9.03549910698977,6.11265282886905,5.34887447600876,5.02187861518015,6.43169334221632,6.42085224504225,1.39973879014541,-4.18360375566356,-8.85288821857127,-6.75939094503644,0.448016487099215,0.851175347393487,7.82001231762585,9.7148133327069,14.208543117429,2.21011877892067,3.04757937564965,1.31763019547165,3.99133133524225,2.23805327703058,3.97270067942282,4.75101337770348,0.8160944980920314,-0.7941523939498494,0.32393529835962465,0.010132332923182507,-0.09403679724585005,-0.137853500528837,-0.10350393545491825,0.22577415630500305,0.13034825511263962,-0.03268273224421707,-0.07383011225027213,-0.15985935349561925,-0.0049204649760092155,0.10629899345909662,0.17836141367073832,-0.2041546132031975,0.017225349025791495,-0.14036668162666674,0.24606397794345533,-0.019373757257633992,-0.02133809934980194,0.11168400217721719,-0.2719127451268945,-0.02907517614030615,0.01803715643218807,0.07484065775500647,0.04701378162896621,-0.09905846365880158,0.06086724481685597,0.030993284331490383,-0.06662823095369332,0.015392426531563919,0.05530202546689769,-0.0007794628727762875,-0.08885046591003393,0.022731285052786775,0.09380128159849586,-0.17595793379185543,0.07808676649020864,-0.021872099976874722,-0.07265093494838135,-0.1152633328174325,0.24613383063383396,0.026283199575807003,0.08319898786621296,-0.11642929457373084,-0.09332091937788552,1.041858678955453,6.008105125672431
1,30.3556212788702,35.7372255626265,31.9756897293147,32.6152105626254,30.1396608580319,24.2694183519792,19.1159732775362,15.0483797804396,11.6120340614354,9.51532196054028,10.3961091307049,10.9883975857508,11.0299304053399,14.5979341743076,20.1379506026162,18.9953404724687,5.95007098781466,-0.46195794712731,1.71747918476351,2.69840715642612,2.0683330586093,3.10582844757035,5.36877822622406,7.21662108325113,10.9997213743713,8.79489246820354,4.43105322447896,4.44568584352807,6.20456363804692,8.80165515626768,8.95265365428856,6.8238756876737,2.03912356768174,-2.98288692622257,-2.16449175502779,4.36940021867392,11.0338382262524,7.88896820018594,-0.845529798691745,-5.61224466773032,-0.593447592995792,0.523623173315236,3.13863356308769,3.60597467921728,3.17352234883547,4.31862726998217,3.12496170637213,-0.7930621959398179,1.478884230485757,-0.7456359357785963,-0.05854457279221598,0.08994956587372233,0.15566590853029164,-0.009902093501273858,-0.1675843223777866,-0.0565114611545604,-0.027057145229331996,0.15177691615428696,0.05405156546688611,0.017800566596160024,0.1107479050007214,-0.5028148340296748,0.21252541634643526,0.01521138226511169,0.1724760785544366,-0.2837363360266911,-0.015847987692200857,0.1307855770201283,-0.11150033080184665,0.25755818538277725,0.06379617039171855,-0.22018803733507622,0.061003447517979245,-0.26293630286963043,-0.09798772524130234,0.23601766041508182,0.05729121349390202,-0.07329020603389279,-0.0012026874479914367,-0.038147328849499035,-0.040178011325305026,0.14941478456120647,-0.09123425269813118,0.013989289091076747,0.09807848085648978,-0.022579918657518426,-0.13038171231025483,0.2230912804623967,0.027460944807935747,-0.09580083284197287,-0.06945355889438475,0.07080236385511669,-0.03248033521072801,0.14888947239090047,1.0629800307219663,5.977225574012284
2,16.3642360103455,31.9756897293147,47.4965819983908,49.9012761094575,44.3533255325386,35.1365482297479,26.4129886399318,19.0467445710975,11.7818008712368,5.99705271399517,4.58529711094186,1.82425109191492,-0.387625311320257,2.806381482272,6.76187012306477,8.8203679828545,-9.40696694511456,-9.89167114636597,-5.85241083490183,-5.08833009575575,-6.14495986926671,-5.75650340942401,-5.11333264768392,0.136829223381225,6.90206723536364,6.2893832638038,0.949415429856932,2.83987280510203,6.75074517385384,8.6820054789216,6.8947280029848,8.10399749244571,4.31792713211174,1.54304291046637,5.19334927681785,13.5620216824847,27.5909753321096,10.1007390241986,-8.71149999928479,-26.5828825090577,-2.96636220694077,-0.819737769287444,6.61337039544902,4.6083042224569,6.44999471252051,7.23778965500813,3.22244756167487,0.3284607421742971,-0.7465885871949635,1.537251508006492,-0.8595396509062065,-0.3039505187512241,0.12711003669509935,0.14605815655453633,0.027920438179765476,0.11898359145643275,0.06581903079429452,-0.09771912035726173,-0.04477310101326154,-0.014455380864501856,-0.016499435327827265,0.1457243821750202,0.14489782213064425,-0.19081503371952843,0.15106382983486707,-0.11810308126345467,0.010873707274281818,0.12607593674432793,-0.018304269152797842,-0.09212306011111059,-0.05671744610019541,0.023788730387448706,0.00654733104975113,0.18178426293147557,0.3196268043946732,-0.4725801935017086,0.07345909673992508,0.05948276339459979,-0.10351455057973706,0.05272415293692386,-0.15079423864918148,0.14245809477622415,-0.028430432144382116,-0.005514421047548058,-0.3193192703167485,0.1899807427121358,0.043908477424394556,-0.004675885256435044,0.0424847346510026,-0.02333593849329502,0.0839566349062952,-0.02612572853367528,0.13332324069907492,-0.29197912016209976,0.6017665130568355,6.891050863140596
3,16.558572319676,32.6152105626254,49.9012761094575,63.3440331094627,60.7538370635613,51.3242479417928,42.0788977152682,34.1998358413151,26.3725422401269,19.9123027072158,17.2344216888977,13.3256602573151,11.0663825042336,13.9460373310596,17.4164188594467,19.5491100750718,-1.26792869663514,-6.30713347924692,-4.68960997724709,-2.69655277243155,-2.65351248208607,-3.643863996101,-3.39018953537163,1.83739221570352,7.00760067401491,8.87277406643024,5.48717890849411,9.032580501291,11.9357654959898,11.4890417636932,4.47669156477354,3.22225388824831,-4.38479898075839,-8.11050804016912,-1.66278493641048,8.43351233082269,21.4836056689836,-1.34242599109097,-13.5934010220928,-22.294185016285,4.39598888948026,6.07066164768781,13.4909003459873,7.40574269047432,7.06816754516363,6.45072463301967,0.52694507535881,0.005610424420445943,-0.06016164804896747,-0.8574991439784361,1.846643585778978,-0.7413801480881314,-0.2770959690435656,-0.17660769869606907,0.09207948682024468,0.090421730159341,0.0434819145765493,0.10682406995689485,-0.20495460441206745,0.004520206547021789,0.11861762343061878,0.18681058289286429,-0.26200862673643127,0.08564966046423515,-0.1942557830585118,0.4385053913246202,-0.04296528583616316,-0.30379121033600165,-0.0733688328450577,0.10400352167296778,0.00985475503366076,0.11518363843769629,-0.14123466714068278,0.18526250234605976,-0.04878853757685308,0.05487984573261649,-0.2957577598477334,-0.04381512686909932,0.288215231975138,-0.09992347773869785,-0.02026726261267135,0.08593761483478332,-0.005591730289418286,-0.07191613100996568,0.2613308654029323,-0.16359497807492956,0.06720589319221917,-0.12870328020079772,0.11381616413011678,-0.16621458688729288,0.10057381285609779,0.017186600893815178,-0.20264521758594067,0.20865125767309547,2.331180826342117,7.958268223015776
4,16.7172570454271,30.1396608580319,44.3533255325386,60.7538370635613,63.8845898840357,56.7398890023842,49.5731212578447,43.9293207306963,38.1237188164085,33.6812689971045,30.2422295850112,24.8935995478238,21.8596418556421,23.7553806866079,24.5532945013161,23.9140951124453,3.08784639168301,-4.77266547015344,-4.5129664946452,-2.92836126445738,-3.04840874172383,-4.5284941875194,-3.32730014967367,2.78529340104623,7.47743111747172,9.2769292682366,5.89179556705202,9.02758891498689,11.1269669096793,10.5003630269213,4.87937022845861,5.14704821302783,-2.43130680278056,-8.71256538542432,-1.12141698520256,9.8246964136236,18.5100040278973,-1.1338295211641,-8.38236181357906,-15.7427830221048,6.39851457344109,8.11908063150839,15.1329267009618,11.4048909404969,9.87244673225855,8.70174120367672,2.86046481986286,-0.09429993415918021,0.0934207438316769,-0.29752441529557694,-0.7516702991268471,2.6590460308941166,-1.659886314617063,-0.2787186706235966,-0.05197040984147044,0.0062850523759688205,0.35136111567924416,-0.42899401719652086,0.14322939902222223,0.09593428491281897,-0.09817629811562867,0.00832270417220979,-0.021282888885740033,0.13771911228809647,-0.0022236914365979022,-0.08978605655929515,0.057800522624044,-0.01064958802346008,-0.06098524058437226,0.0016366459968401156,0.10552937156073608,-0.133557703849809,0.05409930949688996,-0.256829236198827,0.2227962149905848,0.026970907662966837,-0.02099627971736191,0.1252338924159396,-0.23805860214781982,0.027912506506678314,0.2715760894743535,-0.25420747502354524,0.08713367128134832,-0.06477001278207613,0.16409761970689574,-0.0720654963931773,-0.03528034489700143,-0.06042312075432233,0.0002838037169694868,0.06002686352203773,-0.18110506429504208,-0.05486924225576821,0.16846184969006525,0.024040576947348766,2.487822482177322,7.992158024215716
5,13.7395619489875,24.2694183519792,35.1365482297479,51.3242479417928,56.7398890023842,52.4392463823889,47.8050803738868,44.2551749406474,40.316156138567,37.7067036447936,34.3194961173924,29.6468939969126,27.2673651711042,28.3105677033479,27.6968456703696,25.3786385467079,5.81298739539058,-4.1110863010048,-4.95443372802544,-3.53713996745247,-3.54470242341206,-5.30564889403577,-3.8488224178492,2.18877826636822,6.25849764417322,8.95818826590725,6.5215011132261,10.2372177850257,11.4268094865073,10.2021329566684,5.54200406426695,6.6392292221093,0.460555482182262,-6.41621267023147,-0.0869468906646421,9.11550248091196,14.2081241072157,-1.85011211026422,-6.88581112310649,-13.7766201059237,5.54198656711076,7.21353172219253,13.6536471982647,12.0420921480397,10.2685320680855,9.15828814394281,4.0061745718684,-0.13847789556810017,0.15051483162846066,0.1261642666426643,-0.27989183046611316,-1.6475786992911297,3.5455251524834615,-1.251048775415372,-0.32036840861348087,-0.18594453970270958,0.01278514419789923,0.005403146022818798,0.12226152468065557,0.2511412594687912,-0.32035846608848606,-0.09175644836860368,0.09274692105786647,0.07603876382848784,-0.003437682455574161,-0.03044057446462105,-0.07929828666562629,-0.012194561601092748,0.039588124240672574,-0.11302818984034958,0.119339864836474,-0.056700275958097325,0.08287631356019252,0.08290845176824485,-0.2241563222231356,0.08282498639759996,-0.005337011417524831,0.15634105754157193,-0.1301051856798224,-0.02450111047896878,0.0766422870444243,-0.021646112938731282,0.00905155054277444,-0.0008165789531405404,-0.04902409271181298,0.024077873559479355,0.07360228839151152,0.03762361699720777,-0.032956989582361186,-0.02820137903801009,-0.03031909864536169,-0.009635502367170713,0.03304477411708455,-0.007822201706286258,2.518196856906534,7.240804263504774
6,11.299549166952,19.1159732775362,26.4129886399318,42.0788977152682,49.5731212578447,47.8050803738868,45.9019285881224,44.545209367788,42.587764740763,41.9174706301885,38.7307919136344,34.7962824303329,32.9811520504441,33.0442327232329,30.9283283964972,26.8724895915695,8.48150731348558,-3.40647893898017,-5.46102808591627,-4.33935188520696,-4.38914446476578,-6.56089085015432,-4.93909771762445,1.43395658052286,5.31118815062973,8.40666170153624,6.46462644144819,10.2891378833864,10.9857362000704,9.63877050410868,6.38321568850102,7.81067458819559,2.5879880343507,-4.21439286088433,0.807706330591076,8.28047418061086,9.84706394143442,-2.23052198742761,-4.88828015854894,-10.449860192013,5.46056497615807,6.70676947687061,12.2143000859015,12.3846298238297,10.2549165205139,9.13219230380007,4.67772983317037,-0.09309706939676905,-0.009644910303520073,0.15047123996346182,-0.18975554099979736,-0.2779621956404606,-1.252851988187264,3.7717421041228496,-1.51701565536656,-0.6648300084165321,-0.1515635709447597,0.4630498741433121,0.07636412422774352,-0.308723867282362,0.027803104091009195,-0.003267771403489008,0.06307177249868451,0.021707387625760664,-0.1209595843096856,-0.10439121084454822,-0.0014779520891727226,0.06159048465680981,0.1509903905960764,-0.05829867921889949,-0.10793521393633045,0.19905324618776252,-0.0033526892757102162,0.19609950373036197,-0.09735551195169682,-0.11997294153874172,0.03814864914283929,0.01218515088868757,-0.04874279630525977,0.04020176205432565,-0.07390135746988033,0.08879350587325102,0.020642285283370282,-0.02126995607633331,-0.04638151069774032,-0.0042236484134693065,0.11458323588754868,0.042693535652098866,-0.030552413821533432,-0.17131194146582807,0.026015718351630062,0.005190284545864149,-0.10909710279580569,0.15244776608603366,2.601797038087361,6.774358167983326
7,9.76918631266344,15.0483797804396,19.0467445710975,34.1998358413151,43.9293207306963,44.2551749406474,44.545209367788,45.479975995374,45.5396874664246,46.870477331174,43.9174439486659,39.7574730146131,37.5166642345149,36.5261017654339,33.0342302201706,27.5612497983395,10.5086166702872,-2.65118743019397,-5.87224438211321,-5.05559607907246,-5.12292147703528,-7.60189782688906,-5.69532375719357,1.37575843140342,5.25685794884245,8.08342467397945,6.05409834601282,9.27146723412667,9.43392273843947,8.11205826942843,6.5109663566676,8.50086742885771,4.5491397484905,-2.31850984379499,2.18181852801776,8.76634008115897,5.83738758760331,-3.06921796721148,-3.68958665835912,-7.83264057150538,4.89361674159627,5.79005040173497,10.5289749623778,12.7882396810946,10.1953714222501,9.07245297989542,5.3659498051334,0.2287169399065568,-0.1757446417143598,0.02388964355515423,0.0904139711915395,-0.05333448753897256,-0.322779595412742,-1.52025988370835,3.4246584342380344,-1.3436145984696362,-0.34158455246251773,0.035082618025430216,0.3120892422437932,-0.21698194758186629,0.012407719884381902,-0.05219835091636837,0.00307115596614197,-0.029819407186120816,-0.07505188237800882,-0.13888888632610843,0.13380899178354835,0.06027539749662506,0.02022492338427714,0.05129109760904636,-0.028399838058726392,0.03476398926551261,-0.04669687273705722,-0.07916995148280381,-0.011918488253375006,-0.08742570074788786,0.2215742472598873,0.008925323710138065,-0.011958702014224441,0.13319110644712304,-0.18736909930452642,0.18224619636450579,-0.18045905115064878,0.11009535985413346,-0.15594175899402352,0.10758226441649722,-0.0016510805102114684,-0.009300280709096352,-0.16019865518932624,0.18895001261831257,-0.01504249241087658,0.033030303588160684,-0.0033850220490266886,-0.062296477424508175,2.814429477332703,6.743142887064904
8,9.30450127979333,11.6120340614354,11.7818008712368,26.3725422401269,38.1237188164085,40.316156138567,42.587764740763,45.5396874664246,47.9914564189454,51.6049365746007,49.213746664288,45.0425966879245,42.4484776293182,40.6626848112663,35.9081327720377,28.9770441559718,13.3136582229573,-1.53478810755449,-5.75746113453452,-5.03022093729102,-4.89663449862011,-7.52862914455448,-5.59221521566248,1.74387810530825,5.27697156751952,7.43581164514684,4.84821528527545,7.08065686431973,6.7018515723113,6.44552349607245,7.50781437739816,10.2548801058769,7.6822698747252,-0.0724780898200911,3.33531615375816,8.4372886640392,1.60753245826168,-3.69374581624145,-1.63208063448456,-4.09231889878246,4.71787466157289,5.27161053254102,9.12908200329552,13.2178360858745,10.1817238424448,9.08683569430083,6.02997094634339,0.121828256492307,-0.046619443075154185,0.10733714473532004,0.089217602268336,0.0074431091731717814,-0.18242747052603442,-0.666987782299208,-1.3588574131984843,4.136904325604754,-1.7875850896925132,-0.2246835667591633,-0.08621573128746458,0.08545402487421333,0.12988527956277798,-0.09731317955807468,0.014680801557371455,-0.04597677169593821,0.002082739066215406,0.004925495208308299,0.04011629369008448,0.10575082969828058,0.04157520587479945,0.002154469261552808,-0.028831133355320827,-0.01067891398607969,-0.18400119569553047,-0.007413118449184513,0.031092818339419206,0.00898787795746611,0.03318793957611737,-0.0862505169195432,-0.016552795995434886,0.00091593874816315,-0.011142148051941716,0.04704591247478437,-0.043665387875710275,-0.048108657529212576,0.17266820852329465,-0.12371685419446875,-0.07502609073750827,0.03063023486456048,0.004656412957135936,0.11553363942432467,-0.1284176680238814,0.006466583517185017,0.16556513732282546,0.005837744605730189,2.896416755287723,6.9268648333099
9,10.2045643234601,9.51532196054028,5.99705271399517,19.9123027072158,33.6812689971045,37.7067036447936,41.9174706301885,46.870477331174,51.6049365746007,57.9988920314497,56.5707477855853,52.3957870626896,49.4550635091005,46.660975703395,40.2830609313348,31.5307931290344,16.9054668118166,0.159022155078282,-5.01338439573727,-4.36510742580351,-4.02357858297838,-6.76060928254077,-4.95036215246024,2.62724288296437,5.78895504672723,7.60383859703298,4.81809468092808,6.39230143156075,5.36070807006452,5.97365548259983,9.68814091972694,13.2726199181941,12.1592465126945,2.98427335610711,4.82723177207352,8.25131571537218,-2.15302185278447,-3.45596555429679,0.272980907512194,-1.39411244776741,4.29270952859131,5.17328243943447,8.85026811417616,15.5886591337412,12.5863104107031,12.0242967426572,9.07429045575622,-0.044161811703690136,-0.010949892743899375,0.06422137781543533,0.044433590161392617,0.35258217900501426,0.013395242916224157,-0.14991995258014584,-0.34402404294869343,-1.7800158160656048,2.9910529745764896,-1.012182088450169,-0.6169243015355121,0.322743337264414,0.14476027511051082,0.14967501668857328,0.02531646621487572,-0.13306886427316766,0.03104868838600321,0.1578852239112072,0.015588855629032646,0.022225316486643807,0.022009955288009614,-0.015757475815921827,-0.09681175827941554,0.11911278751748117,-0.25869325296841345,0.0021847266851755054,0.05320239996631703,0.13108411979392395,-0.036742657729041873,-0.19137884321748797,0.0031495441433953136,-0.10905702763379323,0.026871966888013944,0.07425541386786413,0.04439649011813293,-0.04763097956003634,0.0865057521202617,-0.07269886362770925,-0.026413644801939463,0.1653947459372949,0.018615352063995123,-0.28279518766013767,-0.049665091693117364,0.032254340215923466,0.03439814364471279,0.0023232009814705733,3.027943203749655,7.615043797080206
10,13.2433771939063,10.3961091307049,4.58529711094186,17.2344216888977,30.2422295850112,34.3194961173924,38.7307919136344,43.9174439486659,49.213746664288,56.5707477855853,60.4901245475529,60.5445770104131,61.4732041566361,58.9041797867107,51.1267108185392,40.2599910821001,24.0864555457095,1.92903365618603,-3.42417065654936,-2.09225683904173,-1.36774595732438,-4.0134294667793,-3.48191698900293,1.11265669446608,2.51324682603392,6.01422698831151,4.7222372194824,9.14797440138973,8.86641833168952,8.26245838642199,9.81804595354998,10.7223507150749,7.42342409657836,-1.5955672414571,1.70123741401056,5.6074420434379,-2.16266875148641,-1.88354478109379,1.28520753368455,3.38858916498453,2.30880975218603,2.38703176986161,4.30767374532942,13.9462564020463,10.6986361607788,10.8784444835369,8.66731999774263,-0.06984682854957343,0.1467706647525127,-0.10129589198627682,0.11025228175759771,-0.41242134318290524,0.010039430342270074,0.4774483925028345,0.04212353924355579,-0.22175784564932366,-1.0120374866423727,2.055680893759837,-1.0504069065442654,-0.04489777840199799,-0.023763275794470625,0.11964106715239035,-0.1408148773845752,0.05408695016286802,0.11090055949240843,-0.24360851823178106,-0.0106660461580251,0.0659226555856599,-0.1513755182916722,0.01830885742877807,0.20731933915902245,-0.04576205415844331,0.14209016867367022,-0.42313116831798464,0.2614292505476605,0.10631639921186001,-0.05352267138526092,0.18371556135826891,0.0642892893064881,-0.05964463894634056,0.07844409645467752,-0.1762627334195724,-0.014295129907236019,0.11043441668948928,-0.1444059956278063,0.18749738905139954,-0.034476551047804865,-0.04003377358634432,-0.02353781606399788,0.10990686238610135,0.14105356831018817,-0.08149006049146897,-0.013101595214465267,-0.15581310093445136,2.9075495293237226,7.776896845628912
11,15.3639780556264,10.9883975857508,1.82425109191492,13.3256602573151,24.8935995478238,29.6468939969126,34.7962824303329,39.7574730146131,45.0425966879245,52.3957870626896,60.5445770104131,68.8448626630436,77.5486197249204,77.193139156671,69.5401767057595,54.0812610356429,34.1585767293182,3.16095318578439,-1.78626326630726,1.03682188372795,2.89419576592397,1.16508251951628,1.63096702793308,2.35526437137701,1.47266264827553,7.8873868322645,5.14766172543348,14.3084458133254,15.2073196114975,13.5754091648372,12.9032629710676,9.55833279860606,2.2474068794984,-7.16990727003548,-3.67631153187421,0.916366800133355,0.0161600366567775,3.24477226720813,8.07027861802009,13.9181677283827,4.60714503944248,3.20966152837377,2.60991607919644,13.9737811280479,10.2078310583315,10.4785148720099,9.44548569514367,-0.15386206525756635,0.05439969242667709,-0.04891811185529546,-0.2046325518656731,0.12684689531389798,0.10967777223426023,0.07268104385160001,0.29693256363755227,-0.0880546020726715,-0.6179831956896775,-1.0489859461601525,2.9378604266544834,-1.1937929566430379,-0.31860730991389635,-0.0821030988136488,0.03265920014232921,0.098484190795666,-0.05682290283291982,0.07532286047656138,-0.33289673633076244,-0.1265068347571001,0.3199521202323399,0.03368447142665707,-0.07891555148857388,-0.14022883216790502,0.2417698460602013,0.18579723291468206,-0.22182100017916775,-0.0041766782608369715,0.038611266072560366,-0.022389873320053346,0.19055347876571205,0.024467289063906963,-0.0814508817752395,-0.01355183374896696,-0.05040993916076522,-0.022415868928557417,0.07917880926909421,-0.06401038376416016,0.06995344190568088,-0.032065629121249016,0.0478868976059433,0.007753330017768872,0.048863045768707404,-0.10586506350440641,0.0063081771906259914,0.01738317224355528,2.4631927212572373,8.296677808800558
12,15.9792263979096,11.0299304053399,-0.387625311320257,11.0663825042336,21.8596418556421,27.2673651711042,32.9811520504441,37.5166642345149,42.4484776293182,49.4550635091005,61.4732041566361,77.5486197249204,96.9269249469953,99.1595506076092,91.2114114662913,70.6904768553844,46.5488888748196,1.87480297725475,-2.94041769676383,1.25327393122255,6.50147616636066,7.84797185936368,6.66473623322658,0.219035208536168,-4.07161659241818,9.74436464393122,10.0268072812515,24.0311550572704,25.9460588289345,22.488158341802,18.8510220520035,13.4391137535305,1.76010963401662,-12.7959643120343,-10.2096426832066,-5.97438027665636,3.10453005967793,10.4027896877562,18.4030740646657,28.2954105687338,9.45762121729285,6.29157904886156,2.88636301722511,13.8232702614029,9.27137897209038,10.2013474289293,10.9803916922344,-0.0033628819983700436,0.01618647835338682,-0.013868735100176019,0.008110425510731864,0.09419172398872319,0.2534731930248837,-0.31187020796978854,-0.20134089210936704,0.08919898947323203,0.3209303953855536,-0.04817359232835574,-1.2026131791941461,1.9092474162886466,-0.7355354903600958,-0.3008895532698672,0.23994224905975325,-0.040638951281886854,-0.2104168394194584,0.0678244028108419,0.34063438009555735,0.02204392476018473,-0.2748199352767928,0.013889139257118622,-0.07102790004587785,0.21959662286315718,0.00047613828888672246,0.09829851408166941,-0.13535620322656658,-0.08933077120815948,0.07974773880867538,-0.013960441474393142,-0.13171108715507374,0.05965276559838721,0.08206554342646581,-0.048348052318505204,0.021070120086603486,0.020006498371480705,-0.04836130218177411,-0.0350024550869501,0.08900488656905596,-0.43722276572451596,0.265894970120901,0.1258050291688174,-0.016907207064918807,0.04688446500814288,-0.26736436470724145,0.20204407294455554,1.9869420901678976,9.844639401572577
13,17.7997076816589,14.5979341743076,2.806381482272,13.9460373310596,23.7553806866079,28.3105677033479,33.0442327232329,36.5261017654339,40.6626848112663,46.660975703395,58.9041797867107,77.193139156671,99.1595506076092,105.648421721154,101.341944159487,81.7684963692381,53.8980221923991,2.73871676878286,0.0650009286422971,4.42490855943901,9.84013271474671,12.1696325179422,11.6741902700682,2.96388538267867,-1.88348101781679,11.7658572176116,9.02016292300794,23.3847936296943,26.9569249023116,24.74776806569,21.8614544858831,15.6639745729832,2.01900376857573,-14.0403465368924,-13.1008834713951,-9.50910420808811,5.41170647854417,13.7027971816278,22.3230684840319,34.3264066631181,12.9421769406733,10.0645595029984,6.91030788161325,14.635042428222,10.0222981507374,9.50931165457825,10.39577975606,0.10961409894789705,0.11140679356521556,-0.016946116709076586,0.11767655035813145,-0.09321788735404936,-0.31546604274091744,0.029947380962416312,0.013567044465492466,0.1330090075903789,0.14751565763705238,-0.022897782785472057,-0.31898947488596585,-0.7371049523558532,1.6741542031639347,-0.7273301938671878,0.096306586055566,-0.14645807431035568,0.15322723217443424,0.24335578348599576,-0.001918002402392391,-0.1352198735618383,0.06024168996711271,0.033250361576432484,-0.197898449532204,-0.059554590790541886,0.21000190991401205,-0.02520682444607331,0.03709485518686316,0.09179541251300331,-0.21327614137157588,-0.15675520111754562,-0.00998011943251571,0.140343582205305,-0.09978229107689646,0.029822426078716862,0.02797596000772214,0.06728404825599306,-0.1658907234620392,0.054932967513235544,-0.18167333444451225,0.4053431906482067,-0.15185336886799317,-0.06894284615981222,-0.060311694431917515,0.15821892157592896,-0.059242883797376286,-0.00688161774874746,3.2265900765900764,10.27805534725098
14,22.100623309085,20.1379506026162,6.76187012306477,17.4164188594467,24.5532945013161,27.6968456703696,30.9283283964972,33.0342302201706,35.9081327720377,40.2830609313348,51.1267108185392,69.5401767057595,91.2114114662913,101.341944159487,107.0939423268,93.1856772380297,67.8524553071871,11.1926180386975,10.7378010996253,14.5811861873594,19.0051806398154,21.5717071478931,22.8546400309866,10.3459079197514,5.59840420978757,17.3334606403757,8.68727575018963,22.2944389218989,26.7853731693979,25.5456230203129,22.7916949239985,16.0815362791701,2.2259901652463,-14.0380149411972,-15.367902273332,-13.3006571203825,5.02600286578997,10.0385023459972,18.9037993741959,35.9242428892496,16.6591585666922,14.9099197268843,12.0742034339812,14.7077630577103,10.491348391246,8.45472757124103,8.93393575413327,0.1791196348991371,-0.5031657023852052,0.14603738587418919,0.18912140705487987,0.008731275064489208,-0.09234191541379724,-0.010545586304914067,-0.059029043553685365,-0.0999414240016722,0.1503930704768845,0.12516668338358078,-0.08247769503346969,-0.3011149304321031,-0.7269806849563594,1.7960672182248516,-0.7979522870687532,0.030197197855913665,0.33105832269918567,-0.1432929813508734,-0.16201109884037532,-0.01655336691411252,-0.04230877556660845,0.0064444859211474186,0.17696145984651807,-0.1748467669898734,-0.4405206365791067,0.34974345462713513,-0.05632057267711989,-0.15170401979582418,0.055487482379759034,0.06811830266035954,0.07945740913414275,-0.21285285480755156,0.024257368575438018,-0.011433342458332529,0.15773278617682773,-0.16451370725500472,0.2563493311386428,-0.07871913045961058,-0.026096904501608287,0.006941448845439843,-0.13833006837255005,0.046831985668445535,0.04337273373750653,0.08713668508059562,0.22406604092874838,-0.3330034927747788,3.141506880216559,10.348137142829117
15,20.643437533828,18.9953404724687,8.8203679828545,19.5491100750718,23.9140951124453,25.3786385467079,26.8724895915695,27.5612497983395,28.9770441559718,31.5307931290344,40.2599910821001,54.0812610356429,70.6904768553844,81.7684963692381,93.1856772380297,95.1646946731061,83.725992324957,28.4553949517528,27.4848866954431,28.7012409827739,29.5433918966893,29.0532710147319,29.1324655027277,10.5529510184043,4.77444215656269,14.2774187539234,12.7672061566028,23.8683669986061,29.0664325472314,27.1323012257334,22.2818357037974,15.7538091786895,1.53359887625877,-12.0255103709021,-12.0926243143054,-9.99344754428472,10.4223517051766,8.19093279895579,16.5372709152265,34.6591036262246,12.6719198951121,12.9326704975433,12.6277524720145,10.764313118498,7.11927143788032,2.89882425356388,1.42052463879555,-0.20207448125674946,0.21030841009643528,0.14473543371507264,-0.25747959244833535,-0.020546910846614856,0.09407441595603867,0.06541082451237694,0.004080802965257887,0.015749387573607672,0.025981477481117465,-0.1445871064115087,0.032739983992023707,0.24164512625628148,0.10029282002681694,-0.797282744142906,0.855554020373666,-0.3540898989067687,0.03325061094389205,0.003529412455786525,0.1243157882514027,0.030037214085511677,-0.04428702811634705,0.1980158186612618,-0.2216981665472611,0.09732317923060387,0.11265638088683824,-0.07413886075820986,0.21387195273232879,-0.2265593864345508,-0.024430835895319285,-0.058421983397733634,0.04983017532780543,0.002543488960895255,0.06360766088241392,-0.029077493129882146,-0.027715027346264118,0.05077976999587638,-0.16426973272286985,0.030323096441899317,0.09174419649104779,0.07602804956116281,-0.006265134207622798,-0.12560148965401433,-0.0356214133156045,-0.17483240782670323,0.03332277106806776,0.2311197497084618,1.8881441139505653,9.754726786184536
16,19.98927236692,5.95007098781466,-9.40696694511456,-1.26792869663514,3.08784639168301,5.81298739539058,8.48150731348558,10.5086166702872,13.3136582229573,16.9054668118166,24.0864555457095,34.1585767293182,46.5488888748196,53.8980221923991,67.8524553071871,83.725992324957,275.37178659659,237.051076231448,225.480111470574,213.335721607825,200.341415063656,187.219127885461,176.134425886594,58.6107178558795,0.38526296494806,13.0855568765989,25.2014865709303,38.6268883740956,43.5332033394414,31.0299181962723,14.8001288495806,1.98370242134501,-18.2189324607584,-26.1334409544514,-28.9771278415573,-30.3548799939565,-7.99768811195778,-3.29668616642525,101.103913336553,221.531272294585,17.8097467155643,31.5830087273041,28.4817257641768,18.2330351566273,10.6743792980362,3.22944038627565,-0.375601533559245,0.017478613270987382,0.014743569358246195,-0.19275455291795118,0.08336954726012981,0.1277104189927179,0.07143458280237623,0.020693297166292052,-0.03236948930587548,-0.04872122702947566,-0.13577237144101506,0.05666846967743582,0.10320961500391479,-0.042843236735559516,-0.1498501699800551,0.0329331716521351,-0.3538280848385487,0.7481561611104544,-0.5504689235093448,-0.04422004714318423,-0.02226683954687659,0.07650608020125176,0.07364184049524533,-0.45869674241670494,0.4677660665104529,-0.03414890174678118,0.008829115366121089,-0.0942543062451507,-0.033904026388716736,0.09880250713997907,0.07911337892216652,0.13200976489496993,-0.25494357480745405,0.01554271314446339,0.05350331926157031,0.1760337932296476,-0.10609657884022818,-0.05541228258008647,0.12373744160359573,0.010715224712635184,0.02713302369054529,-0.15508378716717536,0.06789486515220715,-0.0009400742661272761,-0.04474461324517063,0.02895344948897375,-0.006539562679910255,0.05547090087728109,1.707568775310711,16.594028642755507
40,12.9650293087004,-0.46195794712731,-9.89167114636597,-6.30713347924692,-4.77266547015344,-4.1110863010048,-3.40647893898017,-2.65118743019397,-1.53478810755449,0.159022155078282,1.92903365618603,3.16095318578439,1.87480297725475,2.73871676878286,11.1926180386975,28.4553949517528,237.051076231448,248.178745778047,237.059504530068,222.507765189147,205.015013867058,187.974476951569,175.579324884517,69.2165169319084,9.21915134929713,13.3494155486802,23.7580194552698,29.6805431089537,33.2830823478949,22.9536586878966,6.08981129729552,-8.10877164568241,-19.5743977419429,-12.355642664937,-18.6966164073714,-26.0487542427805,-16.452608490432,-6.85792297830486,97.0248983958362,209.638931645197,7.26925922973985,23.5026503973574,22.9633718857145,21.8637624405167,16.3512979733806,8.19122434381885,1.77158684412298,-0.13833667479541012,0.17143974770847117,0.14856165289394752,-0.1875598907443622,0.00036759141450629844,-0.0017348625864578994,-0.10248618110621534,-0.08037496483311288,0.006798713915909886,0.02921452933595458,0.10975397164578891,-0.057152974297823005,-0.21741829562762877,0.16022172461811468,0.3337984204242312,0.030620103321687103,-0.5530284320251201,1.8826114728000132,-0.6866346348699085,-0.5064673502509679,-0.7765554496809423,0.15561226974500508,0.7027991229828129,-0.05945841403224846,-0.20588175726158917,-0.2554868802897246,-0.13822693474423628,-0.022802115852966497,-0.015190634281792232,0.18914139778658387,-0.09779214436775083,0.1643015640174698,0.0019006609041725378,-0.11571249701761649,-0.16006963770361035,0.07981488027659414,0.05496605549826022,-0.011994315486696392,-0.0780427746883992,-0.19244065927823917,0.033434073367578386,0.16952233685380277,0.07685661257416522,0.027618949221926217,0.24725738787608473,-0.1566595275139148,-0.13702654918491294,-2.272852953498114,15.753372520766687
41,12.8958590684629,1.71747918476351,-5.85241083490183,-4.68960997724709,-4.5129664946452,-4.95443372802544,-5.46102808591627,-5.87224438211321,-5.75746113453452,-5.01338439573727,-3.42417065654936,-1.78626326630726,-2.94041769676383,0.0650009286422971,10.7378010996253,27.4848866954431,225.480111470574,237.059504530068,231.610720611667,217.216613825868,199.687567931127,185.816723018584,176.477933706789,73.5392027678536,13.5097411044555,15.6096645044073,21.4299228743037,26.2822677507836,31.027482305437,21.7829964294371,5.68332747572311,-9.20107624588437,-21.1928550452105,-12.9042611686108,-19.715675364579,-26.5430232965972,-14.5878496232915,-4.88260520142326,94.0465401847443,199.795516771122,7.44093565571258,24.6153962957287,25.281610033323,22.7995991065201,18.9484636277008,10.3492430881023,3.37016593129742,0.23510135629781703,-0.2724580576708747,-0.11998904317746192,0.441212175317999,-0.06882401802145804,-0.023310646869442446,-0.08173689351275733,-0.12900917135327103,0.009883815178938696,0.16464719833686267,-0.2502298012508694,0.08411034236451269,0.07128780988537282,0.24629037726581995,-0.16174996932749383,0.0026128128874560765,-0.045540547920897845,-0.6977761235530093,1.9627129233315994,-1.1707747373166295,0.30784853634760995,-0.2121204876056049,-0.19344549093085786,-0.06512573168446163,-0.04157976486836879,0.18893280168867527,0.07911509013484364,0.30132865019554306,-0.18607319280957793,-0.3717994939563603,0.1505073108319647,-0.13397310767389045,0.16014849928837746,0.14213406209217821,-0.3638670548561618,0.23781542754760704,0.038462498755725286,-0.1037106025919275,-0.021346790714366605,0.015064140837032138,0.16443019875773823,-0.061691079229745385,-0.09020444942150653,0.19008315733337833,-0.07511146828327689,-0.2116205657405877,0.13735236080134666,-1.7822301354559411,15.218433579434732
42,13.9295849704714,2.69840715642612,-5.08833009575575,-2.69655277243155,-2.92836126445738,-3.53713996745247,-4.33935188520696,-5.05559607907246,-5.03022093729102,-4.36510742580351,-2.09225683904173,1.03682188372795,1.25327393122255,4.42490855943901,14.5811861873594,28.7012409827739,213.335721607825,222.507765189147,217.216613825868,205.345616218442,190.249114314362,177.749610915036,169.280574167746,71.9251308665562,13.9082752669189,16.2146373499313,20.2351308083787,25.9822704901137,30.0164762111036,20.8363736019149,5.19802245419006,-9.41547956116368,-20.6920035794504,-12.8984037115288,-19.1691582235471,-24.6881401031627,-14.8639185128856,-7.01684499494475,86.4113077177802,189.692269783418,9.20237820130434,25.0218164921039,24.9058778258109,22.0303067924038,17.7706558907428,9.23007826685347,2.60742673845635,-0.01638011192801007,-0.014597611507004112,0.009087143896246451,-0.044134612345887406,0.039806189069839244,-0.09476978202400935,-0.005885771584959616,0.10409433952740985,0.034805825568879935,0.014889094334250372,-0.00231451253858454,-0.34597759646149173,0.34721043365905707,-0.0026294165097164304,-0.16158572545330632,0.13820706186809845,-0.020358505511826216,-0.5064353757456393,-1.1749352691714428,2.9062532429173604,-1.038060224864484,0.13542922673349458,-0.20414322452914965,-0.21448801918806665,-0.17193952372748744,0.4279440820286153,0.541732493909525,-0.3695418329059083,0.02004523704809647,-0.33325581414575794,-0.016173063894187566,0.042579132821957646,0.011956547225145945,0.0033511654334151767,0.1134934837446055,-0.06994764372867496,-0.006001366667204664,0.028277582472717694,-0.021862530383458537,0.0652595358428792,0.12723609666661725,-0.2043994666807036,0.006467254696035822,-0.028549157722602206,-0.1525226413942125,0.1592023488624184,0.023202255016722247,-0.7421449518223707,14.32953649698557
43,13.3485309024967,2.0683330586093,-6.14495986926671,-2.65351248208607,-3.04840874172383,-3.54470242341206,-4.38914446476578,-5.12292147703528,-4.89663449862011,-4.02357858297838,-1.36774595732438,2.89419576592397,6.50147616636066,9.84013271474671,19.0051806398154,29.5433918966893,200.341415063656,205.015013867058,199.687567931127,190.249114314362,180.607475990378,172.099549363714,163.204372922839,69.2107187422899,11.3625518346738,17.3587925409051,22.69585198372,28.0693651163219,30.937863548254,20.8107019225965,5.91806785898858,-6.23016641567024,-14.86530784554,-10.8061240653813,-18.8766320483754,-25.1082452949605,-14.8476849506899,-7.14800597990067,82.2604556020111,183.061699715743,12.0015003323979,26.5313016588032,25.4521897280747,21.4849073859857,16.8188991819076,8.9277791200577,2.96222237786811,-0.020467806014516823,0.13329931184341695,0.12575136242470117,-0.30175099145496415,-0.015961371353894915,-0.01703150563465164,0.054274048716204934,0.05579926869249098,0.10476600089021842,0.021621907288238984,0.0637776204263446,-0.12507761324117023,0.022329171134998403,-0.1317179992511359,-0.015826589681137954,0.026899580435430212,0.07222527456105607,-0.7757079733505798,0.3144615134974212,-1.0407423724187088,2.7105205952679468,-1.091877894705123,-0.07482085100985589,-0.13602326056661135,0.14978293220311603,0.009587342142382915,-0.07613056558423267,-0.17518878123668646,0.16027412717598227,0.2758785440431903,-0.27403566755828374,0.21811638116351878,-0.21468366939633277,-0.08100309801864383,0.19487735829019467,0.011022950076816206,-0.12944992772790007,0.026485967140305166,0.14915501440316017,-0.03509697378071107,0.0010356196346494404,-0.11030666150909643,0.040905801288173414,-0.23187636301306486,0.037022096248292266,0.35239964127483786,-0.18764026891863558,-0.0980659125820415,13.43865603363589
