,Cov_0,Cov_1,Cov_2,Cov_3,Cov_4,Cov_5,Cov_6,Cov_7,Cov_8,Cov_9,Cov_10,Cov_11,Cov_12,Cov_13,Cov_14,Cov_15,Cov_16,Cov_17,Cov_18,Cov_19,Cov_20,Cov_21,Cov_22,Cov_23,Cov_24,Cov_26,Cov_41,Cov_42,Cov_43,Cov_44,Cov_45,Cov_46,Cov_47,Cov_48,Cov_49,Cov_50,Cov_51,Cov_52,Cov_53,Cov_54,Cov_55,Cov_56,Cov_57,Cov_58,Cov_59,Cov_60,Cov_61,Cov_62,Cov_63,Cov_64,Cov_65,Cov_66,Cov_67,Cov_68,Cov_69,Cov_70,Cov_71,C_0,C_1,C_2,C_3,C_4,C_5,C_6,C_7,C_8,C_9,C_10,C_11,C_12,C_13,C_14,C_15,C_16,C_17,C_18,C_19,C_20,C_21,C_22,C_23,C_24,C_26,C_41,C_42,C_43,C_44,C_45,C_46,C_47,C_48,C_49,C_50,C_51,C_52,C_53,C_54,C_55,C_56,C_57,C_58,C_59,C_60,C_61,C_62,C_63,C_64,C_65,C_66,C_67,C_68,C_69,C_70,C_71,Mean,Std
0,42.5281003584229,12.2899513269536,9.21953406420679,-4.20785827949192,2.71193865701535,12.6286555269524,17.4786415647734,10.4499907512457,5.76996687402537,15.9658455594162,7.93823619431731,9.54883191281006,14.8486207573843,11.9878576848202,-12.21856266209,-0.232223524734665,14.5087399837578,12.0426229124552,8.40259235813417,47.1602934575257,34.6990126626102,28.4239493149997,21.3690626720923,18.1896233623113,13.9839954481141,11.1895132835408,4.66344625422584,1.96192097503831,-6.51306345475285,2.34624964704631,8.26524324655174,-0.443821081628497,1.39203808951146,1.31540703863277,0.294013480576377,4.60164762338783,-3.43979189037841,-2.10175117619622,-0.604858441905516,2.05427868102724,-2.93632988531435,-4.48233599429669,1.37193780522207,1.46344096961283,1.8404749773115,2.07087550184811,5.90605003033201,17.9993859755092,10.7866266804819,-2.01066243576188,-1.2738161614911,3.00951104786988,0.525913086613295,10.5758312171067,0.490216713371984,-3.65370568464779,18.1105467377426,1.7656578858600198,-0.6995402773051681,-0.26122104980542604,0.39502054870246145,0.13411012442688036,-0.4895451798976991,-0.362106041756315,0.09055006530336708,0.3006019835488933,-0.1362421487193798,0.2829769401986052,-0.022864746661304218,-0.0896368256569701,0.11054167348742594,0.6384631710956276,-0.018386336349359766,-0.11607086125659877,-0.29630706647232996,0.1486624448608791,-0.3346119350055214,0.09357438533219399,-0.027298527006732173,-0.11921834643053925,0.04636844686665773,0.0354927297477729,0.01676606430787533,-0.28752062818026985,0.12466814091110408,0.15493883440813355,-0.4290873827992619,-0.26201328233320653,0.2086867983989787,0.09528230367272136,-0.1260681977217134,0.31201823206972107,-0.057531468838589096,0.2085866130781918,-0.0481580935171043,-0.13426596145790282,0.07394843867396232,0.34288588659447383,0.12384188838191235,-0.17053938560008752,-0.09394873846201933,0.08949852519900099,-0.03440264842439256,0.3814611976522704,-0.3486904943234697,-0.3017412098990379,0.2918012201706436,-0.024390152693979317,0.1537393043456496,0.1376587930981609,-0.17308166816357448,-0.09751030835799432,0.08818190201396243,-0.25537884743737,-1.0698924731182797,6.520590491544684
1,12.2899513269536,27.2081929510155,-6.37448879280468,0.481727127618763,-4.58811320473964,-0.441964261078333,20.5987575657271,6.78746784063615,9.87514461875296,13.8817373720167,-2.27588369507603,9.62006397853155,3.22379376271564,3.14249871289679,4.39334708619711,6.3144885802541,7.51818948649728,5.60784062566509,-2.79923943148486,10.0573897891544,10.7318337712443,12.1738639652368,18.970915461282,16.6665558372877,12.6651861459859,8.99185234537962,2.51457981357592,1.23791462460096,-7.03297757003182,-1.48665404932382,-6.95042785241692,-1.0332292227109,6.17265167769204,5.27801135234606,-4.54559970171143,-4.06416213429214,5.17707177535606,-4.38410860578078,5.74498574453179,11.6149141601271,12.0113249523238,-3.15259720170036,-3.36152841699222,-2.02595237331967,5.30371177484261,-1.76867438290526,16.5513181169621,5.77785794099582,7.41520160634689,2.91420281740518,4.92699196266719,10.496576834207,4.4963018162638,7.44628150387838,12.3566655916574,-4.45506549610454,1.23528275892538,-0.6855198159616896,2.644667040770194,0.6753636056099077,0.031133871458063747,0.634830784150422,0.11479322967757315,-0.14396172510971356,-0.06404120769265555,-0.07424840195155222,-0.06191915524426088,0.1913041855202764,0.0015613239602610058,0.025432694708921393,0.18300814102557494,-0.06326344873527565,-0.2051368500797572,0.12221175583478888,-0.09279013671333941,0.6439650887287809,0.08731381531452939,-0.04544984822083682,-0.18717888547513062,-0.07204755335062189,-0.3365659419385034,-0.13672017448954712,-0.030855468468484037,-0.06374472399467183,0.0968940711281594,0.016462468738013936,-0.1393659215226856,0.44116241641139214,0.45118231059981634,-0.23147555177877455,-0.2141271065101554,0.05297280695469825,0.10621333355327892,-0.11602402243204911,0.08309431923026482,-0.26302163320482747,-0.03420045373421267,-0.24603181947662983,-0.03823854524580843,0.11547746636086577,0.42583053854816777,-0.23541007342306705,0.2112198503675435,-0.5400337227866343,-0.28107853623161516,-0.02935346513442033,0.04082373977736447,-0.2293987572277657,0.03042893099027795,-0.07962146016869215,-0.14927888368218056,-0.43726955900796655,0.2636717776892147,0.04258127842280374,-2.5134408602150544,5.215188678371621
2,9.21953406420679,-6.37448879280468,41.5686051373955,10.4049214822756,2.81132745556682,12.529111118364,18.7335977340587,3.68748279373618,9.87875041825875,3.21559698457973,13.7437322471839,19.2880009851973,13.859209045625,14.2712197402605,0.795846380880464,-4.37237494063845,-5.92688069025381,2.99243514841345,15.2009726944375,10.561026682676,7.88880134006897,11.260215692048,17.644994005,17.919619248834,14.9087634250071,12.0782135178578,7.8710280281863,1.08386840400343,1.70990308277021,1.72786712154764,11.4564006861774,2.39764263341808,14.6057792262416,3.39685584876583,1.76960195329019,8.40569461153338,-0.151806496096597,-4.26079899835886,-0.678880581711155,8.35750394038411,-7.0154364576954,3.35581538544919,-5.58745230429949,3.90097425492066,8.40622054322618,7.69702070804898,19.5933213954641,7.90949027562188,8.52878801212857,11.2178008542755,6.63497913075487,2.53108949843714,0.999055162630936,12.9964984274286,4.62571248574223,8.21142128282566,23.1683202627492,-0.2541783403726132,0.6820420720246491,1.3423014218173301,0.013793711948341541,0.30274644197708167,-0.12644890226626584,-0.10748300478761114,0.29344647063401796,-0.13908372325778529,-0.056140154955999735,0.04487602042557629,-0.08246694498096656,-0.011738618575353408,-0.6140891314520717,0.24175649869013727,0.4591545723416683,-0.052033981254268,-0.00984603155594403,-0.041549871092424674,0.188203341658029,0.0139080761919173,0.10615251679621315,0.13779211477913259,0.028715281978613498,0.0015385290061869846,-0.02175385330561287,-0.3201486297470063,-0.08711877720974495,-0.12598679018398867,-0.02500737718485081,-0.08430176562493151,-0.21033714266580592,-0.32563730971536153,0.37588033932722476,0.23652377089512167,-0.010701276996241913,0.054553008996259,0.02076603699241604,-0.08674391790303575,-0.19293926615141344,0.2930067894984213,0.011114705509691144,-0.024778838093304504,0.25326614379888507,-0.033396736951542966,-0.22459774257475934,-0.5908263025575332,0.06811058258549572,-0.06410267837861645,-0.3950896434567221,-0.10557671132792873,0.16576320979988435,0.085828497922633,-0.19380097074106642,0.03151101600950138,0.12405633584378095,-0.21509946966421079,1.0768817204301073,6.446596399449516
3,-4.20785827949192,0.481727127618763,10.4049214822756,62.4407254864311,3.30621210579861,3.23051348558955,28.728858547888,4.79213935069563,3.78346942629922,1.6152900747321,7.61361102034552,17.8801845094599,15.2404632136657,15.3728541948004,7.85095863632201,3.06947027567348,8.32109269090467,-0.765163094272517,5.06468700544036,22.1219033280814,16.2330963124952,18.2453421583011,21.7955398172823,15.0249870251191,8.10604340796123,1.55004651795272,0.516714423103257,-6.79914123476427,-1.08024840502269,-2.25344478235279,15.7269972744067,4.3951066842085,19.2716798110357,16.4192168083009,-0.614955265606737,-0.688201589894271,-3.77449209083162,-0.703448096357217,5.26514699242765,27.142117541935,2.82304508425114,-1.73267982037203,-0.734090621686948,4.40623034703776,3.69078212188054,0.696398165292516,7.97380481309376,9.51373671364521,-9.17431567566126,3.30427801775942,9.83991874892832,-24.5693887173404,-0.564951628044968,8.3157133141818,1.57291571772259,9.27818574351016,-3.86367017176969,0.3786468787869622,0.03246757047241342,0.012610072583173374,1.025856098021813,-0.23303289509941555,0.047964998297658885,-0.10216583586651676,0.14426695217348848,0.08630625202097857,0.028993568802810836,0.013954377969783834,-0.09355613978877272,0.010300039474221345,-0.05623949203083755,0.07464426808264578,-0.07384952340662328,-0.04629473259069083,0.048086262484682174,0.21038560826205258,-0.19016069202299288,0.20465824139304567,-0.06550992018849834,-0.4035413658651855,-0.06722487520347499,-0.001604465687316417,0.048815934110519626,0.0014012329324505064,0.5214544127297874,0.17993420384582778,0.48680086955869883,-0.3364958006735247,0.056429176353618896,-0.31761211808592477,-0.26364950669364845,0.11150596084432525,0.14129216852861393,-0.09224366108783497,0.1302785513113554,-0.26302410245211294,-0.05274766259394703,0.37180573246921766,0.28948079663911924,0.2617234556238411,0.17666485710619192,-0.025060198324181063,0.19594179365721898,-0.05591878409279567,-0.061091756936791426,0.40878636203554625,0.17930488036075193,-0.22508253106128864,0.39292437056188334,0.0046198009569195205,-0.2656993595916835,0.32614061116692594,-0.08675159575062293,0.02952707975077406,-0.15875576036866357,7.90131163076303
4,2.71193865701535,-4.58811320473964,2.81132745556682,3.30621210579861,15.7090472776924,10.5261899424609,-2.38755270948741,-2.59408939853936,-1.58861358525154,8.01975165726556,4.18314674960686,9.68583090985575,6.73235347400661,8.37238405974878,6.36320597606607,-0.332008527547653,2.30199400973647,1.26019309582406,-3.80700260207639,10.8544463977536,7.8987659194202,8.8658332303388,7.24020150126754,7.62760313483746,7.26226793170385,7.41263134979799,10.7808693852417,7.40763142743051,0.394152581179722,1.93522018325763,0.198855717163343,1.20297906876282,-4.80951573391545,3.57293787046262,-1.75750808416408,2.39734350758999,-2.08999104838958,2.59152475573165,-3.07066042916236,-7.77838098417576,-4.3995087237589,2.14593859605697,-2.85828415898881,2.57631934604887,-1.88377560992474,7.31418661684923,-0.545412963196332,-1.83478172687079,-6.06454730230007,0.597903277590136,1.24054213583562,-2.98035870968866,1.07701197687058,2.3518691182436,6.31353102504237,4.54074668913551,0.603779823181263,0.1342182005249122,0.6429754823712098,0.3014251751599081,-0.23974161301984684,2.5556450612387893,-0.6690264316838246,0.287308352114425,0.06753194551424709,-0.09023325254349798,-0.06558156282193198,-0.25509319328458013,-0.1533338004602949,0.27800362884591256,-0.20257292463469462,-0.05560744773363379,-0.14385753865348527,-0.21094074815415761,0.27526176103628797,0.2985574566995639,-0.2553112963341102,0.07817347509214444,-0.12251073459431744,0.002440846719129848,0.0016248552381204035,0.001160116688181176,-0.009728899363665293,-0.4519046149935372,-0.5183435043768827,0.08134885714046544,0.009682520239629587,-0.1402422731362882,-0.19225417029496247,0.08328617989715546,-0.07263579901538753,0.36202058588347114,-0.20866187527101823,-0.01833663877630478,0.012704489517416599,0.27603133148919085,0.23263194651023966,-0.007890353893323397,-0.05748273228107526,-0.007982362148951691,-0.13834423359598447,-0.16701706870067232,-0.49986044602910645,0.046215587694477665,-0.30066615663429547,0.2428880481620442,0.37454580494651596,-0.18680361470928727,-0.3587786324165848,-0.43251907302899284,-0.0021752623678652034,-0.32952752885921166,-0.13093469512280645,0.06340494528005476,-1.4384792626728111,3.962202326698176
5,12.6286555269524,-0.441964261078333,12.529111118364,3.23051348558955,10.5261899424609,29.5580503285544,12.766257251457,0.0968045449256882,5.5527339875148,8.98769231953798,12.6051508976865,15.3963067875893,14.2220724725132,12.617518794155,14.848129565303,5.76830196707297,-2.11945936651087,3.70619123487203,7.60992877634014,22.5131945012047,20.8297067793628,19.1255209611648,18.1457006521196,17.6458800186143,14.1281485749273,11.2506050551599,8.98734095021015,-0.242145624447546,-0.220570759851427,3.85606810152522,2.94741207024011,2.19483154985167,-2.31521166834614,7.77689559716952,-0.679125096279998,11.4906224752563,-1.16261349602201,-0.983167453778799,-5.32477862828539,2.9903077551455,-4.61832577270938,3.03147547358387,-8.29673762899194,6.67366433799998,0.239096842075115,4.47567898271905,10.496149728432,2.50617904979358,8.77002966817454,10.8708967266808,2.44061714199766,-11.708926109063,0.492359018089884,4.87664653506662,6.67963605739754,5.70293082474941,9.11671020495207,-0.49991508597816203,0.11672074372755172,-0.1278044631682578,0.04682429032259087,-0.6700909257150023,1.9738299031285018,0.09139434240239833,0.6626609347022203,-0.17934216273207298,0.04841895598164013,0.10647912014914522,0.07128486840599213,0.04958515218286103,0.043983632830274906,-0.16855900235987475,-0.6341568013134349,0.2725191928418807,0.05994567589096087,-0.009856608587977423,-0.2927653727781793,-0.14523612683067486,0.005144440943422865,0.027353336437196077,0.10606836076191783,-0.008238635845863098,-0.13580771239638742,-0.135608659210948,0.21879786462606401,-0.033590818752288205,-0.016856651264149536,0.018392348125780434,-0.20826055401641855,0.07901617432371869,-0.28185695244500897,0.08439299345472367,-0.6411054074383954,0.09048690502570787,0.28544630412889516,0.11056184139476247,0.016552842103684382,0.03979472215138893,-0.023160165276834323,0.6576693072640465,-0.10428091962348858,-0.03960418297437054,0.08681824002255291,0.026297236527435867,0.17242758281313222,-0.5314006483736675,-0.33193186937942937,-0.15093125201408664,0.27540721027169335,0.1068768596857207,-0.010184312044110562,-0.02722534746731086,-0.07540125413850614,0.09435182847322762,5.01263440860215,5.435811837118202
6,17.4786415647734,20.5987575657271,18.7335977340587,28.728858547888,-2.38755270948741,12.766257251457,115.274859617682,29.7441891930933,14.0798363295523,29.8447650376039,36.0546093682754,47.2999517514211,35.9855688532811,31.4784151611784,29.2842809558107,24.3611328689865,30.4567644417389,7.36105871556131,34.2395085551693,30.2643826947426,19.15622255725,22.754269711445,50.1807549671748,41.1639114403748,31.3547625037963,21.9377701188838,3.57683344677102,-2.78272098946958,-8.87628632940022,2.1713046298869,27.8704702109295,7.06103396024366,33.0635756076903,35.807880123015,-0.139981576989613,8.35168138340046,12.3815904213568,-18.8314899458691,11.3907132687515,37.6762664502866,17.8575852298114,-1.78576444931037,1.23618734682927,24.2764070876808,13.8367883573897,0.503647239284623,40.5383069117621,7.09759049490315,26.9645481788179,27.1525068583751,18.6896317813829,13.9519027516586,12.2909592081766,13.0800953244327,30.7376658095541,19.3543525701492,4.21376177698663,-0.36223852162310216,-0.13665749956147868,-0.10775880691455655,-0.1103878112611716,0.29107822650688087,0.09523137045654843,1.4718699471131913,0.013641580593198144,0.20171734118163628,-0.07834698256178753,-0.815410744204775,-0.13417431625628345,-0.18621959253912082,-0.13956412784087285,0.0824405627640475,-0.3396255829991721,-0.054347546004271295,0.0075263856704377245,-0.3274919440860432,-0.07697939689086004,0.07746545602311691,0.2774298827873739,-0.1200729694321056,-0.02831627475075741,-0.045015741697076596,-0.11293523274378282,0.010558235385406407,0.0612964465565919,0.3846876077771835,-0.04120841545563381,-0.002028318110664403,0.02641967595255972,-0.37294711123105656,-0.3666863916226701,-0.09267738617638407,-0.16239690847051402,-0.12443546970138837,0.2026497849296922,0.009072040627540117,-0.17711852887820143,-0.301291683585744,0.4389799713002289,-0.36389855274234717,-0.3695071857214509,0.046575087291705376,0.1695286686210004,-0.09545914770445234,0.20059479712675612,0.05674061494612551,-0.28640299275370285,-0.16429380792029397,-0.16276498097024245,-0.23050704350605003,-0.1416461496004641,-0.11333365316953621,-0.022592010319556058,0.5127391024276713,4.81899641577061,10.73614733587809
7,10.4499907512457,6.78746784063615,3.68748279373618,4.79213935069563,-2.59408939853936,0.0968045449256882,29.7441891930933,30.5106810035842,15.007718131028,12.0886418784068,10.8285159789277,16.4628853065472,13.4899151404451,15.2307076610027,1.18891580676845,11.6590150143599,24.671929629282,3.70204676266978,14.4812468116892,24.9840554024194,20.4380752453502,14.544844255033,12.1219325734994,9.39657204857117,5.2899608138727,1.67292919197675,-5.0119499205864,-5.96287220135248,-3.28095243976502,1.75066677265369,22.6007333246372,2.60983807219324,16.2509626021852,6.06962356325776,0.498388490203723,-2.59937652654025,-1.16854421231276,-14.2066470919966,7.22682713764088,9.5357965455033,11.8923172907396,2.21142103940683,-2.43755971018782,5.69457706170015,3.763531519147,-0.556593208490198,12.0058962497287,1.80741359216794,14.9041820144889,2.90019739695932,8.88806184490292,1.91855353477616,-0.431987972327885,-7.91342070596764,12.2547297893545,1.57783992527489,11.1477728094999,0.08522563263736609,-0.06499190745455272,0.2936508400779967,0.15242292271429866,0.0688187498295948,0.6702090514839353,0.014254328545991754,2.216864624496845,-0.14978755043476308,-0.04527886853250602,-0.3317442406249166,-0.0623507354489602,-0.38371536593545524,-0.015933207069278754,0.3213140426487488,-0.27121149669353134,-0.5003112713051413,0.082338228945501,0.18303732678556525,-0.030994306923560637,-0.36103171969526476,-0.04924653777163374,0.056468397049654714,-0.026952967868875306,0.07976005634362522,0.318650292671156,0.20172598986554444,0.011055620235423483,-0.09395606495061486,-0.1258695169993802,-0.30700853201297323,0.038137193427164005,-0.2628348053346367,-0.08930876080638998,0.04257828397395977,-0.16587734306511828,-0.02793748508280067,0.15662235487474535,-0.2157194440823654,0.047372289700861756,-0.09391131988207391,-0.32434444202520607,0.3646947893683382,-0.011287252069839701,0.24629218494478297,-0.348920620903468,-0.5452948461130526,0.21258809223073935,-0.4048402600861367,0.1641356503607181,0.08029663506495072,0.06633805092348587,0.0376414212173025,0.28880986090024496,0.05377192863687658,-0.29946475022249797,-0.3924177552505015,-1.0292114695340502,5.522742163417031
8,5.76996687402537,9.87514461875296,9.87875041825875,3.78346942629922,-1.58861358525154,5.5527339875148,14.0798363295523,15.007718131028,39.6139277180406,6.20899507844977,4.56984063377398,8.79154100592327,5.07778858124183,13.0313230707361,1.21937222325488,10.0890747268076,8.63854463102238,3.39621699504058,10.2362952339492,11.6925935001107,14.8656334348746,19.3505967312834,20.6236037196458,18.1469625020129,13.9678568285644,9.77702097783713,-2.11819123063686,-5.01657018852026,-2.44783812057557,0.223155923801483,13.0594872453648,-2.59191830788231,14.1704723199041,-1.58009283334673,-8.60809408334676,1.10674976694654,-2.24369321339767,-8.23199429538858,8.62970098894428,6.45884150327439,11.3990831991928,1.22333887288874,0.740221686400828,4.00105967015831,11.2135831122767,-1.96819452046168,15.0925424541078,9.95741236285094,15.3464163608955,4.96364084083994,-0.907638499562696,5.17603323396136,-2.85960976165083,1.10610679537832,3.28553654602701,0.514673816739177,6.67589741149044,0.2919155611166344,-0.07160461404970347,-0.1453179899121251,0.08413263163124296,-0.09188144482704148,-0.1776934358800067,0.20080095200975057,-0.14829731889484923,1.0319433487824183,-0.09468628675231609,-0.1300736854622478,-0.13569159546412715,0.061814727016392505,0.14762342172407117,0.009470179827336327,-0.37298605935256807,0.004566379660995657,0.12359784302659424,-0.07746123640597534,-0.03330023407804649,-0.010324261854875373,-0.13735493755296518,0.012271223333839785,-0.033887009919401995,-0.08596220634387014,-0.22473873785223522,-0.2762009830572493,0.2745491574691839,-0.06248548271518617,-0.1181320168932252,-0.04281334018157429,0.3710849673598012,-0.373751416430018,0.48413427006653653,0.25066885239401127,0.07778933973931917,0.4320941950510074,-0.355450453522896,-0.45724860128739575,0.038470912204269854,-0.4208464313313551,0.1442877389511674,-0.0944908901815336,-0.0008832341844184116,-0.06786285943652669,0.1361918871825894,-0.05282774137966751,-0.26058155614748546,-0.22293106915570818,-0.10071026648477817,0.03265598368261025,-0.08496221292742347,-0.11770695129549161,0.055761557356452586,0.24917661565483953,-0.0935270031233198,0.11381729609959844,-0.16935483870967744,6.293165158967356
9,15.9658455594162,13.8817373720167,3.21559698457973,1.6152900747321,8.01975165726556,8.98769231953798,29.8447650376039,12.0886418784068,6.20899507844977,85.1970071684588,-7.32472541647372,27.2886918656105,20.8132130945091,15.0001162873615,26.092671829659,-0.0426883923213866,27.2464813841179,24.1850614986197,2.10853041974797,49.3163407933409,40.1855639864863,32.4808844988264,33.7286664314642,19.7558530821708,12.4079326627808,7.00611803403094,12.5373821381733,6.07655551754721,-5.4153101333462,1.30312197507677,11.9366800116403,0.576276901083294,-8.20793114070408,5.80123062440579,5.45124590540517,5.96887407946629,4.72470738910051,0.722081861848643,1.14626219770549,4.45144158553556,5.49013541163063,-3.21481354431245,1.79238544427251,3.7466979548782,4.44718238580618,3.45333735676445,28.2564515750822,-7.49835508250384,-0.783424433102796,17.1196750313766,-1.28529208770097,7.21796383589777,8.49550960526476,8.45482465522552,15.3691276768593,13.1853757864188,-16.0870496569772,-0.12870447040516314,-0.0686475737747462,-0.053279200655619044,0.022791262362324274,-0.06238654347499482,0.051371564319628214,-0.07781477370735566,-0.046434287073571244,-0.0983874177222041,0.9853180601407713,0.19133862618786776,0.14701169166722655,-0.10527431914927572,0.18946173809115982,-0.12786254130217234,0.1082668728521276,-0.13989361802180228,-0.45009728555189155,0.30306007946862706,-0.2133669095792906,-0.08997355239773636,0.11057924205707423,-0.30797568089828586,0.001721958484982759,0.14459514126512446,0.3603518157046947,-0.09049001970804925,0.012213633303937616,0.30918502926510216,0.008491899652239215,-0.3776078729528318,-0.10792621061018022,0.2841281243839186,0.11822390361852488,-0.09782185579311732,0.010967433049340466,-0.09445594393890103,-0.17086849356887757,-0.00305561676287521,0.2787271583132041,-0.22684578312543657,0.09177767932419426,0.046487509485902426,0.13565752078373206,-0.22187140447889275,-0.16010336295191932,-0.25261212053963306,0.18279736315102094,0.24580055591253613,-0.6542038633265324,0.043567598638044464,-0.07254176230937058,-0.3342007310657772,0.034798082588000066,-0.07045883861229493,-0.2733258298589551,0.06427023002605738,0.33870967741935487,9.229680772836014
10,7.93823619431731,-2.27588369507603,13.7437322471839,7.61361102034552,4.18314674960686,12.6051508976865,36.0546093682754,10.8285159789277,4.56984063377398,-7.32472541647372,62.3086111111111,-9.85195751701711,6.04350442093455,4.57533561947085,8.26580749704458,10.5523609704043,-4.98676431198116,9.97947001827082,18.4977033581509,12.6450436050214,1.01661204563367,3.58809596753794,9.50805027334607,21.4478525711832,18.9062303831134,16.645256768982,12.0395685601372,4.49751439964082,-9.56798303401279,1.45419708944583,8.66173933137981,5.89631896737747,0.363208054472353,12.7882425302782,-8.56592364064634,1.13118731738525,-1.01712119465018,-4.68666701525781,3.14699755839983,2.009891027521,-1.11410040527858,10.0244850658285,-5.40051012256981,0.179249724234477,0.788475003569387,2.41067404020427,10.7862188555023,4.84833461194854,9.0139604264349,7.76661942162983,4.9571928049782,-16.0492366283023,0.357937295504437,1.56592442629643,2.84047324932715,-1.52557005725534,32.514982473913,0.27499208171212247,0.1980184264067529,0.04456303104954142,0.01441485575466813,-0.26030134356506124,0.10772821152209225,-0.815910217197363,-0.33677964553655004,-0.13769481939054382,0.187996076956119,1.380177001336476,0.2237624587197779,0.1724644648837528,0.13313749953831164,-0.08766892079052567,-0.22881340852622706,0.18269655321087994,-0.09500186750452815,0.02787046850230318,-0.1937086283098279,-0.03209957361494495,-0.010918601351492616,0.5527696667262988,-0.25417125089461035,-0.09218106610375468,-0.03179572405579305,-0.26785703736731864,-0.312139113654071,0.409588979974588,0.053790376888230976,-0.03720332244875108,0.17856773127461384,0.2507411319545937,-0.022823125547094193,0.19008793634159005,-0.12221652796152516,0.026208776271677326,-0.16307272232632192,0.023808060236432598,0.0906586721965952,0.3317190925192856,-0.2807140534008646,-0.21342827195271555,0.0020066047606441565,-0.04438604156272087,-0.009567044593184446,-0.028551147479532635,-0.03648283310473726,0.059780552325052784,-0.2600255699268516,-0.017386593568831096,0.3020201825576696,-0.012156410314509763,0.03389292724282179,0.07686558551100106,0.13830457332285806,-0.60884305273125,3.5833333333333335,7.8929469218480826
11,9.54883191281006,9.62006397853155,19.2880009851973,17.8801845094599,9.68583090985575,15.3963067875893,47.2999517514211,16.4628853065472,8.79154100592327,27.2886918656105,-9.85195751701711,108.150506363836,36.0980527599226,24.6379586349519,34.4469529135788,8.1751323895271,18.6490105960194,-1.94779633765139,11.8554210482019,35.5137690760847,26.688987918928,22.7285667604322,35.6343966690729,22.3327768653828,15.4230868467486,9.65088832893112,2.61198355930481,-5.5514214872415,-2.87309988730031,1.2794985873431,9.07233112671511,5.23967783897834,11.3581098050419,21.4895904931651,17.3298649900971,5.49241074966425,-0.684770949697793,7.36233438677189,7.68178717198281,38.1701214911636,-6.80166020567137,-0.500895753844253,-6.55466477554441,12.8579326746071,-1.60837589791053,18.4325593717489,28.1920324399202,1.02181855966221,17.0807677897262,20.7993825325172,18.8760010478138,13.7849508587145,14.5039874772826,9.19081792841056,39.9233240059793,16.8089150572845,1.08867338265904,-0.026569364323213714,0.0024221998164984087,-0.07822174382479027,-0.09191792676603346,-0.15399233870205745,0.07381577005701093,-0.13206015476086952,-0.06292172047654808,-0.13575717857809783,0.14517349312971034,0.22315893219694077,0.7068087575384666,-0.2571188731861493,-0.01269041059722147,0.06699983246862651,-0.06375449870714392,0.08497162573579448,-0.21393330255587634,0.04429705847561739,0.0005357429704790007,0.0027217656978711763,-0.090510968210729,-0.14123094689778629,0.1103250877863462,0.008951756860564696,-0.06525412546050949,0.10826142515449494,0.13458892479959464,0.29144176669208943,0.25024752431296515,0.1189329563034338,-5.959298370966211e-05,-0.006683063583200942,-0.03935514775712614,-0.31514093450730307,-0.18822094640187342,0.33419053617185757,-0.4259653607021091,-0.03820910074813647,-0.0007488947910621351,0.32681916323838067,-0.18898362842650634,-0.08315084943822096,-0.05463909980653081,0.007816187978930161,-0.3499637057337371,-0.17551913629465735,0.18916795912369652,-0.20742144234538604,0.07924138962952224,-0.28316563626171787,-0.11338874263994915,-0.1051935359488213,0.256562278961845,-0.3913330369436058,0.0216321395154442,0.15699075316709263,1.9082181259600612,10.39906276372231
12,14.8486207573843,3.22379376271564,13.859209045625,15.2404632136657,6.73235347400661,14.2220724725132,35.9855688532811,13.4899151404451,5.07778858124183,20.8132130945091,6.04350442093455,36.0980527599226,45.3638004260844,27.9733299113829,27.7793104769353,3.58406982966495,20.6954019322473,0.880636859033107,17.051632508589,39.3803293990594,32.707164106805,27.73781229467,37.5715268119823,30.4554527650474,22.8834808233153,16.4158545411701,7.86777948207974,-0.671008899371662,6.69578130899082,8.40897347826387,12.7117251109118,6.9908291972866,9.31945016097979,22.1770845103255,10.979227087627,3.77507600876993,1.91928734363109,5.28881375138967,-0.330623700307702,24.2144529883604,0.322916929728546,-0.620616114144387,-2.37534885932161,9.06825500051259,1.82976631446296,10.9890386609084,6.01737089772388,13.5557369409368,11.085323180603,17.170109585249,12.5460750540528,-2.61057898579562,12.6715102089023,11.1191998054495,10.6469653567243,12.477784548634,16.2064814635794,-0.10280161919306369,0.02518204285018657,-0.012202553594915549,0.010581060926676523,0.2835433186120344,0.06277508975274852,-0.19228727247802194,-0.379366081475745,0.0576619239802407,-0.10348711866213628,0.170366979610912,-0.2592246301812942,2.577343917209284,-0.32872831560443677,-0.27473851987108905,0.10577813389018789,-0.23295831711684512,0.028264479557022132,-0.013068868031420534,-0.10564404003106571,-0.2327484136690891,0.021817159591547515,-0.26609590001991373,-0.07935194834614641,-0.11022946370863745,-0.3143990762301255,-0.01275206740591722,0.05704814957699689,-0.8633990103856214,-0.38618674328249986,0.16210018001828186,0.007076703781566298,-0.15412305718778674,-0.4909560198069275,-0.20242469707965913,-0.011421236331331148,0.03775952937263251,-0.13509508124512662,0.038420541625447446,0.2613930524934942,-0.0012115294587563238,0.20124432281197896,-0.01854208511834292,-0.11992478246747784,0.14327877981143178,-0.2845683298277019,0.5001879012581048,0.015056408031181946,0.005982823770307157,-0.33276381518763026,-0.41266477134526697,0.18837178273290658,-0.4363120543002602,-0.09624746577669083,0.5336774538802654,-0.3479993276848372,-0.3786296152338413,-0.587826420890937,6.734523028848027
13,11.9878576848202,3.14249871289679,14.2712197402605,15.3728541948004,8.37238405974878,12.617518794155,31.4784151611784,15.2307076610027,13.0313230707361,15.0001162873615,4.57533561947085,24.6379586349519,27.9733299113829,41.0263702210275,14.7403370960606,10.435840996716,24.6847488844261,-0.895095719422773,16.1094019588838,36.1151155863105,34.2559267035086,30.4777447422354,34.689208264867,27.9327280878942,21.2619349054974,15.3226672285607,5.07938914100926,-0.0732122281104111,1.93583883154763,4.92400619684265,25.3094884779137,3.11637254809511,10.6653174451408,15.5399825526649,4.13214101013819,-0.19222611679117,0.158067043150638,-7.31843672186004,7.07939112685078,17.2890837569755,9.10119091130054,5.65655491847424,-0.609004085980859,4.09248968160311,13.585850684303,4.46307613004573,3.43022688994959,4.40189985817099,10.7013082447576,9.78526027497394,4.12034312452074,0.0143889027985607,5.84932572070247,1.59017595442502,14.1590048895264,-2.56855410163242,6.03081073359666,0.11279629773776119,0.19373843052146608,-0.6280858564663689,-0.0506820423428071,-0.2017542153327929,0.04099169295973098,-0.13384537885287368,-0.014908577025714758,0.13761615883339645,0.18377041082775,0.133460009860101,-0.01812042601598764,-0.330455425354968,1.9087345989182833,-0.009575626180870333,-0.41257425392496205,-0.47044934275638317,0.2658020202150582,-0.04660517476053213,0.2854927958345532,-0.5185903692529023,-0.1433580300620419,-0.13288650167771113,-0.2793788156330271,-0.1750172192177189,-0.04646502060071043,0.18948679260722642,0.020678086998921142,-0.2517499781359873,-0.16185025568516356,-0.28044554893374823,0.3217999241895683,0.15377385788102488,-0.015229755735339967,0.04616839090459317,-0.14579927287539307,-0.00653678469376356,0.05202991997389613,-0.009963264946140173,0.2494751656780738,-0.11988151152611287,0.13813226414102991,-0.046630902037163836,0.09918789831606777,-0.29755140935173197,-0.05058156970304822,0.14690863079540778,-0.006308405796884805,0.30876166849728753,-0.023376946001456816,0.3593830718645337,0.14414373677639733,-0.2814879460426139,0.03963001582282774,-0.538251517453833,0.5840724130767642,0.07971452262814448,0.08951612903225785,6.404402409360883
14,-12.21856266209,4.39334708619711,0.795846380880464,7.85095863632201,6.36320597606607,14.848129565303,29.2842809558107,1.18891580676845,1.21937222325488,26.092671829659,8.26580749704458,34.4469529135788,27.7793104769353,14.7403370960606,64.2206712962963,15.6553452246658,12.9321897049435,9.49950382836868,9.82064650836472,10.2811974871928,12.2887336408714,11.0799094713318,25.2603312178434,21.0496755157652,15.2600145875907,9.88510151953381,8.06824592099439,-1.38926310456108,3.76588834825003,6.92067126426051,3.20870964837902,9.07505664020654,-0.0701409102553639,21.7928704125582,7.11669932409503,3.60247581286126,6.28200345757434,7.62444379178806,0.247083491092133,39.4413528751169,-2.3488815777286,6.55219943752934,-1.46420236757772,-5.63477816439145,-1.50735959211397,10.3835089456271,6.88356726031677,0.428872668412539,8.02694521440566,25.4681148241211,8.95535981829135,1.10650480036953,12.2744691876225,6.23743020111429,21.763046221465,13.9189046799503,0.0834279876838338,0.6387288418580936,-0.06030336691721912,0.24129802581882528,0.07365220918425679,-0.0452369120670397,-0.16565416948694672,0.08139082472252256,0.32157686443138866,0.011243898348773757,-0.12515820359134122,-0.08785960862963642,0.07023321630660617,-0.27225571381452024,-0.009604453098593924,1.321033632780737,-0.19965232527297508,-0.12948738489045025,-0.33509489254614433,-0.08103411405753518,0.024325168152086966,0.08373585757249546,-0.15934582428481875,-0.09854016654664217,-0.16267116747488553,-0.05343537919191786,-0.013257290518318686,-0.07023502228615226,0.3331927848497973,-0.35039061362006746,-0.3284447887362181,0.09956243490752109,-0.04781392915207302,0.3327942424037727,-0.020888985780610197,0.14060479333011505,0.0798363187278167,-0.10310864844401862,0.176882651748891,0.07993578561802002,-0.3667738846361421,0.44755512596880354,-0.14055526225422882,-0.4656768348839758,0.16449063223690918,0.15596843736659283,-0.009441204456939946,-0.10406230465019874,-0.0016345063616057915,-0.13972278720032846,-0.3647051991324396,-0.34972632185354985,0.015036546044526857,-0.03175311780894736,0.15322644082421513,-0.4146614018078732,-0.14701630776181732,0.039238115046408985,-0.008333333333333318,8.013156138270132
15,-0.232223524734665,6.3144885802541,-4.37237494063845,3.06947027567348,-0.332008527547653,5.76830196707297,24.3611328689865,11.6590150143599,10.0890747268076,-0.0426883923213866,10.5523609704043,8.1751323895271,3.58406982966495,10.435840996716,15.6553452246658,24.9952956989247,14.2566537626217,8.18404412235081,6.34634681660484,-5.03641727665727,-1.33848896084219,-3.74380107698413,0.143596929030266,1.01774186658535,1.18187247465183,1.00058445956515,-4.16586560050059,-4.63820100283284,-0.536660504676967,1.88756751640047,11.7510579599581,1.70024363679091,11.4564067588081,10.3898472574834,-5.1284022416025,1.42240967794887,-0.750272244385988,-8.7351721581349,6.20505214894188,13.0262335563267,6.62359836133751,4.64174409613549,-0.303521189129563,-8.07203000997031,-0.527276657036366,0.748876825386712,-0.158635006781817,0.761710336142794,7.97008566627215,4.91864538869088,0.312575107502687,1.98894614174162,2.54914237266237,-3.66660788615621,11.9698699071528,1.3360737895975,-3.5386571810865,-0.01920157808044803,-0.1994335556998732,0.46321989944769476,-0.07815782320715485,-0.14597350486075555,-0.6338176241138457,-0.3472844504434388,-0.27074904616689566,-0.37566529206706156,0.1143128957587755,-0.2313728932049315,-0.06419455437694861,0.10794371439647701,-0.4149595413059118,-0.20428428876182272,2.565589762141613,-0.22384072908688618,-0.32216942550276084,0.0325836511682768,0.30306437058052227,-0.054104299778435935,0.21451833138825332,0.16943966814504668,0.16295209392818205,0.02612419135000462,-0.014714902665685859,0.261900121287797,0.18495671784885037,0.018513316358366387,0.1463130931876101,-0.03693900378148839,0.14594048396457635,-0.15014984861552064,-0.20497563994707224,0.3147473485472389,-0.0915058715357712,0.1449539877260724,0.35742286114086286,-0.07048035222783283,-0.03161009523133523,-0.06261973327502483,-0.013868520208786787,0.3615009965188054,0.44121725181263605,0.28559210497710447,-0.11899522014329507,0.3838977900435823,-0.05642006106972296,-0.17492020321778745,-0.2656171561622289,0.4590212153176694,-0.06278751059941128,-0.1438963704201892,-0.0333533445463595,-0.17175751707063752,0.05290630763002847,0.1397100752604659,0.32903225806451625,4.998529353612393
16,14.5087399837578,7.51818948649728,-5.92688069025381,8.32109269090467,2.30199400973647,-2.11945936651087,30.4567644417389,24.671929629282,8.63854463102238,27.2464813841179,-4.98676431198116,18.6490105960194,20.6954019322473,24.6847488844261,12.9321897049435,14.2566537626217,65.9795950907722,16.0133183402485,9.95058004818214,35.4853579086829,28.5567748455838,20.5683472189216,16.449363224215,8.69977043216372,7.55008031036601,7.30133660432569,5.45924365149195,5.48638870602527,-1.86961810553263,-0.537538305608336,20.1418990584675,3.24936729743451,10.4861133500209,10.3054502219824,4.88658725992389,-6.58097188714427,3.79107241967262,-5.43098515968975,15.2894394100266,23.7071541998145,8.73336581761647,1.75738513779828,1.27507562461389,1.60245116195253,16.3933267095897,-6.85467755283255,-8.05677657677072,-3.85905256693004,11.8398903438123,0.639206157649251,5.71550340827131,4.83447496903324,-3.36441227197335,-6.1385576893092,11.8543056994124,6.4109863233226,-11.7245035754586,-0.11526401257841679,0.12419394179175018,-0.045823625808766595,-0.04528837964977535,-0.21754769207307825,0.2709728524523332,-0.05176001019493326,-0.5016454705425895,0.003957081652399825,-0.14310812579069346,0.18282564106533516,0.0873945842638898,-0.2354032683989973,-0.47656092908201153,-0.1355197672796981,-0.22296554587436646,1.121993165415568,-0.2216264394239285,0.022174065948667308,-0.19529919148950156,-0.03009352165999394,0.07697694252934267,0.19685910556321579,0.18223714015930362,0.03645466292906104,-0.15143759744260252,-0.23965801435590925,-0.22405897360623855,0.15883178779322035,0.21035031964471146,0.2796068236660772,-0.25749068994675106,-0.004270171143238971,0.08960697377867105,0.08410783812099018,0.16648532280767767,-0.40720812120076577,0.07062185268655675,-0.28693526829580107,-0.1673921664996627,0.12287740907637977,0.3025031586767221,0.02365035005555005,-0.016390400676121058,-0.12683666688884068,0.11090322916543507,0.25068878887308205,-0.1380809422299178,-0.4356788900984342,0.33704535064488983,-0.059565046186457776,0.03335378499576674,0.1324956688263997,0.2639686401494687,0.06600073214850517,-0.30150202693987666,0.24843958810999986,4.01685277088503,8.122166896264334
17,12.0426229124552,5.60784062566509,2.99243514841345,-0.765163094272517,1.26019309582406,3.70619123487203,7.36105871556131,3.70204676266978,3.39621699504058,24.1850614986197,9.97947001827082,-1.94779633765139,0.880636859033107,-0.895095719422773,9.49950382836868,8.18404412235081,16.0133183402485,39.330195534029,7.27430793588672,15.2437873735526,10.9475080651699,11.538112186794,8.86199226990425,8.78375708623595,9.9311952577767,11.680418307906,11.8554796790561,8.65809042621465,-5.01101789259749,-3.59479327282381,0.154207011913009,2.08374713499576,-0.631336155636268,-2.48934992469121,-8.04637495868006,0.568363077972985,-3.40152805296279,-4.17526528340926,-0.353356356770892,0.42804709308296,1.22820625884271,3.50862388644353,-1.94323560934338,-12.1005782634732,-6.10639954199167,3.11593895722587,6.26474272436159,-3.22469920907907,-4.82697469368066,-3.32614703433063,-6.30116580318405,-3.62812381299409,-5.58369910983677,7.05089939671957,1.07172230852333,4.16210703768362,0.455812436713666,-0.30683876297320584,-0.07854817673784008,-0.011031772751900717,0.0578410484138287,0.27330018642271425,0.05858549228826164,0.008770723023412466,0.08587198410826084,0.12522927413285737,-0.4481819523150888,-0.10485869648784132,-0.21572850241041888,0.029722111080651033,0.26471155394090645,-0.33152798858644555,-0.32012156544955783,-0.22604595845443684,1.2876149857324688,-0.5960351503109393,0.21666220039496092,-0.017400869634572876,-0.1765467313448357,0.02828594853871886,0.16307174883403333,-0.036657429129637834,-0.19445365617127722,-0.07377153736677555,-0.1986687737041435,-0.14378564763519036,0.6812324286222583,0.009030066251510491,0.08881865500359112,-0.11029193015763887,0.28789112095437003,0.34933463739708326,-0.08425239716241632,0.19327140881328728,0.08768382937470048,0.23808261583823606,0.07475568105684573,-0.03976571492728413,-0.18070437597706202,0.00972481558152536,0.3091098304146512,-0.03987639481611796,-0.03351304666270312,0.0977175685532495,0.01036000436434129,0.24397510479951856,0.3428907365565317,-0.012233923797588236,0.20533391346693244,0.1535766066881893,-0.2512069397124053,0.17137440749695312,0.012836495608622591,-0.10396441416331398,1.8420388751033911,6.270581754034387
