,Cov_0,Cov_1,Cov_2,Cov_3,Cov_4,Cov_5,Cov_6,Cov_7,Cov_8,Cov_9,Cov_10,Cov_11,Cov_12,Cov_36,Cov_37,Cov_38,Cov_39,Cov_40,Cov_41,Cov_42,Cov_43,Cov_44,Cov_45,Cov_46,Cov_47,Cov_48,Cov_49,Cov_50,Cov_51,Cov_52,Cov_53,Cov_54,Cov_55,Cov_56,Cov_57,Cov_58,Cov_59,Cov_60,Cov_61,Cov_62,Cov_63,Cov_64,Cov_65,Cov_66,Cov_67,Cov_68,Cov_69,Cov_70,Cov_71,C_0,C_1,C_2,C_3,C_4,C_5,C_6,C_7,C_8,C_9,C_10,C_11,C_12,C_36,C_37,C_38,C_39,C_40,C_41,C_42,C_43,C_44,C_45,C_46,C_47,C_48,C_49,C_50,C_51,C_52,C_53,C_54,C_55,C_56,C_57,C_58,C_59,C_60,C_61,C_62,C_63,C_64,C_65,C_66,C_67,C_68,C_69,C_70,C_71,Mean,Std
0,10.2848245221027,7.5961186947876,2.21535507302619,3.93651906033709,-1.03391612907377,-2.39426967833437,-2.91692181654825,3.44998212043455,-6.08979709736514,-1.00192545533416,-2.00278390758471,-3.33444135036063,-3.96515665879527,-3.36020933270522,-0.85494547798454,1.73557387680813,0.55897780007987,1.31590351275593,-0.098506702017168,0.383813830377175,-1.5236531486514,-3.53116878472964,-0.202582235896407,0.210417008903394,1.93443743404858,-0.21596324913841,0.0208071980608247,-0.708138187419839,-2.61492899739427,-4.32679107122335,-5.67102879680569,-6.44296558798641,-1.99665408369157,-6.58362047389836,-3.74107940699744,-3.21464020414822,0.57346032126837,-68.1235673146479,-33.74873664525,-1.26188782479544,-1.07302810659791,-14.2010959622266,-25.0357581170853,-13.5131520932241,-2.02047079037461,-2.62652312093353,-2.93373841437783,-1.3121613794868,0.710208843969343,0.9681888632200472,-0.035968711767567926,-0.048666143397678656,-0.1334228685091626,0.03583248715901338,0.0009966410176031435,0.16520023901925457,-0.06884876391868999,0.0465830342318914,-0.2843072490887168,0.1317535218829786,-0.05973926171951716,0.22228876164608083,0.3368338710768238,-0.14959368314990876,-0.31733778134639923,-0.05751908944344466,-0.15910529201437634,-0.01701968261865658,-0.0035417145564625215,-0.01736598635709909,-0.07406384587190531,-0.0097313689521092,0.23892704858779829,0.038550770091703476,0.11841183274153236,-0.07230426374274318,-0.15438594941974126,-0.04843840530679893,0.04621496022678536,-0.007493529472110551,0.038187395622036685,-0.13740036565788838,0.16481356457157856,-0.1581363762926368,-0.07648955526262786,-0.2535099480204668,0.21631761010272318,-0.3783462018239695,0.3470002859232193,0.07199802779524125,-0.03735040680776996,0.08314998780410927,-0.13685691972887692,-0.1111579744504226,0.18450980231892605,0.10005931015952067,0.12317762745639332,-0.37818545504947143,1.4986559139784947,3.205436713164487
1,7.5961186947876,24.4668100358423,8.4991824341577,12.5535646083416,5.28765898060617,5.84721881968009,6.95253725047568,4.59703661740428,0.196111237111543,-0.545999932884044,-3.85143526023314,7.33994044399697,1.98122836140124,0.578241815673894,-0.305442046602976,3.2516677407705,-0.488248379417929,2.96719079950991,2.02459832757542,2.53726888897443,-3.98323308402922,-6.15118412488058,-0.408265657086845,1.27468947171653,3.21049059550334,-1.00492412874654,-0.420732418272379,-1.17008212642195,-3.22940898530698,-4.93564736194443,-6.72747393265555,-8.27328438327524,-0.172257607028378,-4.63683181952847,-2.84464742215964,-3.22637308485247,3.44033871759309,-64.1749350467929,-31.2641547702896,2.02664612388836,0.431719553473653,-7.0470729622536,-15.9675016701276,-8.3853766277393,-0.81577999784366,-1.02382320897375,-1.04106821535452,-3.39065754927442,2.62246833320166,-0.0361897908749238,0.7006137758030854,-0.18107269556818642,0.06240683495526221,0.1861168478041809,-0.10035522767720065,-0.04229632417348857,-0.03809724588008623,0.042851540404784144,0.11797926600283119,0.049214710853855474,-0.12207327888669987,-0.0226008905984716,0.07945757731913923,0.006684901895741002,-0.2738636231499025,0.33538288598915467,0.027051833363173204,-0.06904519735239285,-0.14683741297808034,0.1991053894936813,0.05062913111292854,0.007726461544357344,-0.15874362152419755,-0.20409526154018107,0.22854440553583494,0.15751181017204027,-0.0064733649197589276,-0.07881368285227024,-0.15866745563886164,0.1023351298398061,0.04748309281877209,-0.19705972730391078,0.03556618334872168,0.11071006325400808,0.3374643099442847,-0.4164513556742598,0.006081756774842236,0.039303295641556754,-0.4605325141806583,0.13720573553213353,-0.12202272234756448,0.052504676246938754,0.01318832698146145,0.006929545514452048,0.08270934905139707,-0.2067159293041987,0.3684945634861368,-0.1331151906183805,0.6478494623655913,4.945382698623262
2,2.21535507302619,8.4991824341577,26.9078494623656,28.7820952861953,16.1669932554885,14.1510540285629,8.2730161345141,3.92766474911719,6.62686588407191,7.35613099032218,-0.371146308650091,36.1931804212074,20.2378951505694,11.4936452887914,1.97915897575629,3.25945911865693,1.83625197146992,1.49342881359859,-0.289553167807609,1.6129566738924,-1.3268222534104,-4.05881586002391,2.20581513814505,2.18614419736527,8.03053199605173,1.60537370610598,3.50341530564648,3.60300665879831,5.8024988156432,8.90492675179124,12.3526694408004,16.9054159581941,2.66465782255185,3.29525626775986,3.56550614481729,4.92923664289047,2.73301175807835,76.4948514980899,37.4233462151155,-1.09340345435585,-4.23976348580879,-19.6995929907289,-32.5144004080549,-17.5989113154062,-3.13816194089301,-2.90960737005679,-1.88594160653489,-2.47409701565401,4.40888828480076,-0.04952585524281157,-0.18199905402650837,1.2088423222453692,-0.58486308422723,0.184459825552791,-0.035608569867760016,-0.17200047681938538,0.12091029947443903,-0.025168676698019213,-0.15170745484483633,0.03007229705513793,-0.06653533111828507,-0.047437436991119346,0.09275845175442901,-0.057485315547049845,0.1753844223645032,-0.028054038919389894,0.14908982786747688,0.09318664174120217,0.20724410052832126,0.02271564641601125,0.1879991639740691,0.024358013785899895,-0.25262547964508336,-0.2767913712789932,0.12461980517706182,-0.21414926105452184,0.11039725374135308,-0.010311962035466003,0.2287997231393782,0.4454788637666543,-0.5546742127370533,0.24234254327386454,-0.08418919877118555,0.34843897222373543,-0.04847151439387401,-0.08635590525090854,-0.013917796735567329,-0.07064419007507615,0.518871187685158,0.1504289160302969,0.06622620457136391,-0.029623522658833345,0.04565307850295949,0.21019005329386978,-0.17620813907565705,-0.2596426958073582,-0.019590325626477386,0.05515939193967963,0.25806451612903225,5.186313667950058
3,3.93651906033709,12.5535646083416,28.7820952861953,53.1340867682198,41.0760755373153,35.9006788452718,29.4638384685873,16.1108149633206,10.4907559314603,8.69385452430024,-5.97819826904672,53.90188154479,31.4049263289087,18.5424771006004,2.37746167254855,2.04785897357346,1.51239570275893,3.0904435769282,1.39351310165252,3.38324506357063,-4.40925851211794,-3.67378755924116,4.38576098783903,2.69685660909957,7.3410904501121,-1.65862269432223,0.886564425248767,3.22703887538309,10.7129816648534,19.8592655957219,29.7027452264735,36.8409922084531,4.09081252641015,2.29449561243484,6.86224886145163,7.90874043342498,1.32996885060862,-58.7634977510386,-30.8755240040122,-0.368458633164379,0.425007289461683,-5.95258501949987,-6.64661657983767,-4.85428398835561,-4.08972322846075,-6.24072545241497,-5.81923592220367,-3.46952294694978,7.11232787785142,-0.13274317131743088,0.06146773952477114,-0.5861197447027312,1.1230600583920836,-0.5423807373816415,0.07971831389275351,-0.02913375440308599,-0.07410729672719349,-0.03841701689044111,0.3182394872408197,0.10010552799200217,-0.1074440335194517,-0.02301527495173825,-0.2347371740350689,-0.16604606649420411,-0.06035255767317677,-0.26506279881707134,-0.07160037261714369,-0.16693974847331305,-0.005354363894677365,-0.05565667231515742,0.11925543808888264,-0.20677890530028953,-0.026167722760051384,-0.40971160734164136,0.46881550069505634,0.07215243941921695,-0.19808912143687035,0.1606114508798546,0.1199473755455203,-0.2404217775006627,0.11578498575289395,-0.2694847823268532,0.14682259225937586,-0.07989180828261185,0.07872609643753901,0.03400887772290633,-0.06658594869158008,0.16294667595901333,-0.35799672553550754,-0.30550437032512395,0.10441186905756901,-0.024905798324629483,-0.030406430539153012,-0.10364467128088696,0.20204105150322102,0.21258503183867447,-0.15102616807450778,0.2939860185280011,0.5989247311827955,7.288627221104111
4,-1.03391612907377,5.28765898060617,16.1669932554885,41.0760755373153,54.1105951314217,51.7773321697672,46.5749544911814,19.7893594885751,5.47485099045074,3.62102540933913,-4.47509907018114,32.475892585555,17.0969007238396,10.6488585739989,1.21393929901487,1.43923267646015,0.836020711692731,2.1272556417931,0.737663960985914,3.85899788440226,-7.23149779878068,-3.53949036010294,-0.880271949587803,-2.95731498967545,-1.77664986774337,-1.76639514948024,1.7021305068805,4.74951342277279,24.2188693691655,41.9894077215633,60.2910896626422,73.6633483235329,3.7947604206289,2.20795514482069,7.86105628976304,7.97984314321305,-0.429249821051686,-62.4998409990559,-30.9461201311153,2.12674005080921,-4.49940257451272,6.10135950751828,22.6135654730296,9.75440181949886,-3.59940137177973,-6.12665154235968,-5.96130678215358,-5.96443824144322,1.83838724042876,0.031252933136825305,0.1891879871602599,0.1776929382666258,-0.542592156011642,2.3853492992395995,-1.3183209541922982,-0.09575721906805156,0.005387170977758824,0.0035575718284593404,0.3264866174759767,-0.03449407287158694,-0.16782736976182427,-0.01887512769719174,-0.1594651328455127,-0.13836803891502958,-0.47112112313641485,-0.32469632634334006,-0.017326356513558055,0.2529073265259697,-0.10813317433410018,0.30181582221309594,-0.08722648423976032,-0.17103599662240263,0.16574332196792382,0.2828907254787714,-0.4654931787962006,0.030403554059238374,0.11852404471396359,-0.02324160342578813,0.013076986592600594,-0.06273455453747619,-0.22216362815328586,-0.08638563021914133,-0.10936817636459709,0.18925694376227659,-0.03361061874584472,-0.33624401426583495,0.00846846014429716,0.08329095097220461,-0.0309860344227068,0.007086009366666568,0.1584507696175575,-0.06522922969166305,-0.056464404897469414,0.00810911156846788,0.06859726352473808,-0.049940828824515233,0.028676197199777338,-0.0799047014470417,-0.08037634408602153,7.355310675384267
5,-2.39426967833437,5.84721881968009,14.1510540285629,35.9006788452718,51.7773321697672,63.4960670549582,68.8003167573234,33.4950873654524,6.89923162688408,1.79014026751165,-6.97898382276976,8.76148786992548,3.99690271439326,4.16908870146883,-0.0740694283279509,0.91165875591745,-0.491343845106705,4.06443729899016,2.25816673053726,2.77545750356704,-8.01377506610935,-5.16974891198986,-4.59967431403497,-3.15227143452676,-0.55978491664407,-0.657265068651077,2.86319453131479,6.2974557217597,15.1855296432625,23.7958147508109,32.7189715974332,35.0691015402075,3.20748625951834,0.978051508353008,3.35405827699414,4.81139934401012,-1.65877454927243,-0.357369484733867,-0.525524052590029,-0.0057637299068304,-1.62638095192202,22.69948613325,53.4462296137692,25.2921344042982,-2.86696598901223,-6.24620733792911,-6.71592454734212,-6.55244330275283,0.625795517325071,0.0012028258233191637,-0.10147494879366407,-0.02424706813637793,0.07498866292924154,-1.328380209132912,1.8744754320430639,-0.7562779977129136,0.07843350346970246,0.11193302928909825,-0.15132983557955795,0.018238500397644148,0.07947679027309264,0.024215509124733626,0.10087706963680891,0.2598142730274714,0.08116702891100565,0.10668254171808834,-0.015561597861602874,0.29608298258099613,-0.02066196801314426,-0.0037784909337110293,-0.013084744931863682,-0.04607929948188328,0.04259135150892458,-0.14409249458233822,-0.05091946943022852,0.09083364991935469,-0.024153077725321725,0.026217753844272506,0.11930960448510652,0.09721257848006423,-0.07506164382854649,0.15207269307074434,0.1062014659304465,-0.09074787168750184,-0.2913108444516893,0.37878930685624096,0.03629449235515952,-0.1576124657918677,0.020736910349031874,0.002966417681014827,-0.3012887152579219,0.08642213842717679,0.05976794314038943,0.18828084233806114,0.26778968042412643,-0.21803461713875158,0.32641556306974806,-0.24410649067963,-0.375268817204301,7.9678144465692835
6,-2.91692181654825,6.95253725047568,8.2730161345141,29.4638384685873,46.5749544911814,68.8003167573234,90.3556943614762,48.3975334906004,9.1091570535762,-2.30026336401007,-10.3258403043211,-18.38483625288,-10.4340424645695,-2.74137054929112,-0.692051606501429,0.569140493390437,-1.4784443717401,5.86747970099243,4.91946723129003,3.03566458314647,-9.16916304290662,-7.54176605838147,-9.1314611895808,-3.53150714296218,-0.774205054223847,-0.807959879015579,2.27586152347767,4.67129066700443,3.51343033911102,2.47670103404697,1.3836181643379,-8.4255575257866,2.26730020863496,-2.48134612933288,-2.53949379744041,-0.618780182491286,-3.85527311392867,-9.39576909849464,-7.1163304923139,-3.91450194524313,1.55228099100566,36.6194146944531,79.4886224511855,40.4809691813697,1.91214123265762,-3.11314783286732,-6.74332909526549,-6.19684806680071,-0.797656658306842,0.16683023400281988,-0.04804181539919213,-0.17399697308616582,-0.02811286495762988,-0.10287754190605258,-0.7552194341815515,1.0328561567558467,-0.2877263967829453,-0.04367479408680894,-0.18368957607049746,-0.010499653752369052,0.03913244462459283,0.21003331433216518,-0.02796469438881813,-0.04341812109441869,0.11919307682991974,0.3243674467713057,-0.13281985730749382,-0.40132981920828753,-0.03087760011077154,-0.032561286417497746,-0.021186008534439096,0.2250436175029073,-0.0404417375162691,0.27801046624121434,0.17523413704622887,-0.3306726177348479,-0.02312613941181432,-0.09253192041687225,-0.2589375037037695,-0.186383123868413,0.42124855254378785,-0.15864018180820907,-0.030418830578893507,-0.2379187548558385,0.10310548669595329,0.04092225902275024,0.02340695595609615,-0.0065090744072784186,0.14286244863182976,-0.035009074972217766,0.1697532151487742,-0.04100754139464478,-0.048527732908157074,-0.18490546591951307,-0.23466925448098594,-0.05641470714477935,-0.09544697778246133,0.1506549117568488,0.3459677419354837,9.505035210954041
7,3.44998212043455,4.59703661740428,3.92766474911719,16.1108149633206,19.7893594885751,33.4950873654524,48.3975334906004,55.8037740607991,20.1792598242627,4.0368504838864,-11.0481594345294,-9.9464237484877,-4.82868190649198,-3.75309364173602,-4.37134503428718,0.0819125451279301,-0.0466750342261332,1.72843386922797,-0.72789910758882,-1.54318457811259,-6.3670827943961,-10.2353125343057,-8.62926107047175,-2.66667153097452,-1.21030147205959,-3.7900701426624,-1.64501811022405,0.15140277725403,-2.72747202283288,-5.21804960909587,-8.51606159126411,-15.8307287844864,-4.13549813226391,-7.95870488426848,-6.6034853128452,-4.37255254480115,-4.80354880966946,-15.1773116952776,-11.0751704186548,-4.06515115413261,-1.9233110877857,43.8206623518622,98.374308632019,48.1518039725743,-2.35395046114339,-8.79325392909857,-13.2109357554396,-4.51522586472477,0.462516301743797,-0.0689059311733303,-0.03623403244161401,0.12241810524322716,-0.07615613266597311,0.0065963382344929105,0.07775770416221557,-0.28851679854571255,0.5534714488027578,-0.04828231755271868,-0.21076993438979444,-0.03230969916466172,0.08359873684061297,-0.1516155097756146,0.22245202282059526,-0.20695017105689,-0.06161966753225345,0.011434674668035561,0.07296308521629684,0.21397410842197723,-0.04447645577469875,-0.006368886630897578,0.044614967365735364,-0.07507407441478502,0.007343945138327917,-0.14830039761297112,0.0006402512889031776,0.21039937642003884,0.0712616444827995,-0.010293391976570955,-0.015652243392838276,-0.014908125590676218,-0.01429271135741673,0.269440019489444,-0.06925186729504947,0.26907259967180946,0.017143407404487415,0.005078430428271158,-0.04550175600545459,0.06280110484259938,0.0238128838454073,0.035712168725549116,-0.012358907266891294,-0.006472787939759693,-0.03251856715673017,-0.13932314950644256,0.02841684010026293,0.556784188462093,-0.09809364791548349,-0.2586664303708356,0.8539426523297489,7.469523014276022
8,-6.08979709736514,0.196111237111543,6.62686588407191,10.4907559314603,5.47485099045074,6.89923162688408,9.1091570535762,20.1792598242627,115.055727548785,4.62856756754301,-9.23358939430092,16.0644801788674,12.6770633125635,6.68663351299479,-8.91094807826267,0.795268717599641,-2.6148134986108,-1.22967647406277,-7.00649586929453,-8.08902288933276,-7.95282643010172,-4.24473276347799,-1.63446351449185,1.17621735644754,-0.777707224856462,-4.03150393904632,-5.19035718552211,-2.12259446493533,-3.11334157325628,-4.26552578121193,-6.21603270376687,-7.84798733262262,-3.07731466156574,-1.53144609948063,4.92654782658412,8.43356788065439,-3.73706375174184,7.32036661410891,1.9946440923699,1.76848677914413,-5.29689032870786,11.1887532467598,35.4171981501923,15.0651400114257,-6.11436232145474,-7.19937622438861,-6.35767073109515,-11.1674499285045,3.23444468629705,0.04663695726147384,0.04317352968217866,-0.024878278981782603,-0.03852328349090812,0.003255623008143551,0.11135707188039547,-0.04368442882461446,-0.04829597993352178,0.1604466582219945,0.05152690732509162,-0.016368994288089026,0.028301558208105416,0.0028198595843070724,-0.09646802823274517,0.12540210715423272,-0.15568499586700582,0.07525062882206443,-0.029162950064443482,0.1051359586922893,0.03970499992503872,0.07595292113170715,-0.013950851261419043,0.04272714821625851,-0.0752007844169259,0.021770773580795835,-0.022544534076089404,0.025365991256519987,0.0639980403241027,0.015314477685512912,-0.02286964563852825,-0.003573482499749349,0.007847542817977076,-0.010309903757908395,0.042165311047289954,-0.07608818340777371,-0.07729491150143504,0.010472746451181233,0.005472098001124265,-0.014929037430298874,0.0026920931684745963,-0.03091409998273954,-0.054677751797495705,0.01031185162785772,0.018512183854544045,0.027249440699554407,0.05075672450585476,-0.0939686210125923,0.22583005030301306,-0.07731105353562165,-0.8552867383512546,10.725937140818296
9,-1.00192545533416,-0.545999932884044,7.35613099032218,8.69385452430024,3.62102540933913,1.79014026751165,-2.30026336401007,4.0368504838864,4.62856756754301,16.8725199123855,3.74370257112569,47.7428384563123,31.9277212963153,16.3759711239859,2.40165458985847,1.64195067074083,0.572300481069698,-2.97478475458169,-2.92277996759032,-2.02421548568468,1.4613499995402,2.74606859486179,6.23007872867509,2.01850716845719,0.705181999461125,1.06714051844678,0.976859892812442,0.61261383172286,-2.27483801149127,-4.88083509241195,-7.99909949506748,-11.5858933675701,-0.169699001340676,3.54264056383195,5.76746457782556,6.13104407786515,0.315880969309939,43.9322026833363,23.7214598927676,1.20442847037979,-0.767375347269456,-7.92859255125428,-11.2795536332945,-5.32933935500067,-0.0918887330947394,-0.642405471540229,-0.196790237373691,0.613165789610124,5.33976124044472,-0.282096737496231,0.11972953661048051,-0.15494030229776495,0.3174776816491108,0.3397702638517814,-0.15380746379141977,-0.18345604112086789,-0.20839771106527924,0.0523176342733959,1.8080736037138951,-0.23973437929292593,0.0019854715229412445,-0.8375995143028706,-0.03685413642896549,0.285978250539793,-0.22532510089657012,-0.48846198885103675,0.04672329125485445,-0.21415934778968132,0.2753786305889394,-0.04581349866117119,0.044316456795423,-0.08173161252543386,-0.46024325062479954,0.040318155648258525,0.1107968188958413,-0.20944101840739576,-0.016787112807046742,0.12283879809679966,0.006472587119147718,0.04502495732227537,-0.11768645940917653,0.07662518041592603,0.061430453425552624,-0.14076182914616772,0.17810698815073514,0.3507905075405969,0.09599222478505104,-0.21872642258623845,-0.4771404267026483,-0.20558109763864887,0.16698572731611214,-0.0518696826579855,-0.05037845934074838,0.07308848249359337,0.14883004788790666,-0.0017524949478662593,0.016877391467629434,-0.07773328981400834,-3.7410394265232974,4.106399872441249
10,-2.00278390758471,-3.85143526023314,-0.371146308650091,-5.97819826904672,-4.47509907018114,-6.97898382276976,-10.3258403043211,-11.0481594345294,-9.23358939430092,3.74370257112569,25.8402222720032,17.0972363676176,-0.342172152961108,-0.486340725499062,3.01661759437995,0.719167352750913,0.797933986162156,3.18080149123747,-5.03096886100559,-2.64275309793285,4.49283941307427,7.39015745156761,4.5075940590255,3.39989739475145,3.15422892643016,3.92930109593793,0.933479135835972,-0.459972740920103,-0.384880471503641,-1.44062367947413,-2.79252717056987,-2.83691484932978,3.29504090148284,5.36049657964535,2.67571252390162,0.307973341550247,0.625895887719247,46.4584705913024,26.3675231858107,2.33975844771124,-1.47944710628897,-26.5038254403482,-49.7074131626324,-24.1976169527756,1.83748888918076,2.35994437820374,3.61509623403957,2.05177771434085,-1.43358753659418,0.13086670034583447,0.04997409394423883,0.029120118103822104,0.10282682574075902,-0.032693477778806206,0.021720171033403957,-0.009816417989969696,-0.033535139128467735,-0.01610447234435025,-0.23911517146117925,0.7251247496018342,-0.3204283342583061,0.3524251091322508,0.24242362688962907,-0.5298046572589364,0.04750153296827434,-0.08781273029413925,-0.190865362036819,0.20559032228323837,0.007885420090003445,-0.005858172242654253,-0.2567547268240026,0.241285566817036,0.09983492895734002,-0.16958513425624458,-0.0898652906807576,0.1205386940015705,-0.15609547935349152,0.03536692157636964,0.17732452871955617,0.07628142948335834,-0.14421141028350465,-0.2409610854415479,0.04236985303335721,0.006747515515775762,0.15937721307411118,0.04716471578622049,0.01938004852847951,-0.02902715812064745,-0.15250156708157037,0.042886222710109355,0.06102338985577172,-0.03120118841665732,0.05408497038384238,0.0490827589307882,0.0016888404424130008,-0.19392802075694868,-0.08485583823783255,0.1284397756063476,-3.716218637992832,5.082344170951353
11,-3.33444135036063,7.33994044399697,36.1931804212074,53.90188154479,32.475892585555,8.76148786992548,-18.38483625288,-9.9464237484877,16.0644801788674,47.7428384563123,17.0972363676176,237.543043608124,142.090999416035,76.4367600348224,14.7905966513259,4.37414212785099,0.848880823765051,-7.70189395495895,-10.277123996144,2.33618599206558,5.0976198838593,-0.854777171100448,13.9893420385208,-3.80302743207253,-2.30856515254696,-0.588368492205604,-4.22543011196263,-7.95276913606169,-8.98505949839477,-12.5788727992718,-16.8213919071995,-23.6036043361623,2.82741681342941,12.4837706791462,24.1696365779105,33.2426931545685,4.49999667840613,11.8864366521495,5.75935888967889,-3.39261712528649,-9.67997703828239,-35.2237032737542,-61.1777543533165,-27.7383138330823,1.69065338303132,0.795690250474429,2.29912553570512,0.712503571380071,25.3464248606136,-0.0578241568015258,-0.12243169512118185,-0.06680799073193956,-0.11176575417469146,-0.1697161720395905,0.07315328538646051,0.038778369678338476,0.08393579060217149,0.02803765573869145,0.00010656135383884987,-0.3207880064273773,0.5785687923948739,-0.6038805269360799,-0.15688803049425043,0.1830443367384709,0.19561756029742058,0.07161297709200669,-0.26551050009679245,0.3656413005384392,6.577474814374689e-05,-0.08428100298443929,0.03699284607555966,0.05692582221485591,-0.08626473899630002,0.16633625746976,-0.039181929579628044,-0.027659534325366407,0.2736527361905191,0.02965648527248333,-0.07486791493680889,-0.20563070375167022,0.19798417269715304,0.23419304982989128,0.03359132668350411,-0.16256408692934907,-0.06752619283109165,-0.17336663532795393,-0.017613594876600525,0.010528996191370875,0.1306751438890346,0.023842742715915844,-0.06491166747065384,0.03766964332157143,-0.022183075419210583,-0.06692097997936193,-0.027190197140288544,0.25398187181245696,0.03859758228408274,-0.031146093278502453,-0.06505376344086018,15.41210704634912
12,-3.96515665879527,1.98122836140124,20.2378951505694,31.4049263289087,17.0969007238396,3.99690271439326,-10.4340424645695,-4.82868190649198,12.6770633125635,31.9277212963153,-0.342172152961108,142.090999416035,97.0403166069295,53.488029706144,11.4774673949431,3.08235282925287,0.0856704916463389,-8.16971616049352,-2.58528747623995,2.40589515489872,1.63799569427835,-0.152937580331144,10.0159343110973,-3.42256747620282,-2.31584990859621,-0.414460115608616,-2.64897589591268,-3.64973394657599,-8.44142955883379,-14.7793264019231,-21.379155015648,-28.7155434927979,2.82559752067737,10.990146624196,16.2069987397142,22.9230608437572,1.54370834196091,18.7653287894898,8.19412186525261,-3.83997885097533,-5.5302392513262,-14.7949439465569,-27.9438403103587,-11.5361205442169,2.17581964235442,1.5966665909296,2.56602840254712,1.15306192847298,17.9531517009426,0.22503883338305275,-0.020153211149179416,-0.03918338893751884,-0.022800648384402017,-0.023553770573309568,0.025270751792097704,0.21620702240896741,-0.15321558678710917,0.003206788012149542,-0.8400059829248043,0.3512833531848265,-0.6034814959704619,2.279093933035907,-1.5012561677823535,-0.20767626708078601,-0.06397998409315112,0.13545250344741494,0.5470310832112086,-0.3860826572886277,-0.13624203509440164,0.024928015904906606,-0.07050171815938416,-0.04366202797761267,0.37672389451476396,-0.028689776700408016,0.010619629871496714,0.11923702446364402,-0.2553670030792225,-0.16631621800032392,-0.03699945347446728,0.18024609095247582,-0.031046187983235832,0.013717578292553656,-0.03328906082505746,-0.032044698841740514,-0.2829856878063028,0.11609766470823506,0.0384933511770552,-0.03223510197164204,0.0612483821189245,-0.04996501202999569,0.07105657169928228,-0.009845264071288756,-0.02798377533975495,0.013220019916537559,-0.05784058989016548,-0.1431014559322734,0.1819165466768916,-0.1587196002852609,-0.8695340501792115,9.850396774086287
36,-3.36020933270522,0.578241815673894,11.4936452887914,18.5424771006004,10.6488585739989,4.16908870146883,-2.74137054929112,-3.75309364173602,6.68663351299479,16.3759711239859,-0.486340725499062,76.4367600348224,53.488029706144,31.0504191557149,8.04055232615212,2.27209099657129,0.650989830145662,-3.04891778697028,0.230739356202403,2.145460481074,0.724641908742992,-0.473761268842198,5.40808530210944,-1.61871071405007,-0.361422185350384,0.276650849846679,-1.78622448313605,-2.64747246112831,-6.34737915802881,-11.1204618995669,-15.9599986770776,-20.8851250291591,3.30467915922835,8.48655160798516,9.55531373761674,13.0703274273677,0.540820165907139,16.1776564417174,6.93727601990499,-2.95059283442489,-3.17569140307054,0.479376104757152,-2.46534631141511,0.765396236930088,2.53996934906846,2.46890648002934,3.28880038994075,2.32621531917676,10.8516016490415,0.3384144500857417,0.07827746706091367,0.09398686931164513,-0.23915469506218573,-0.16149078684962864,0.1081330739176902,-0.027665611025275313,0.2225643236586696,-0.09661152750612777,-0.03231082494997207,0.24173343458998858,-0.1578315908591664,-1.4997231590763165,3.648463909635641,-0.550737244126518,-0.365036220052085,0.009360611179118846,-0.1386984183865307,-0.14367066210939414,-0.10214846450981853,0.04170398337008071,0.08183556537989463,-0.17253716804540958,0.08904736289407243,0.08221036920612927,-0.10339976359650045,0.0030721105287258256,-0.13901428849222058,-0.09107416411212166,-0.1427529104195863,0.047958028249012366,0.13054645536697276,-0.5093840291051125,-0.06911822941001408,0.07204111840426006,0.14103690200624508,0.3156484581638232,0.07610369204192018,-0.14981788332057971,0.2718963155062505,0.0895822197824756,-0.07850916175770747,-0.014215709071642869,0.013232931894259631,0.037284394903766165,0.0018847977451326187,-0.09130310215826476,-0.28091282287776,-0.21550861825614104,-0.598745519713262,5.571392927779808
37,-0.85494547798454,-0.305442046602976,1.97915897575629,2.37746167254855,1.21393929901487,-0.0740694283279509,-0.692051606501429,-4.37134503428718,-8.91094807826267,2.40165458985847,3.01661759437995,14.7905966513259,11.4774673949431,8.04055232615212,5.75151732377539,1.80742397438987,0.987044089148975,0.760567606012536,2.07061505516905,1.95039496244344,0.512313006130886,0.0837876539794526,1.35615561069619,-0.611162982536614,0.674292576814073,1.51031012890384,0.0969740843883034,-0.462507466428577,-2.56726115286902,-5.76554982861678,-8.79343604832229,-11.37315207282,2.67293354634665,4.77483787582471,1.87751880605655,2.83370228615767,0.272119626563352,18.1668541678912,8.34765334104889,-1.83749204437086,-0.850240751591597,-3.46141710549545,-15.6413979847582,-6.40760468758113,2.6553093233089,3.11828009008205,3.6382537433999,2.96758022316262,3.30429048210234,-0.1465656647654506,0.005342475711444279,-0.05923136076081179,-0.16468065331862036,-0.13701325741170076,0.260742938002505,-0.04249722682786681,-0.2056557088046176,0.12492607090620911,0.2860916967250237,-0.5300045483700189,0.1821091279884491,-0.20695449539573066,-0.5464373108943043,2.8271397676629637,-0.387627823783908,-0.24440905760874176,0.21519283497532352,-0.3811871204389678,-0.14448804567088838,-0.06901879240990665,-0.15126487787640286,-0.004956786132399793,0.3082017975931305,0.2500983090300392,-0.07692167264949475,-0.1621943955586871,-0.04968685022874923,-0.4538351858403322,-0.05917053582918007,0.1531233694685065,0.11286664213918071,-0.06368870172603114,-0.41607237578295864,0.07123602281573935,-0.1388859076028531,-0.08313630032569638,-0.03954234313672097,0.11401699337867112,0.13506734909390575,0.2731273799230366,-0.48552503165791006,0.16869319796291518,0.1660929126428555,0.008315938302747789,0.12895115374142166,-0.4984165576140398,-0.09729105645327549,0.0726852972053907,-0.6989247311827957,2.396146348572096
38,1.73557387680813,3.2516677407705,3.25945911865693,2.04785897357346,1.43923267646015,0.91165875591745,0.569140493390437,0.0819125451279301,0.795268717599641,1.64195067074083,0.719167352750913,4.37414212785099,3.08235282925287,2.27209099657129,1.80742397438987,3.91819892473118,1.475081989718,1.18376915574482,0.90469295987548,1.00307741715679,-1.57665993282794,-1.34470394243601,1.30430918747417,0.477384178868251,1.2037124487225,1.50099859360435,0.85380550745182,-0.845914093374333,-1.02451616724234,-2.40661861082705,-3.65907984052138,-5.16561274633613,-0.769389779430886,-0.89794411642456,0.313688591002528,-0.297899455845975,0.177833908349439,12.4574869309744,6.05226900464065,-0.42613090326647,-5.05258096080866,-9.60928404480143,-17.1301327012111,-8.70222160693602,-0.19972672851663,0.53626450912035,1.25825365896093,0.187029171494081,0.880899722226705,-0.3243073536992249,-0.2718949102286677,0.17991921468130265,-0.059718168669859496,-0.48134466122048314,0.0780073299017118,0.1212234037328018,-0.05973940950948283,-0.15469375875458094,-0.2163216770303835,0.04189963061123506,0.19982586653797374,-0.07126747371587733,-0.36692090641471237,-0.3985254161724434,2.7499761439660855,-0.11244264724036025,-0.23578780476083291,-0.06406597356275866,-0.04543214340816325,0.06723964614717876,0.1856235317443443,-0.05785196728664246,-0.016970086570795618,0.021494386620605804,-0.4158740655665174,-0.019811568207076684,0.26931223298313384,-0.06652873471926812,-0.06844765665882266,-0.006819686756789993,0.09724182132916727,0.40621889981897596,0.07739961145051577,0.012482900324573418,0.37333871425436027,-0.23583388770302266,0.07595179482229113,-0.23146184449718743,-0.1148759492885725,0.4652738301358334,0.13222737196328935,0.0043392522120908284,0.0009008662273087203,-0.09247728563143451,0.06101849876257767,-0.38654095174678604,-0.6829900175692706,0.3218343634557027,-1.685483870967742,1.9769165194138025
39,0.55897780007987,-0.488248379417929,1.83625197146992,1.51239570275893,0.836020711692731,-0.491343845106705,-1.4784443717401,-0.0466750342261332,-2.6148134986108,0.572300481069698,0.797933986162156,0.848880823765051,0.0856704916463389,0.650989830145662,0.987044089148975,1.475081989718,3.43311827956989,1.74179510692202,0.607297341698293,0.0941398993785563,-0.722392558495224,-2.65801028186395,-0.700636907404729,0.253212964906125,0.754512219998095,0.810932231778632,0.524341093151327,-0.538119243425659,0.558986570087312,0.524828742525621,0.693972935197283,1.54350302361461,-0.411255031279408,-1.15430767327826,-0.905086268365954,-0.677967796235805,-0.550619203052509,2.76838303587968,0.766944167770297,-0.0392107965066946,-3.09156465748609,8.10692931621423,15.4589928575765,8.14536226289151,0.86726299945399,1.55561095838508,0.730995843429763,0.470465569342434,-0.136568202368222,-0.05711870915686104,0.3343414926959565,-0.028729278412311803,-0.27120807630360944,-0.32950771253925787,0.10464321001447338,0.3276604133382237,0.009319975378398638,0.07450643952113743,-0.49611474264958094,-0.08542801710653244,0.06975709130963899,0.13554381529337545,0.008298225877549739,-0.24192237820616438,-0.11048232301042414,2.529871761263683,-0.4186812060101111,-0.2255947907822813,0.2236477744146329,0.2611276277329253,0.2951179336080194,-0.1792300768580979,-0.279156349637154,0.14247860684579572,-0.10685163514308219,-0.39700284803286984,0.17122346729570015,-0.02966624919544318,-0.01554209699843253,-0.009534646452802975,0.0440822025781877,0.0022314306308131547,0.13494783566743787,0.33866913889541306,0.034885978265351746,0.07011474700168432,-0.2520551218499927,0.49018439536472896,-0.29959339964977455,0.2647984511527399,-0.1483441524795139,0.08818494715332816,-0.11408025255268658,-0.1898717713144807,-0.40773009764432727,-0.014904610234501722,0.5628409988622868,-0.06825608032915834,-2.338709677419355,1.850167095040308
40,1.31590351275593,2.96719079950991,1.49342881359859,3.0904435769282,2.1272556417931,4.06443729899016,5.86747970099243,1.72843386922797,-1.22967647406277,-2.97478475458169,3.18080149123747,-7.70189395495895,-8.16971616049352,-3.04891778697028,0.760567606012536,1.18376915574482,1.74179510692202,5.9783990442055,2.45977419358187,0.861613253956823,-0.271476546374451,-1.69083611989084,-0.995235510463056,1.85161880938225,3.57022673874146,0.63318925464477,-0.822243018312972,-1.39456982426382,-1.64937030134656,-1.80682609475231,-2.27784785234637,-2.88490901811019,1.25786197888682,0.564163940254751,-0.947951916896323,-1.66510650799197,-0.579690129653513,-6.41270958937817,-3.54487709276565,-0.223145847775105,-1.0700034873714,9.06074651112855,12.9336566162016,6.38933173287483,0.0163388881012399,0.821155689349697,0.779554806140074,1.083608872411,0.0433394978416686,-0.16280488930014908,0.031057074263883103,0.15433399304836423,-0.0692813683910177,-0.018876976317595176,-0.019994289721563255,-0.1358319439086321,0.07493936400452807,-0.029659550895310062,0.04893909974981851,-0.19276873917239648,-0.26514268760462867,0.5468550512258592,-0.14046765709486836,0.21592322895610908,-0.2379149032656982,-0.4139886580530715,1.951610434163953,-0.7392046110050517,0.21108608229661988,-0.012286645838213596,0.1749168952990174,0.03276595209341352,-0.19000935939964703,-0.43387919248211143,-0.10570433763234956,0.5977898526902,0.1984577577781473,0.0010627125102379614,-0.30830149602019974,-0.07198850812616099,0.20385295168833703,-0.17424288812560917,-0.11048698301198061,0.39191095239329987,-0.14638955539679774,0.046094047378548074,0.10644052787154869,-0.22588892317556114,-0.02260589770524678,0.06187893743133445,-0.1612382982273227,0.017288099478997822,0.12066445496533204,0.3658154346172435,-0.318006210977962,0.09282536282857765,-0.08692981021479909,-0.11789767056289617,-2.010752688172043,2.4430307088134393
41,-0.098506702017168,2.02459832757542,-0.289553167807609,1.39351310165252,0.737663960985914,2.25816673053726,4.91946723129003,-0.72789910758882,-7.00649586929453,-2.92277996759032,-5.03096886100559,-10.277123996144,-2.58528747623995,0.230739356202403,2.07061505516905,0.90469295987548,0.607297341698293,2.45977419358187,6.04775388291517,3.93139808790527,-0.281981669192309,0.735818415406054,0.551786773463421,0.730590753225336,2.22585594474278,0.325948600372671,-0.460936987556378,-0.621182926813174,-1.12858035164357,-1.19484208035629,-1.40998627129414,-2.77093390459182,0.974307220481838,1.44368882024277,0.166012887663427,-0.60967305910305,-0.3439612951464,-2.7286415823826,-2.99956792768649,-1.87897727835713,-0.873599945898686,7.84296536012206,9.81653249064183,5.1448292244771,0.485588455009462,1.68734186756502,1.57289131378466,0.953043701040797,0.419778087532851,-0.018538114175654354,-0.06588791431136777,0.09556482854907485,-0.17022213891047547,0.24705896973736563,0.29416688168998667,-0.4001073771986586,0.2150528417309355,0.1034547275537693,-0.21788253112568862,0.20515239629094983,0.3696180137710149,-0.38765096455511233,-0.14057429572440722,-0.3825573144548707,-0.06123672724787073,-0.22448986939576052,-0.7408270629897659,2.2974178415508217,-0.7092433291392418,0.1975901572787668,-0.16122389047204105,0.17489404696814417,0.0647427160006058,-0.1218735650395005,0.10480079787047078,0.09895899337951182,0.12268546234741397,0.2470741583134449,-0.024438944300078553,-0.42848451088434875,0.2239405964391734,0.15599169245902542,-0.22747561651309284,-0.1114011921759704,-0.03323440374899165,-0.13124713290555398,-0.09990447848405468,0.1982404171961501,0.031212769128727835,-0.04152545765659704,-0.061075120086980066,-0.028394250756623017,0.07077354877565296,0.4518552141913211,-0.12719207262955934,-0.004008376149489999,0.24515955525958322,0.032669710627675354,-3.0537634408602146,2.4571841369574186
42,0.383813830377175,2.53726888897443,1.6129566738924,3.38324506357063,3.85899788440226,2.77545750356704,3.03566458314647,-1.54318457811259,-8.08902288933276,-2.02421548568468,-2.64275309793285,2.33618599206558,2.40589515489872,2.145460481074,1.95039496244344,1.00307741715679,0.0941398993785563,0.861613253956823,3.93139808790527,6.12989247311828,1.36459529957465,2.00184628802493,1.4634228939766,0.877589449124202,2.42221179954205,1.07221298302831,0.123061063918387,-0.894138266361344,1.57155000747153,4.1057465787894,6.43333055067433,7.13229497937814,0.157204377509516,-0.375468385043439,1.42107132973024,0.304785122018063,0.305861531766138,-11.4635046140118,-7.13824156722894,-2.84017915284723,-2.69719410166177,0.595137656898521,-1.26406843128762,0.149084858954851,1.63143105218322,2.30303818146188,1.39738079442168,-0.0238458194053057,0.432894247923432,-0.0012488399886613313,-0.14754152820706223,0.2018857869101931,-0.006124369898613451,-0.10223797536066971,-0.027316854669174283,-0.03133787941943639,-0.045271425961488795,0.04105056538593357,0.2734738557509712,0.0073814529360130285,0.0005024621864851609,-0.13499485557885604,-0.1027573107257619,-0.14026183269077888,-0.04272997223216154,0.2267335851715606,0.21080350699402892,-0.710181000460069,1.7242453277622012,-0.31228007807923597,-0.02512627525944595,0.10017079762876506,-0.22379556630668304,-0.0876440369132114,-0.316701233626807,-0.03666315498833158,0.052332439782044486,0.4608111969239958,0.3428874036338494,-0.12615927529026383,-0.2837879761261524,-0.0442035974210527,0.3192470146309365,-0.06343235864177335,-0.03171110146819085,-0.3152929601063949,0.0026355735436665384,-0.04475417228760825,0.3524006020335595,0.21477771626560324,-0.18157642492966486,0.06992562445275538,0.06782059797572067,-0.2910790424765362,-0.09674759523882064,0.19693006611583877,0.13476123291900405,0.17954347585261116,-2.8548387096774195,2.473841642692248
